0.0383082238108477,-1.9999999999906684,0.7999999999993654,0.49999999999969025,3.4193457968250485e-09,-1.813976506025524e-07,-3.4257007727367586e-08,0.20416019876024222,-3.367894911516654e-09,-6.359562944838128e-10,-4.958024924790752e-10,0.01018618603508701,0.13330371775763683,-0.0012447680988598264,-1.813976506025524e-07,-3.4257007727367586e-08,0.20416019876024222,-3.367894911516654e-09,-6.359562944838128e-10,-4.958024924790752e-10,1.408045403392525,1.2659266989354503,3.5676593600143,3.7725287364597535,0.9999999999904792,0.9999999999999741
0.07661644762027416,-2.0000000001151492,0.7999999999746957,0.4999999999805594,0.0003902181176377649,0.05176962547266595,-0.003958440609889638,0.32771530331159265,-1.0316699748901824e-08,-1.9482368099954707e-09,0.00782101409133507,0.019586820450136475,0.2597212896461185,-0.002446701492185024,0.05176962547266595,-0.003958440609889638,0.32771530331159265,-1.0316699748901824e-08,-1.9482368099954707e-09,0.00782101409133507,1.5353958451459795,1.408030871767667,3.5046212063602837,3.6898003363493435,0.9992007536036701,0.9993350448760063
0.11492467142970043,-2.000000000505828,0.799999999899755,0.500299609138638,0.0011400956078075463,0.15392513293396584,-0.011677429655056672,0.4127686744894221,0.001983192082579597,-0.0001516427770065121,0.020375205276196896,0.028054295317513862,0.37488964976041467,-0.003554080317548849,0.15392513293396584,-0.011677429655056672,0.4127686744894221,0.001983192082579597,-0.0001516427770065121,0.020375205276196896,1.673857738062235,1.5608930596325201,3.411070313293583,3.5781129988217795,0.9984015147001638,0.9986743283954223
0.15323289523912648,-1.9999240279351396,0.7999941907340076,0.5010801470623546,0.0022130023210508803,0.3027186509558895,-0.02285431563418098,0.4776198596093772,0.007879790524907802,-0.0005989843656908995,0.03618764003972312,0.03564028171570952,0.47660509604133866,-0.004589896517062415,0.3027186509558895,-0.02285431563418098,0.4776198596093772,0.007879790524907802,-0.0005989843656908995,0.03618764003972312,1.8191378687346906,1.7200440948636662,3.301431765779375,3.4514843695444215,0.9976022661941123,0.9980145962927981
0.19154111904855214,-1.9996221671516183,0.7999712447065623,0.5024664312759417,0.0035743331642525715,0.49327522553568953,-0.03719064575102101,0.5289032219336034,0.0194764043568037,-0.0014744926039418564,0.05448440851700492,0.04239017930832909,0.5636718908894015,-0.005565967647351338,0.49327522553568953,-0.03719064575102101,0.5289032219336034,0.0194764043568037,-0.0014744926039418564,0.05448440851700492,1.9686522239711473,1.8829933269715486,3.1828106242241523,3.3162743993054504,0.9968029511237403,0.9973545749664823
0.22984934285797737,-1.9988760606900111,0.7999147595135805,0.5045536321913195,0.005191734920736792,0.720055867504294,-0.05439458928356286,0.5687370968699312,0.03837290209579517,-0.0028992001848966607,0.07474575151580201,0.0483266717863275,0.6353965753575128,-0.006481627631685476,0.720055867504294,-0.05439458928356286,0.5687370968699312,0.03837290209579517,-0.0028992001848966607,0.07474575151580201,2.1206347081900008,2.048102965013925,3.059190554733314,3.175899094259179,0.9960034400614305,0.9966937478904953
0.2681575666674021,-1.9974060629638328,0.7998036963037268,0.5074170091689459,0.007034584613742671,0.9770642176444473,-0.0741714250853727,0.5974310133297301,0.06595696342265109,-0.004982960285079578,0.09653305951077654,0.053453587701130956,0.6913783815507747,-0.00732779493252826,0.9770642176444473,-0.0741714250853727,0.5974310133297301,0.06595696342265109,-0.004982960285079578,0.09653305951077654,2.2737409437620335,2.2141451159120145,2.933111311287402,3.032460247611545,0.9952035011619756,0.996031707884694
0.3064657904768262,-1.9948793688428128,0.7996128079455932,0.511115019217418,0.0090734342393283,1.2579670193977357,-0.09621478372133623,0.614651574605255,0.10338655814721234,-0.007824335837376272,0.11941958047940132,0.057759734518167634,0.7314119790215375,-0.00808923042077097,1.2579670193977357,-0.09621478372133623,0.614651574605255,0.10338655814721234,-0.007824335837376272,0.11941958047940132,2.426845557437393,2.380092201185725,2.806380489729039,2.8874007155437105,0.9944027728555586,0.9953679382225581
0.34477401428624965,-1.9909188134300428,0.7993130715368799,0.5156897712333428,0.01127939183933005,1.5561850445596022,-0.12019975025870272,0.620000861352893,0.15157704026964638,-0.011510153305784053,0.14296579056345105,0.061221388675630546,0.755438426855617,-0.008745581874976992,1.5561850445596022,-0.12019975025870272,0.620000861352893,0.15157704026964638,-0.011510153305784053,0.14296579056345105,2.5789225059472316,2.5449986943354768,2.6804097212612152,2.741809502370476,0.9936007393006259,0.9947017475930625
0.38308223809567227,-1.9851121662427123,0.7988721380076717,0.5211665367349979,0.013623392275582187,1.8649734364510862,-0.1457773818385585,0.6133215783352625,0.21119172524357613,-0.01611479224033777,0.1667169223214268,0.06380390460502464,0.7635199455539744,-0.009271859669398773,1.8649734364510862,-0.1457773818385585,0.6133215783352625,0.21119172524357613,-0.01611479224033777,0.1667169223214268,2.7289617040319643,2.707919564945177,2.5563889824271206,2.596583840568218,0.9927967083559311,0.9940322534274394
0.42139046190509405,-1.9770217863611579,0.7982548089396037,0.5275531659077315,0.016075355115264763,2.17749466004475,-0.17256988638189988,0.5948409075820463,0.28263554504341365,-0.02169926480993671,0.19021218261067124,0.06546294321541164,0.7558282706664586,-0.00963871299342587,2.17749466004475,-0.17256988638189988,0.5948409075820463,0.28263554504341365,-0.02169926480993671,0.19021218261067124,2.8758989493895624,2.8678398563412117,2.4353835352380075,2.4525274685568874,0.9919897915418828,0.9933583782627178
0.4596986857145149,-1.9661945206410136,0.79742354864649,0.5348398567700533,0.018603265940369356,2.4868791728892896,-0.20016556165701432,0.5651934467652381,0.36605149782144425,-0.02831011063996472,0.21299948122856469,0.06614574602630453,0.732642101656768,-0.009812725040591892,2.4868791728892896,-0.20016556165701432,0.5651934467652381,0.36605149782144425,-0.02831011063996472,0.21299948122856469,3.018545333487481,3.0235998776204758,2.318389836315918,2.310419611389372,0.9911788852336507,0.9926788475621782
0.49800690952393467,-1.9521717379326915,0.7963390385917599,0.5429994885678099,0.021172249257790727,2.7862645466070695,-0.22811248412408935,0.5253350040869526,0.4613194217602696,-0.03597809777457083,0.23465103828213368,0.06579287773185742,0.6943518734085641,-0.00975687776438959,2.7862645466070695,-0.22811248412408935,0.5253350040869526,0.4613194217602696,-0.03597809777457083,0.23465103828213368,3.1555057938673325,3.173803139333717,2.206367303947962,2.1710718721401725,0.9903626521493193,0.9919921849276339
0.5363151333333533,-1.934499410272398,0.7949607815697207,0.5519885530589671,0.023743730638164266,3.068802182640203,-0.25590991198075247,0.47634615227564375,0.5680562676003339,-0.04471668186979676,0.25477568919292853,0.06434093706246066,0.6414716304787292,-0.009431294516445527,3.068802182640203,-0.25590991198075247,0.47634615227564375,0.5680562676003339,-0.04471668186979676,0.25477568919292853,3.285077873840301,3.316693532812423,2.1002544398784986,2.0353832396304274,0.9895395020581483,0.9912967028776964
0.5746233571427707,-1.9127381836331037,0.7932477649123969,0.5617485571812738,0.026274816197317384,3.3276233268537863,-0.28299662200929265,0.4191210733670589,0.6856166284357542,-0.054520136052648806,0.27302366420442215,0.0617269058051803,0.5746588986798657,-0.008794314157410232,3.3276233268537863,-0.28299662200929265,0.4191210733670589,0.6856166284357542,-0.054520136052648806,0.27302366420442215,3.405124508650178,3.4499875326296197,2.0009742730675124,1.904400757666583,0.9887075705310879,0.9905904879194133
0.6129315809521869,-1.8864734283799771,0.7911591953381453,0.5722076088143646,0.028718050824280774,3.5557686731582425,-0.30873654807237516,0.3539519531606907,0.813091967589965,-0.0653612339855029,0.28907944808563757,0.0578950934957727,0.49474434027899683,-0.007803845618103712,3.5557686731582425,-0.30873654807237516,0.3539519531606907,0.813091967589965,-0.0653612339855029,0.28907944808563757,3.512925921223541,3.5706543341316124,1.9094329323574035,1.779392691158964,0.9878646944839355,0.9898713787001573
0.6512398047616017,-1.8553253193045303,0.7886553225579579,0.5832817290097911,0.031021753152217516,3.746126624906899,-0.33240597774698183,0.28008950484743594,0.9493071497311725,-0.07718838276678916,0.3026387187245992,0.052808047084205015,0.40277332173999897,-0.006418776767037706,3.746126624906899,-0.33240597774698183,0.28008950484743594,0.9493071497311725,-0.07718838276678916,0.3026387187245992,3.605053838473038,3.6746779538152956,1.826515058162673,1.6619407704789524,0.9870083832216092,0.9891369358324656
0.6895480285710149,-1.818959048545571,0.7856983727152468,0.5948752807795294,0.03313116380935073,3.8915389405271443,-0.353197904780677,0.19558400422605357,1.0928146068916096,-0.08992226535746409,0.31336845016255205,0.046463121455538436,0.3000597091954944,-0.004600090540694741,3.8915389405271443,-0.353197904780677,0.19558400422605357,1.0928146068916096,-0.08992226535746409,0.31336845016255205,3.6774138697182064,3.756983730179829,1.7530796255980745,1.5540559681887867,0.9861357836829737,0.9883844015284474
0.7278562523804266,-1.7770952619995923,0.7822536104483079,0.6068798695025938,0.03499067072940437,3.9854632620453123,-0.37028375046945833,0.09819156556811622,1.2418925515832735,-0.10345264974235135,0.3208609259696769,0.038915439111541064,0.1882435305185524,-0.0023120591465898227,3.9854632620453123,-0.37028375046945833,0.09819156556811622,1.2418925515832735,-0.10345264974235135,0.3208609259696769,3.725785059385761,3.8120702401022486,1.6899584090654844,1.4583122297274387,0.9852436386139771,0.987610646308185
0.7661644761898367,-1.7295205641835287,0.778290523188145,0.6191714816657548,0.036547316972689314,4.023651666152807,-0.3829868966783001,-0.01171450337950043,1.3945685702046746,-0.11763756252783913,0.3246224704394713,0.030302012168883667,0.06932048128869783,0.0004722016874975392,4.023651666152807,-0.3829868966783001,-0.01171450337950043,1.3945685702046746,-0.11763756252783913,0.3246224704394713,3.74718623360135,3.8360900354217073,1.6379558973301283,1.3779588578093118,0.9843282364465855,0.9868120990424704
0.8044726999992451,-1.6760971192760017,0.7737840371142991,0.6316071919163297,0.03775539756140194,4.0061490270240965,-0.39101860213251804,-0.12767103768381213,1.5487075187574981,-0.1323091102813665,0.32417370862214967,0.020849557064731912,-0.05441891552239927,0.0037493407084439,4.0061490270240965,-0.39101860213251804,-0.12767103768381213,1.5487075187574981,-0.1323091102813665,0.32417370862214967,3.7414957854504216,3.829463448576301,1.5978442655082818,1.3168829209292126,0.9833853516167136,0.985984654558452
0.8427809238086517,-1.6167688850297832,0.768715510105502,0.6440257108987718,0.038580931438228105,3.937237559882338,-0.3945437963500182,-0.23777005707716634,1.7021759722933476,-0.14728833840499922,0.31928285793668737,0.010854496953840498,-0.18056600136823728,0.007445963279778598,3.937237559882338,-0.3945437963500182,-0.23777005707716634,1.7021759722933476,-0.14728833840499922,0.31928285793668737,3.7116300282582464,3.796743877386223,1.570342484030104,1.279135245209077,0.982410173520122,0.9851235498109172
0.8810891476180562,-1.5515615469180457,0.7630731554732744,0.656256870078545,0.039004243258692936,3.822903016289344,-0.39399381945422907,-0.3297427420049199,1.8530045499229906,-0.16240261045768767,0.31017430937525386,0.0006591698950037411,-0.30678526404779494,0.011393499128650585,3.822903016289344,-0.39399381945422907,-0.3297427420049199,1.8530045499229906,-0.16240261045768767,0.31017430937525386,3.662005556182384,3.7438187216749257,1.5560691184167927,1.2677251830966807,0.9813972205732772,0.9842231949499742
0.9193973714274589,-1.4805762338978292,0.756851799924558,0.6681390969414623,0.039020566354001224,3.668268996086199,-0.38983689572261115,-0.3954730264329854,1.999453174267683,-0.17749581387236785,0.2975424506153771,-0.009369161832309915,-0.4309220602525775,0.015349412605564978,3.668268996086199,-0.38983689572261115,-0.3954730264329854,1.999453174267683,-0.17749581387236785,0.2975424506153771,3.5969917175270565,3.6758611042139653,1.5554672825774998,1.2831332219291465,0.9803402329981661,0.9832769371219039
0.9577055952368595,-1.4039807341998425,0.7500522505614532,0.6795374197318967,0.03863966937027186,3.476632044959476,-0.3824747403569193,-0.43221292413511186,2.1399780439580973,-0.19242977292238916,0.2823925814086591,-0.018883999359199887,-0.5510552499233153,0.019055056620112372,3.476632044959476,-0.3824747403569193,-0.43221292413511186,2.1399780439580973,-0.19242977292238916,0.2823925814086591,3.520251048535158,3.5968404879319045,1.5687164013760133,1.3229955742303592,0.979232035991465,0.9822767203400061
0.9960138190462579,-1.3220019763431652,0.7426806077527214,0.6903553779420998,0.03788435682074348,3.2498703247000864,-0.3722555628249915,-0.44124749801488955,2.2731616424348586,-0.20708170087695688,0.2658352719780781,-0.027616060056988877,-0.6655296388170027,0.02229461814755389,3.2498703247000864,-0.3722555628249915,-0.44124749801488955,2.2731616424348586,-0.20708170087695688,0.2658352719780781,3.4346768734907154,3.509698248142057,1.5956605425473922,1.3833586530326991,0.9780643648680994,0.9812125767040418
1.034322042855654,-1.2349211913884857,0.7347476756086883,0.7005390550369796,0.036787524027163225,2.989188041257219,-0.3595086467132147,-0.4261002414796641,2.3976584021808285,-0.2213421502915023,0.24893186406929477,-0.035400249526052016,-0.7729594424222713,0.02492410449150644,2.989188041257219,-0.3595086467132147,-0.4261002414796641,2.3976584021808285,-0.2213421502915023,0.24893186406929477,3.342531133823631,3.4166246773029894,1.6357842261600752,1.4601127931688318,0.9768276438549904,0.9800718248931948
1.0726302666650478,-1.1430711566980867,0.7262684509768809,0.7100751925985731,0.03538843473669078,2.695626444605403,-0.34455351575745996,-0.39137953512963497,2.5121688866698797,-0.23511428799078027,0.23260872065393495,-0.04216690625756367,-0.8722048014511201,0.026869738754211416,2.695626444605403,-0.34455351575745996,-0.39137953512963497,2.5121688866698797,-0.23511428799078027,0.23260872065393495,3.245602542763661,3.319281045822591,1.6882483413083669,1.5497008502480838,0.975510708755617,0.9788377238698007
1.110938490474439,-1.0468344287395193,0.7172616402117759,0.7189860195289627,0.03372917226741046,2.370345561966712,-0.32769302386543586,-0.34219055582614466,2.615433547812949,-0.24831352118633138,0.21761566582820013,-0.04791655327375728,-0.962338427674345,0.028112246609511688,2.370345561966712,-0.32769302386543586,-0.34219055582614466,2.615433547812949,-0.24831352118633138,0.21761566582820013,3.1453349616313955,3.2189536788133286,1.751972655593617,1.6492564307559758,0.9741004602997755,0.9774870516462093
1.149246714283828,-0.9466418150304269,0.7077491902673229,0.727322489159524,0.03185179625233946,2.0147917802173585,-0.30920565127801247,-0.28381245671531535,2.7062372761034212,-0.26086685888497374,0.20450695343050812,-0.05269383645928782,-1.042613921704103,0.02866958352730061,2.0147917802173585,-0.30920565127801247,-0.28381245671531535,2.7062372761034212,-0.26086685888497374,0.20450695343050812,3.042921641299142,3.116657151408821,1.8257360685547175,1.7565146980345376,0.9725814300999744,0.9759855236234044
1.1875549380932144,-0.8429706717753833,0.697755844252774,0.7351567873017214,0.029796339267725652,1.6308089499378229,-0.28934236552409814,-0.2214758531401105,2.783420370546847,-0.2727119781769188,0.19363460231903867,-0.056566837999828146,-1.112439140129996,0.028583119192477836,1.6308089499378229,-0.28934236552409814,-0.2214758531401105,2.783420370546847,-0.2727119781769188,0.19363460231903867,2.939372499497919,3.013204275284467,1.9082681494131633,1.869676755076208,0.9709352349656919,0.9742792006579425
1.225863161902598,-0.7363427812642087,0.687308732757358,0.7425745849842232,0.02759958209904507,1.220709598008476,-0.2683277360436776,-0.1601783709624782,2.8458937647894818,-0.2837961702726438,0.18515025576875974,-0.05961261732269565,-1.171354475624945,0.02790812098267815,1.220709598008476,-0.2683277360436776,-0.1601783709624782,2.8458937647894818,-0.2837961702726438,0.18515025576875974,2.8355628652622356,2.909256355447556,1.9983179443590502,1.987288784962446,0.9691398874800399,0.9722820850693561
1.2641713857119787,-0.627321645984344,0.6764370055504095,0.7496673624202139,0.02529447459505265,0.7873092633819073,-0.24636366056608397,-0.10451505449519748,2.8926569812748784,-0.29407532923899354,0.1790141068846112,-0.061907931482529696,-1.219015229407276,0.026707841378387838,0.7873092633819073,-0.24636366056608397,-0.10451505449519748,2.8926569812748784,-0.29407532923899354,0.1790141068846112,2.7322713086596235,2.8053637535557736,2.09469819432888,2.108148710848083,0.9671689206906142,0.9698906611049656
1.3024796095213567,-0.5165090949413779,0.6651715020212216,0.7565250748914331,0.0229100519284582,0.33392328075432876,-0.22363426887868262,-0.0585122467018386,2.9228174007429226,-0.3035130834862142,0.1750103207855913,-0.06352375633457619,-1.2551774383591774,0.02505018781096107,0.33392328075432876,-0.22363426887868262,-0.0585122467018386,2.9228174007429226,-0.3035130834862142,0.1750103207855913,2.6302131747541355,2.7020043100913127,2.1963098688540454,2.231238547519965,0.9649902729122362,0.967138719707831
1.3407878333307317,-0.40454115179929045,0.6535444548900877,0.7632294094286931,0.020471702249164964,-0.13567655747205765,-0.2003108814666447,-0.025462867818447192,2.9356094085170423,-0.31208011510965605,0.17276882054332188,-0.06452243755129351,-1.2796868196524371,0.02300606455119844,-0.13567655747205765,-0.2003108814666447,-0.025462867818447192,2.9356094085170423,-0.31208011510965605,0.17276882054332188,2.5300742071703253,2.5996237157236983,2.3021526982385874,2.355677129467426,0.9625648689586455,0.9642711729921472
1.3790960571401036,-0.29208316956044345,0.6415892199941545,0.7698478760730084,0.018001658288706795,-0.6173469795230292,-0.17655599926485677,-0.007779198612008377,2.9304118805881663,-0.3197536691881582,0.17179338330404018,-0.06495659048539933,-1.2924707154087314,0.020648692536170677,-0.6173469795230292,-0.17655599926485677,-0.007779198612008377,2.9304118805881663,-0.3197536691881582,0.17179338330404018,2.432542699880504,2.4986754526268133,2.4113240630785917,2.4806864773344928,0.9598448255967547,0.9615013570540921
1.4174042809494727,-0.17982429538475062,0.6293400248711813,0.7764289754492522,0.015519607104587198,-1.1066907329068183,-0.15252529732269415,-0.006916564367850321,2.9067624143296467,-0.3265172159227423,0.17149537602247378,-0.06486909218566601,-1.2935329318017699,0.018053402944986023,-1.1066907329068183,-0.15252529732269415,-0.006916564367850321,2.9067624143296467,-0.3265172159227423,0.17149537602247378,2.3383255030873116,2.3996457176337893,2.523000973430345,2.6055607932173825,0.9567710221386544,0.9589545864599665
1.4557125047588384,-0.06847139025543719,0.616831730286166,0.7829986586958587,0.013043335996207456,-1.5991830574827726,-0.12836834245182396,-0.023377040644351,2.86436705804743,-0.3323601891490629,0.171230414726606,-0.0642936667605852,-1.2829510152173411,0.015297508666637169,-1.5991830574827726,-0.12836834245182396,-0.023377040644351,2.86436705804743,-0.3323601891490629,0.171230414726606,2.24814333834912,2.3030604895321294,2.6364113735711645,2.7296351146135054,0.9532697654653959,0.956661140148234
1.4940207285682008,0.04125742407698647,0.6040996017750955,0.7895581917458442,0.010589356390956456,-2.090288629539344,-0.10422943970937659,-0.05675777756578997,2.8031051955716095,-0.33727775234167007,0.1703348818215608,-0.06325586094899166,-1.2608752196025252,0.012460001439420741,-2.090288629539344,-0.10422943970937659,-0.05675777756578997,2.8031051955716095,-0.33727775234167007,0.1703348818215608,2.1627146717874535,2.2094855502029436,2.7508067892919192,2.852257605788337,0.9492486821879462,0.9546059224818638
1.5323289523775596,0.1486394052707776,0.5911790901526555,0.7960834185208772,0.008173462390223553,-2.575558444830661,-0.0802490710174464,-0.10583164593466515,2.723029950928061,-0.3412705970455391,0.16816059217566184,-0.06177446681477875,-1.2275285292061233,0.00962094650850335,-2.575558444830661,-0.0802490710174464,-0.10583164593466515,2.723029950928061,-0.3412705970455391,0.16816059217566184,2.0827317549570488,2.1195236820205734,2.8654384495376077,2.9727654984126173,0.944591091979903,0.9527679765975611
1.5706371761869153,0.2529538460712652,0.578105619741673,0.8025253521215329,0.0058111854033403776,-3.0506985935192907,-0.0565659848395253,-0.16865695383609244,2.6243648815930345,-0.3443447964185579,0.16410636979717144,-0.05986352252010572,-1.1832072550210977,0.0068604755159120505,-3.0506985935192907,-0.0565659848395253,-0.16865695383609244,2.6243648815930345,-0.3443447964185579,0.16410636979717144,2.0088300804988157,2.0338094507380076,2.979535570106846,3.0904633947726587,0.9391481816052207,0.9511285715945009
1.6089453999962673,0.35348860331361104,0.564914382213083,0.808811975663947,0.0035181073166195708,-3.51160487914661,-0.03331982436986422,-0.24271260142455314,2.5074980371018434,-0.3465117388258068,0.15764542146279292,-0.05753499873783018,-1.1282818385256668,0.004257293896167451,-3.51160487914661,-0.03331982436986422,-0.24271260142455314,2.5074980371018434,-0.3465117388258068,0.15764542146279292,1.9415533060824515,1.9530006755711153,3.092284081980401,3.204602816096009,0.9327277570558568,0.9496724614834708
1.6472536238056157,0.44954639932142204,0.5516401329697828,0.8148510917515568,0.0013099962177798242,-3.9543607123390774,-0.01065402192120802,-0.3250522808532691,2.3729746914662915,-0.3477881621151049,0.1483475328063537,-0.05480218203911809,-1.0631976044200782,0.0018866640978330198,-3.9543607123390774,-0.01065402192120802,-0.3250522808532691,2.3729746914662915,-0.3477881621151049,0.1483475328063537,1.8813179266966606,1.877765305747898,3.2028043895261,3.3143624424513543,0.9250769953489982,0.9483878267082279
1.6855618476149603,0.5404508448971832,0.5383169862174497,0.8205340222395744,-0.0007972657690030772,-4.375200821676517,0.01128150499793627,-0.41246890873178105,2.2214901562804674,-0.34819629877140923,0.13589535728208244,-0.05168359260665272,-0.9884753386392672,-0.00018208403246148557,-4.375200821676517,0.01128150499793627,-0.41246890873178105,2.2214901562804674,-0.34819629877140923,0.13589535728208244,1.8283842550281066,1.8087626114257214,3.3101272429549287,3.418829310574062,0.9158831434168644,0.9472660427741495
1.7238700714243012,0.6255521869955384,0.524978204474752,0.825739932000712,-0.0027879803904168735,-4.770449367009181,0.03232850966406386,-0.5016595545150824,2.053883983998723,-0.3477641243531454,0.12009440601250018,-0.048207034297307126,-0.90471173364173,-0.001888340442511762,-4.770449367009181,0.03232850966406386,-0.5016595545150824,2.053883983998723,-0.3477641243531454,0.12009440601250018,1.7828411905002446,1.7466184303505383,3.41316756665909,3.5169824679607884,0.9047810908937912,0.9463010806455636
1.7621782952336382,0.7042328343344461,0.5116559785664053,0.8303405353842351,-0.004647153057146239,-5.1364469982169245,0.05232018940812384,-0.5893817664412807,1.8711365419825479,-0.3465256765696401,0.10087671952266822,-0.04441312052325336,-0.8125799023298661,-0.003183007877946463,-5.1364469982169245,0.05232018940812384,-0.5893817664412807,1.8711365419825479,-0.3465256765696401,0.10087671952266822,1.744610636378273,1.69189579622809,3.5106974303342806,3.6076824830476584,0.891283387729783,0.9454882553521772
1.800486519042971,0.7759127517641552,0.4983811953929394,0.8342049433326333,-0.006361199713052214,-5.4694867134248994,0.07108330279256946,-0.6725930225253433,1.6743683807968293,-0.3445213830441979,0.07829855090542907,-0.04035743664776066,-0.712830232360176,-0.00403096448337498,-5.4694867134248994,0.07108330279256946,-0.6725930225253433,1.6743683807968293,-0.3445213830441979,0.07829855090542907,1.713473254939649,1.6450644928279625,3.6013218355282115,3.6896729893669877,0.8747844204535137,0.9448233714520854
1.8387947428523,0.8400548304367326,0.48518319314444336,0.8372044217444665,-0.007918768042790514,-5.765783286695021,0.08844314784772896,-0.7485637634225671,1.4648420596639313,-0.3417983079718854,0.052532706866768836,-0.03611048194870804,-0.606291727530585,-0.004412943286128963,-5.765783286695021,0.08844314784772896,-0.7485637634225671,1.4648420596639313,-0.3417983079718854,0.052532706866768836,1.6891120678109923,1.6064752720180075,3.683465415137921,3.7616039181132086,0.8545509377741544,0.94430143512813
1.8771029666616248,0.8961703279054927,0.47208950706528924,0.8392168564362631,-0.009311559808450097,-6.021505548817671,0.10423157867972532,-0.8149498291105264,1.2439651430886194,-0.33841020806992356,0.023856558682947986,-0.03175474211269047,-0.49387356282438405,-0.00432678248210236,-6.021505548817671,0.10423157867972532,-0.8149498291105264,1.2439651430886194,-0.33841020806992356,0.023856558682947986,1.6711664240376787,1.5763454592873596,3.755385150491786,3.8220889187421525,0.829733789086598,0.9439146400940732
1.9154111904709452,0.9438244230198068,0.4591256130754952,0.8401307588254798,-0.010535004779349186,-6.232901945087905,0.11829780466648777,-0.8698046135128986,1.0132919608631874,-0.3344172814260681,-0.00736272176299169,-0.027378698532463795,-0.37656581140894324,-0.0037882225538966104,-6.232901945087905,0.11829780466648777,-0.8698046135128986,1.0132919608631874,-0.3344172814260681,-0.00736272176299169,1.659287410363673,1.5547612018875279,3.815232867298846,3.8698081418834076,0.799423699309318,0.9436490853857777
1.9537194142802614,0.9826418382425831,0.44631468101326033,0.8398487060322447,-0.01158861579116768,-6.396538861466106,0.13052112205183833,-0.9115133460974449,0.7745205581771948,-0.32988550264897326,-0.04068339156677011,-0.02306830587234908,-0.2554372559711094,-0.00283145677640952,-6.396538861466106,0.13052112205183833,-0.9115133460974449,0.7745205581771948,-0.32988550264897326,-0.04068339156677011,1.6531865889658657,1.5416973510801606,3.86119558462897,3.903656325198364,0.7627834957639602,0.9434780870859207
1.9920276380895734,1.0123123451318723,0.43367735334670715,0.8382901975627274,-0.012475869317486373,-6.509635294274647,0.14082379519938762,-0.9386547896586693,0.5294805158753013,-0.3248854702937996,-0.07560184883315899,-0.01889747826978471,-0.13162724480740845,-0.0015092772142299888,-6.509635294274647,0.14082379519938762,-0.9386547896586693,0.5294805158753013,-0.3248854702937996,-0.07560184883315899,1.6526717943235016,1.5370501934021117,3.8917268326852104,3.9229116265461563,0.7192877109195085,0.9433267936388359
2.0303358618988807,1.0325958032381921,0.4212315680387017,0.8353940250172078,-0.013203535734018735,-6.570413344497739,0.14918105728512487,-0.9498449102507766,0.2801079501134606,-0.31949076082986416,-0.11156004659397703,-0.014920185322188891,-0.006328563557396896,0.00010803483703973668,-6.570413344497739,0.14918105728512487,-0.9498449102507766,0.2801079501134606,-0.31949076082986416,-0.11156004659397703,1.6576656915250245,1.5406735468339545,3.9058311057216466,3.9273723730349706,0.6690642989896876,0.9431199071964844
2.068644085708183,1.0433262412830946,0.4089924444682493,0.8311203577841164,-0.013780544105394681,-6.578325647897204,0.1556244871733562,-0.9436645771892894,0.0284070852010313,-0.3137758994995212,-0.14794691799888893,-0.01116702481859352,0.11923962360289382,0.001936311623685198,-6.578325647897204,0.1556244871733562,-0.9436645771892894,0.0284070852010313,-0.3137758994995212,-0.14794691799888893,1.6682050005188966,1.552407693496389,3.90329254431092,3.9174031596991896,0.6132391107465861,0.9428334187959861
2.106952309517481,1.0444144662615757,0.39697224708468515,0.8254527741375459,-0.01421666070284848,-6.534039288114719,0.1602364367737323,-0.9187554767632021,-0.22359688600088728,-0.3078142018149238,-0.18409703182168505,-0.007647546907506272,0.24386551432853895,0.0038840298944116795,-6.534039288114719,0.1602364367737323,-0.9187554767632021,-0.22359688600088728,-0.3078142018149238,-0.18409703182168505,1.6844213009187006,1.5720940913918713,3.8847232565923067,3.8938677985230874,0.5540633281362587,0.9424374894830585
2.1452605333267742,1.0358488667100638,0.3851804317502937,0.8184003438399317,-0.0145213586194717,-6.439175078066369,0.1631369122246147,-0.8740660110767778,-0.47390432542063954,-0.3016758285328389,-0.21929292225051272,-0.00435662255013757,0.3663780225118525,0.005860402256115986,-6.439175078066369,0.1631369122246147,-0.8740660110767778,-0.47390432542063954,-0.3016758285328389,-0.21929292225051272,1.7065075796056997,1.5995747232469606,3.8514022219275788,3.85798212862446,0.494599596110312,0.9418635738238006
2.183568757136063,1.0176944337478275,0.3736237665933891,0.8099996214946067,-0.014703150532867014,-6.295925900292081,0.16446747098865025,-0.8091333036802585,-0.7205776854505103,-0.29542634318802696,-0.252776838625973,-0.0012813238709803595,0.48567270450703953,0.0077825738838516395,-6.295925900292081,0.16446747098865025,-0.8091333036802585,-0.7205776854505103,-0.29542634318802696,-0.252776838625973,1.7346766877899988,1.634679835934772,3.805001499095305,3.811147599393396,0.43799184292338295,0.9409462858452147
2.2218769809453462,0.9900903825015669,0.3623065081197289,0.8003161897867597,-0.01476941401763135,-6.106701132392964,0.1643765927619029,-0.7242894747510868,-0.9617634239179083,-0.28912588650028753,-0.283773298314034,0.0015943111833741916,0.6007272168293972,0.009580201681467032,-6.106701132392964,0.1643765927619029,-0.7242894747510868,-0.9617634239179083,-0.28912588650028753,-0.283773298314034,1.7691181894411676,1.6772100330884774,3.747327113133004,3.754812782437417,0.38668721596987643,0.9398738589383552
2.260185204754625,0.9532469340063802,0.35123060895092334,0.7894453387638866,-0.014726545008965477,-5.873881684189213,0.1630086467559031,-0.6207492809105228,-1.195700297626624,-0.28282891119599246,-0.31151954161475204,0.004287098254469208,0.7106076562193708,0.011197239445618758,-5.873881684189213,0.1630086467559031,-0.6207492809105228,-1.195700297626624,-0.28282891119599246,-0.31151954161475204,1.8099594692680714,1.7269187240330701,3.6801420587612297,3.690380292380447,0.3420237963286404,0.9387802357606053
2.2984934285638983,0.907441779395899,0.34039593572135873,0.7775115784427838,-0.01458022903573993,-5.599701146558733,0.16049654681041542,-0.5005934232213864,-1.4207182718067064,-0.27658433947344735,-0.33529934399670336,0.006814221308675672,0.8144691119492933,0.01259170690001423,-5.599701146558733,0.16049654681041542,-0.5005934232213864,-1.4207182718067064,-0.27658433947344735,-0.33529934399670336,1.8572358680011665,1.7834995391158774,3.605074112433243,3.6191554083255295,0.3042856657871832,0.9376579206923703
2.3368016523731665,0.8530165858694722,0.32980048094290165,0.7646668561298953,-0.014335678901545221,-5.286231752209403,0.15695738020730857,-0.36668017689427435,-1.635232876587451,-0.2704360018378368,-0.3544761888904557,0.009193384833697494,0.9115534786559281,0.013734346077612895,-5.286231752209403,0.15695738020730857,-0.36668017689427435,-1.635232876587451,-0.2704360018378368,-0.3544761888904557,1.9108729022793178,1.8465812133437847,3.523583407968443,3.5423247561560425,0.27302904006951545,0.9364987813992202
2.3751098761824294,0.7903737188528539,0.319440558058617,0.7510875029508637,-0.013997771134361642,-4.935443110079893,0.1524902464188632,-0.22251357709908237,-1.8377390256525092,-0.2644232433885466,-0.36852305517304956,0.011442923850444875,1.0011864335013416,0.014606822401577364,-4.935443110079893,0.1524902464188632,-0.22251357709908237,-1.8377390256525092,-0.2644232433885466,-0.36852305517304956,1.9706813836103523,1.9157301097996422,3.4369637900356893,3.4609535263305276,0.24744030218835378,0.9352938525604118
2.413418099991687,0.7199732009552386,0.30931097327069607,0.736970039274461,-0.01357107713095636,-4.54930280524301,0.14717570571174884,-0.0720867424143076,-2.0268070849055695,-0.2585816129001991,-0.3770471550850449,0.013581601278208497,1.082774438499657,0.015199863155888742,-4.54930280524301,0.14717570571174884,-0.0720867424143076,-2.0268070849055695,-0.2585816129001991,-0.3770471550850449,2.036363907342133,1.990458715973366,3.346360058584921,3.3759926964444698,0.22660013517302774,0.9340331035884729
2.4517263238009392,0.6423298215287323,0.2994051709709149,0.7225260324708559,-0.01305981902011049,-4.129892760435916,0.14107638288183158,0.08028832513665118,-2.2010827949396505,-0.2529435730266909,-0.37980867014719855,0.01562807940278296,1.1558019997226945,0.015511549466779817,-4.129892760435916,0.14107638288183158,0.08028832513665118,-2.2010827949396505,-0.2529435730266909,-0.37980867014719855,2.1075296179602976,2.0702376897960515,3.252790771381758,3.2882907355847935,0.20963493091966204,0.9327051601928975
2.4900345476101857,0.5580102491978878,0.2897153519644378,0.7079762369301918,-0.012467791065229081,-3.6795206756172703,0.13423836236892725,0.2301564468349271,-2.3592916511099378,-0.24753918737722294,-0.37673296701884057,0.01760016434218006,1.2198291349943915,0.015545872945031583,-3.6795206756172703,0.13423836236892725,0.2301564468349271,-2.3592916511099378,-0.24753918737722294,-0.37673296701884057,2.183713241515651,2.1545087061947648,3.157171373722458,3.1986065765110077,0.1957838810037236,0.9312969664748214
2.5283427714194264,0.4676299765964284,0.2802325653729586,0.6935442661133296,-0.011798284042561821,-3.2008120925319514,0.12669310439127474,0.3730952562113999,-2.5002475526581134,-0.24239675414796125,-0.3679160823427681,0.019513942911715224,1.274488955992809,0.015311605371705204,-3.2008120925319514,0.12669310439127474,0.3730952562113999,-2.5002475526581134,-0.24239675414796125,-0.3679160823427681,2.2643950655435767,2.242696361626001,3.0603354993735326,3.1076224031592687,0.1844184898817145,0.9297933702224155
2.566650995228662,0.37184993377138154,0.2709467762645385,0.6794500544879235,-0.011054040163604615,-2.6967735079394664,0.11845966864233487,0.5048861866885106,-2.6228649786666414,-0.23754336634999074,-0.35362346576623843,0.021382907621411915,1.3194853100628698,0.014821486128017371,-2.6967735079394664,0.11845966864233487,0.5048861866885106,-2.6228649786666414,-0.23754336634999074,-0.35362346576623843,2.3490192245155086,2.3342178719173736,2.9630536569256933,3.0159555901980366,0.17508651596544111,0.9281766090296579
2.6049592190378914,0.2713726351480276,0.261846911822106,0.6659033676171301,-0.010237254958939908,-2.170821739795797,0.10954710315866424,0.6216759938435193,-2.7261735817687263,-0.23300538685139338,-0.3342821727291112,0.02321713154484804,1.3545904936231163,0.014091703342183955,-2.170821739795797,0.10954710315866424,0.6216759938435193,-2.7261735817687263,-0.23300538685139338,-0.3342821727291112,2.4370088889886086,2.4284902069190935,2.866049361943289,2.924169802053518,0.16733292395632315,0.9264256680511362
2.643267442847115,0.16693776743574312,0.2529208893139386,0.653097611328737,-0.009349632966738703,-1.6267782757795495,0.0999569038768477,0.7201241384685987,-2.8093339068245404,-0.22880883190604184,-0.3104668696209796,0.02502252504336227,1.3796430985235062,0.013141625718043585,-1.6267782757795495,0.0999569038768477,0.7201241384685987,-2.8093339068245404,-0.22880883190604184,-0.3104668696209796,2.5277777951219402,2.5249346929239738,2.770012983940421,2.832785464280726,0.16082472223192254,0.9245154717884225
2.6815756666563324,0.059317175379276166,0.24415562937183735,0.6412041770018643,-0.008392497179579517,-1.068830160690548,0.08968548528256076,0.797530760902337,-2.87165289309953,-0.2249796604611352,-0.28288019295504957,0.026800188707598874,1.3945460801902432,0.011993731702773491,-1.068830160690548,0.08968548528256076,0.797530760902337,-2.87165289309953,-0.2249796604611352,-0.28288019295504957,2.6207380202675044,2.622979255585397,2.6756134547553265,2.742289701687241,0.15530987359931855,0.9224158608103403
2.7198838904655442,-0.05069074635089457,0.23553705818644435,0.6303675392588282,-0.007366947897879442,-0.5014614506438894,0.07872662583243181,0.8519387471835353,-2.9125978781084245,-0.22154396881855784,-0.2523282060726874,0.028545868230962723,1.3992651407972048,0.010673678535622897,-0.5014614506438894,0.07872662583243181,0.8519387471835353,-2.9125978781084245,-0.22154396881855784,-0.2523282060726874,2.7153039784798456,2.722058321110408,2.583507477467661,2.6531453680023636,0.150593971866679,0.9200902887703231
2.7581921142747494,-0.16226719773059142,0.2270501022454283,0.6207012938670602,-0.006274064348861551,0.07063807483283845,0.0670738815504317,0.8822025172014986,-2.9318079755911803,-0.21852809161646997,-0.21969194587490276,0.03024951535048293,1.393827500989064,0.009210453152981806,0.07063807483283845,0.0670738815504317,0.8822025172014986,-2.9318079755911803,-0.21852809161646997,-0.21969194587490276,2.8108925770499047,2.8216102142306507,2.494345190853776,2.5657982437650575,0.14652526199014684,0.9174941568385311
2.7965003380839484,-0.2745795538240183,0.21867867920324527,0.6122852856352049,-0.0051151413872875485,0.6426774654575272,0.05472300931347246,0.8880170109045664,-2.929101956411505,-0.21595861035030786,-0.18589633440197623,0.03189496506683321,1.3783210863258364,0.007636546559731766,0.6426774654575272,0.05472300931347246,0.8880170109045664,-2.929101956411505,-0.21595861035030786,-0.18589633440197623,2.906919628896705,2.921071936199308,2.408770768879113,2.480681246382292,0.14298423474891966,0.9145726743470294
2.8348085618931416,-0.3867882471290703,0.21040568842447538,0.6051639272513822,-0.003891952964555584,1.2098709980284308,0.04167450454658028,0.8699047425480735,-2.904482124228767,-0.21386226906201664,-0.1518779800029226,0.03345975496133086,1.3528940826990794,0.005988090348792192,1.2098709980284308,0.04167450454658028,0.8699047425480735,-2.904482124228767,-0.21386226906201664,-0.1518779800029226,3.0027932691098362,3.0198717865559934,2.3274167752878188,2.3982152391072207,0.13987606870661665,0.911766295500221
2.873116785702328,-0.4980537983927373,0.2022130047569538,0.5993457516014581,-0.002607033048448064,1.7675353990529759,0.02793639234837541,0.829164981939782,-2.858134115257832,-0.21226579281468871,-0.11855347443372084,0.034915140908041674,1.3177547389705193,0.004304884815844909,1.7675353990529759,0.02793639234837541,0.829164981939782,-2.858134115257832,-0.21226579281468871,-0.11855347443372084,3.0979058197790605,3.1174210056732714,2.2508922597123937,2.3188072635292793,0.1371250033275066,0.9092237046658822
2.911425009511508,-0.6075438397556752,0.19408147925881744,0.5948041785691697,-0.0012639625982994694,2.311169383735669,0.013527376080896457,0.7677919630831185,-2.7904229736026704,-0.2111955992441425,-0.08678963673176748,0.03622639342379217,1.2731712460435427,0.0026302371783282906,2.311169383735669,0.013527376080896457,0.7677919630831185,-2.7904229736026704,-0.2111955992441425,-0.08678963673176748,3.191625359365975,3.2131055652669014,2.179765281160783,2.2428474076989184,0.13467009086554887,0.9061645337868526
2.9497332333206816,-0.7144399875497739,0.18599095097549795,0.5914794217405686,0.00013235197596669926,2.8365101501633077,-0.0015196295280464215,0.6883695756853985,-2.701886179592625,-0.21067738949361747,-0.05737689037193055,0.037353476653374844,1.2194715084259318,0.0010105207999237132,2.8365101501633077,-0.0015196295280464215,0.6883695756853985,-2.701886179592625,-0.21067738949361747,-0.05737689037193055,3.2832877351922285,3.3062788590386134,2.1145410513886693,2.1707052672108884,0.13246196014776465,0.9010761921032144
2.988041457129848,-0.8179444480236718,0.17792027438727975,0.589281414982328,0.001575427089751831,3.3395649350859156,-0.017153655049790936,0.5939507895492753,-2.593224513926777,-0.21073560380159362,-0.03100667460387531,0.03825220524731055,1.157042642198315,-0.0005056294338925374,3.3395649350859156,-0.017153655049790936,0.5939507895492753,-2.593224513926777,-0.21073560380159362,-0.03100667460387531,3.3721895866234863,3.3962559454393606,2.055637817705375,2.1027268085080633,0.13046033455598838,0.8951068818604256
3.026349680939008,-0.9172862730898681,0.16984736771232173,0.5880936043515956,0.0030569982395491704,3.8166196981689744,-0.03330172899799118,0.4879310363087366,-2.4652917129724012,-0.21139272985827046,-0.00825347482678811,0.03887593660431645,1.0863300796097894,-0.0018685469630604994,3.8166196981689744,-0.03330172899799118,0.4879310363087366,-2.4652917129724012,-0.21139272985827046,-0.00825347482678811,3.4575831150336302,3.4823102253108824,2.0033638496064072,2.03923244374601,0.12863211717293477,0.8880466888257188
3.0646579047481612,-1.0117272197846912,0.16174928770531388,0.5877774283902726,0.004566886699054745,4.264231146038417,-0.049865192916844985,0.3739250288501779,-2.3190837913851405,-0.21266845994581693,0.01043829651510414,0.03917778275520291,1.0078362297395078,-0.003029203866369419,4.264231146038417,-0.049865192916844985,0.3739250288501779,-2.3190837913851405,-0.21266845994581693,0.01043829651510414,3.5386737383939795,3.5636738371581855,1.9578998957252922,1.980517121702762,0.12694990561297523,0.8796308391756799
3.102966128557308,-1.1005672006968126,0.1536023367445939,0.5881773009888835,0.0060929574063658745,4.679211801214484,-0.06671680826252993,0.2556554089154698,-2.1557286702738465,-0.21457870691619668,0.024762700207828184,0.039113225736798686,0.9221187191765962,-0.003941271433048272,4.679211801214484,-0.06671680826252993,0.2556554089154698,-2.1557286702738465,-0.21457870691619668,0.024762700207828184,3.6146223148414642,3.6395435255064106,1.919291545320224,1.9268531065741936,0.12539083322232628,0.8695263602249128
3.141274352366447,-1.183149337069178,0.14538220761540546,0.5891259160500733,0.007621183569521332,5.058619535431419,-0.08369930182711185,0.13685893546641295,-1.9764763773480511,-0.2171345093387596,0.03455640483041536,0.03864291644763911,0.8297882818129104,-0.004563450081343819,5.058619535431419,-0.08369930182711185,0.13685893546641295,-1.9764763773480511,-0.2171345093387596,0.03455640483041536,3.6845541353129394,3.709094057025782,1.887454583385435,1.8784957770660107,0.12393565941426031,0.8573170792396392
3.179582576175579,-1.2588646364859921,0.1370641702350077,0.5904497105398573,0.009135825082341658,5.399761989925184,-0.10062600975712176,0.021212105301939572,-1.7826896480253611,-0.22034088092560716,0.039799227560522295,0.03773536569038667,0.7315063437262864,-0.004861892509187767,5.399761989925184,-0.10062600975712176,0.021212105301939572,-1.7826896480253611,-0.22034088092560716,0.039799227560522295,3.7475770827150012,3.771501072613884,1.8621938393260367,1.8356922381968945,0.12256805088752352,0.8424878308389706
3.217890799984704,-1.3271563105048256,0.1286233024542554,0.5919743482561768,0.010619717495578471,5.700222099339304,-0.11728413854754531,-0.08772630183337934,-1.5758343572054891,-0.22419568462816525,0.04061182563800866,0.036369230735105486,0.627982240944915,-0.004812520655248356,5.700222099339304,-0.11728413854754531,-0.08772630183337934,-1.5758343572054891,-0.22419568462816525,0.04061182563800866,3.8028107188961804,3.8259740606715162,1.843232998138362,1.798691756877029,0.12127400959491311,0.8244090030615787
3.256199023793822,-1.3875237257469744,0.12003476399053979,0.5935301151615229,0.012054658026493494,5.957903575201398,-0.13344083710056404,-0.18656289315739497,-1.3574689732687821,-0.22868863165664494,0.03725118683367268,0.03453497166875825,0.5199698462385729,-0.004403045976231741,5.957903575201398,-0.13344083710056404,-0.18656289315739497,-1.3574689732687821,-0.22868863165664494,0.03725118683367268,3.8494259941379747,3.8717974573779386,1.830250371820837,1.767755974562747,0.120041413846682,0.8023221803552076
3.2945072476029322,-1.4395259509892384,0.1112741087065158,0.5949571419634283,0.013421866981987277,6.171085350319167,-0.1488517722156934,-0.27211965993473386,-1.129232269683554,-0.2338005131092882,0.03010429376847981,0.032235777625165246,0.40826325240862466,-0.0036345268081430155,6.171085350319167,-0.1488517722156934,-0.27211965993473386,-1.129232269683554,-0.2338005131092882,0.03010429376847981,3.886691449956479,3.9083737414364537,1.8229141888849671,1.7431654842279047,0.1188596467928487,0.7753276645464332
3.3328154714120353,-1.4827848335092007,0.10231762632374848,0.5961103839862825,0.014702498594376587,6.338464178666667,-0.16327129539356322,-0.3415025209273644,-0.8928289509453093,-0.23950276011340915,0.01967987293329416,0.029487799335835587,0.29369117057105987,-0.002522316232297102,6.338464178666667,-0.16327129539356322,-0.3415025209273644,-0.8928289509453093,-0.23950276011340915,0.01967987293329416,3.9140169588643965,3.935258271662966,1.8209107383148415,1.7252179367324594,0.11771929240406298,0.7423841720011919
3.3711236952211308,-1.516987524785767,0.09314270098657472,0.5968642849627486,0.01587817534316486,6.459161331476154,-0.1764628080649607,-0.3922027691293247,-0.6500136465899929,-0.24575739343863004,0.006597517930765074,0.026319809078038173,0.17710991079081087,-0.0010962640847251412,6.459161331476154,-0.1764628080649607,-0.3922027691293247,-0.6500136465899929,-0.24575739343863004,0.006597517930765074,3.9309835422148094,3.952174769528381,1.823960032688385,1.7142129663343946,0.11661188347400196,0.7023786515642918
3.4094319190302187,-1.541888393038774,0.08372817175619389,0.5971170241558983,0.016931523329410007,6.532679701154581,-0.1882079043704769,-0.42223309499947476,-0.4025746486918506,-0.25251737018363113,-0.00842707352700487,0.02277241624997022,0.059395151380964475,0.0005999443659943532,6.532679701154581,-0.1882079043704769,-0.42223309499947476,-0.4025746486918506,-0.25251737018363113,-0.00842707352700487,3.9373513154610644,3.9590059181073034,1.8318170830391587,1.7104223523713664,0.11552968948334576,0.6550658163983311
3.447740142839299,-1.5573103127810775,0.07405467982379386,0.5967941979369371,0.017846690836324165,6.558822948074399,-0.1983135253551533,-0.4302760453749625,-0.15231929263405944,-0.25972728070654955,-0.024602073429235205,0.018896909972589436,-0.058567026201493816,0.002510377939424393,6.558822948074399,-0.1983135253551533,-0.4302760453749625,-0.15231929263405944,-0.25972728070654955,-0.024602073429235205,3.9330481012955842,3.955765186166539,1.8442626400238056,1.7140507068837312,0.1144655338549674,0.6013913162957168
3.4860483666483715,-1.5631453943339035,0.06410498902551759,0.595851736201722,0.01860983489864765,6.537612944461016,-0.20661735869728662,-0.41580363080592164,0.09893756477780857,-0.2673243196198677,-0.04108518447452628,0.01475374232849796,-0.1758893465173721,0.004569346292259687,6.537612944461016,-0.20661735869728662,-0.41580363080592164,0.09893756477780857,-0.2673243196198677,-0.04108518447452628,3.918151527700499,3.942565981746671,1.8610921634320585,1.7251986335423795,0.11341263402951075,0.5428526363671431
3.524356590457436,-1.5593552719592014,0.05386426916033929,0.5942778357596349,0.019209560088341432,6.469244761028963,-0.21299229829822974,-0.3791298747509957,0.34938190462428764,-0.2752394636393215,-0.05701388302346466,0.010410663030853794,-0.2916925255524613,0.00670462898590485,6.469244761028963,-0.21299229829822974,-0.3791298747509957,0.34938190462428764,-0.2752394636393215,-0.05701388302346466,3.892878200348739,3.9196041087385023,1.8821119250395963,1.7438411840747858,0.11236445686549047,0.4819285908293724
3.5626648142664923,-1.5459710717617294,0.04332033418664515,0.592093735168662,0.019637290859136756,6.354097348602248,-0.21735054413157445,-0.32138114692781033,0.5972071807985024,-0.2833988202717726,-0.07153767511757154,0.00594055795935896,-0.40511437673671863,0.008841171191343368,6.354097348602248,-0.21735054413157445,-0.32138114692781033,0.5972071807985024,-0.2833988202717726,-0.07153767511757154,3.85758451583374,3.8871596629622314,1.9071467882432485,1.7698287858380348,0.11131458405288429,0.42167212676671734
3.600973038075541,-1.523093125418873,0.03246382875298165,0.5893532538996868,0.019887555857644394,6.192787931494399,-0.21964713253582457,-0.24439769127972502,0.8406213641265562,-0.2917251335610207,-0.08384921602160152,0.0014190727228589393,-0.5153187544677859,0.010904889898152217,6.192787931494399,-0.21964713253582457,-0.24439769127972502,0.8406213641265562,-0.2917251335610207,-0.08384921602160152,3.8127724494988198,3.845612065613753,1.936057860046697,1.8029088414943686,0.11025658265544908,0.36501491033095884
3.6392812618845816,-1.4908904140627086,0.0212883570463572,0.5861411393663957,0.019958161349620425,5.986236457234888,-0.21988191385276748,-0.1506016905326525,1.0778560702016946,-0.3001394250728576,-0.09321165747715268,-0.003077907310006976,-0.6215039983167312,0.012826227417442344,5.986236457234888,-0.21988191385276748,-0.1506016905326525,1.0778560702016946,-0.3001394250728576,-0.09321165747715268,3.7590876394198545,3.7954537667855144,1.9687620706152893,1.8427578761197685,0.10918387627412228,0.3141186041040326
3.677589485693614,-1.4495996624909588,0.009790548777318282,0.5825703663304702,0.019850232857920844,5.735706655808719,-0.21809885733913686,-0.04287084742246499,1.3071781561730145,-0.30856271063993485,-0.0989809407437914,-0.007476859664810245,-0.7229102951982362,0.014543164986085674,5.735706655808719,-0.21809885733913686,-0.04287084742246499,1.3071781561730145,-0.30856271063993485,-0.0989809407437914,3.6973003881990754,3.7372892361253442,2.0052432516218177,1.889011276751816,0.10808961245019165,0.27045607870979976
3.7158977095026375,-1.3995239891255329,-0.0020299406004223113,0.578778582299975,0.01956811110150309,5.442811888245075,-0.21438227481347777,0.07556228004160441,1.526902890440711,-0.3169176904790318,-0.10062324676154283,-0.011709209200317731,-0.8188253936520931,0.016003534371455304,5.442811888245075,-0.21438227481347777,0.07556228004160441,1.526902890440711,-0.3169176904790318,-0.10062324676154283,3.62827062851338,3.6718157491347414,2.0455482666002553,1.9412826763985822,0.10696652244766651,0.2343954673060983
3.754205933311653,-1.341031051463503,-0.01417049441575259,0.5749238844430025,0.01911910131593787,5.109497060341084,-0.20885052630391826,0.20118917851490745,1.7354073464003688,-0.32513029464294185,-0.09772859002612228,-0.015713711174495354,-0.9085884281119169,0.01716658104063728,5.109497060341084,-0.20885052630391826,0.20118917851490745,1.7354073464003688,-0.32513029464294185,-0.09772859002612228,3.552906441852955,3.5997926233592468,2.089768905459128,1.9991728134838622,0.10580676645345367,0.20487137404876016
3.79251415712066,-1.2745506784375142,-0.026625658509443744,0.571180075744104,0.01851309205446182,4.738015422884197,-0.20164829777774693,0.33029744531646893,1.9311431033341346,-0.33313098734690627,-0.09002138994768538,-0.019438394132220056,-0.9915920363980975,0.018003805557049835,4.738015422884197,-0.20164829777774693,0.33029744531646893,1.9311431033341346,-0.33313098734690627,-0.09002138994768538,3.472126471476323,3.522008706502078,2.1380149346774635,2.062271911861736,0.10460176178496998,0.18077980146382963
3.830822380929659,-1.2005720162276101,-0.03938731492986083,0.5677315161907465,0.017762075833248746,4.330913277220352,-0.1929385338546267,0.45904863472185586,2.1126480585596172,-0.3408557754685828,-0.07736828148915614,-0.02284184568341293,-1.0672832437308672,0.018499145980279345,4.330913277220352,-0.1929385338546267,0.45904863472185586,2.1126480585596172,-0.3408557754685828,-0.07736828148915614,3.38683212442274,3.4392551829122637,2.1903846009982177,2.1301596436196277,0.10334198706305639,0.16113474928457794
3.8691306047386487,-1.1196402215706145,-0.05244489426251565,0.5647676747480863,0.016879614748856756,3.8910263122655326,-0.18289484379143148,0.5835679300926665,2.278557653676268,-0.3482469080045875,-0.05978294365134515,-0.02589371654865935,-1.135163657032898,0.01864858442463777,3.8910263122655326,-0.18289484379143148,0.5835679300926665,2.278557653676268,-0.3482469080045875,-0.05978294365134515,3.2978907188833664,3.3523066282287863,2.2469376795029343,2.2024050811626203,0.1020167559663776,0.14509281274379202
3.90743882854763,-1.0323527250119546,-0.06578561475455708,0.5624774963630563,0.015880297258928967,3.421484262492815,-0.17169489460447285,0.70004614750603,2.4276159604891827,-0.3552532846138038,-0.037427492778061934,-0.028574439022454,-1.1947894208717456,0.018459278379636283,3.421484262492815,-0.17169489460447285,0.70004614750603,2.4276159604891827,-0.3552532846138038,-0.037427492778061934,3.2061279065015373,3.2619102232703554,2.3076743203974486,2.2785674322173244,0.10061395341181333,0.13194860457301394
3.945747052356602,-0.9393550694754308,-0.07939473708982989,0.561043715593408,0.014779228285022537,2.92571707747862,-0.15951505040409272,0.8048512334386625,2.558686945372111,-0.3618306110629393,-0.010609968283359281,-0.03087426551617167,-1.2457712290603067,0.017948334235332444,2.92571707747862,-0.15951505040409272,0.8048512334386625,2.558686945372111,-0.3618306110629393,-0.010609968283359281,3.1123267452647068,3.168781608800323,2.3725211828007016,2.3581973858989738,0.09911972629668861,0.12112341798688035
3.9840552761655657,-0.8413363173152495,-0.09325582511877643,0.5606372665540783,0.01359158586687033,2.4074550911541293,-0.14652632653750722,0.8946446437188178,2.670765969974827,-0.3679413493145121,0.020222452899457417,-0.03279180778272737,-1.2877745380338173,0.01714135107036208,2.4074550911541293,-0.14652632653750722,0.8946446437188178,2.670765969974827,-0.3679413493145121,0.020222452899457417,3.017230922113621,3.0736055293370725,2.4413249182586414,2.440838535911091,0.09751812048016884,0.11215017421311904
4.02236349997452,-0.7390240167963819,-0.10735100467629803,0.561411952805961,0.012332266274220198,1.8707167303701933,-0.13289159299717343,0.9664969751390144,2.7629912984142195,-0.3735545126252359,0.05449470013975866,-0.03433229117344265,-1.3205200229640646,0.016070861756942032,1.8707167303701933,-0.13289159299717343,0.9664969751390144,2.7629912984142195,-0.3735545126252359,0.05449470013975866,2.921550130828578,2.977039613239036,2.513852022927123,2.526028341577474,0.09579065582468035,0.10465641060504796
4.060671723783465,-0.6331787277548719,-0.12166121455019917,0.5634995479755266,0.011015627855682091,1.3197793730146288,-0.11876387638315725,1.0179966430026954,2.834655133602336,-0.37864535351194717,0.09151948257321897,-0.035505735566081296,-1.343784259950542,0.014774783431317263,1.3197793730146288,-0.11876387638315725,1.0179966430026954,2.834655133602336,-0.37864535351194717,0.09151948257321897,2.8259661416552664,2.879720006490331,2.5897934395897,2.6132982426556484,0.09391583246893509,0.09834736158767872
4.098979947592402,-0.5245881244760194,-0.13616644549616058,0.567005496796994,0.009655333406559195,0.7591315495127274,-0.10428556626287586,1.0473452257776803,2.8852135372006624,-0.38319498666872587,0.13051712580922534,-0.036325246052831446,-1.3574005974927057,0.01329496226075401,0.7591315495127274,-0.10428556626287586,1.0473452257776803,2.8852135372006624,-0.38319498666872587,0.13051712580922534,2.731138517471122,2.782267937654143,2.668772039606443,2.7021727280423913,0.09186856505292913,0.0933525330652543
4.1372881714013285,-0.4140607185567324,-0.15084596480733725,0.5720053760635287,0.008264282274663288,0.19340739630973022,-0.08958832153489281,1.0534334105767365,2.914294518498785,-0.38718998148106853,0.17063906112260904,-0.03680555455610251,-1.3612601832125488,0.011675863100974702,0.19340739630973022,-0.08958832153489281,1.0534334105767365,2.914294518498785,-0.38718998148106853,0.17063906112260904,2.6377092169501495,2.6852965688172357,2.750351190535021,2.792167307160906,0.08961954923291567,0.08967010607359559
4.175596395210246,-0.30241927189730755,-0.16567852527389806,0.5785422554076566,0.006854617082865757,-0.3726932043139273,-0.07479348491925283,1.0358923019419681,2.9217036123223936,-0.39062195095302404,0.21099422398184436,-0.036961909415572244,-1.3553131237375702,0.009963419060819316,-0.3726932043139273,-0.07479348491925283,1.0358923019419681,2.9217036123223936,-0.39062195095302404,0.21099422398184436,2.546305503164473,2.5894176601548313,2.834042911726929,2.882785427501169,0.08713457654713708,0.08713565481021275
4.2139046190191545,-0.19049399601346276,-0.18064255839509372,0.5866250693624018,0.005437785736295135,-0.9344932816687083,-0.06001283783113229,0.9951161125930115,2.9074263976394454,-0.393487156512718,0.25067741812564304,-0.03680937119464223,-1.3395697664989796,0.00820402437974472,-0.9344932816687083,-0.06001283783113229,0.9951161125930115,2.9074263976394454,-0.393487156512718,0.25067741812564304,2.457540663094946,2.495247635676986,2.919314543700567,2.97351440326281,0.08437384445147797,0.08437386224752798
4.252212842828054,-0.07911565486503198,-0.19571635245212618,0.5962280759998219,0.0040246369835464585,-1.4874292253180519,-0.045349553936370926,0.9322536891197787,2.8716276198578186,-0.39578614173574617,0.2887985488818087,-0.03636254431652039,-1.3141020949710416,0.006443630632073964,-1.4874292253180519,-0.045349553936370926,0.9322536891197787,2.8716276198578186,-0.39578614173574617,0.2887985488818087,2.372012096919503,2.4034125443209273,3.005593204421831,3.063820401354377,0.08129183825958484,0.08133823954848036
4.290521066636943,0.030891298692099427,-0.21087821654961342,0.6072914354460608,0.0026255267669607666,-2.0271351945260876,-0.03089923255213009,0.8491680120082538,2.814646848195366,-0.3975234025975861,0.32451153185043285,-0.03563575144164824,-1.2790452216614334,0.004726892702771448,-2.0271351945260876,-0.03089923255213009,0.8491680120082538,2.814646848195366,-0.3975234025975861,0.32451153185043285,2.2902963998684607,2.314551259352412,3.0922676673241294,3.1531424845781246,0.07783564386578246,0.07864800418779187
4.328829290445823,0.13871542009564172,-0.22610663202500816,0.6197228958367103,0.0012504126765453065,-2.5495135948830083,-0.016750908135126846,0.7483645991758827,2.736990899473962,-0.3987070973137532,0.35704165010501415,-0.03464364002857426,-1.2345989450403532,0.0030963093481431083,-2.5495135948830083,-0.016750908135126846,0.7483645991758827,2.736990899473962,-0.3987070973137532,0.35704165010501415,2.2129412522444047,2.229316045930357,3.1786875535170935,3.240885711002791,0.07394600467790285,0.07624435414839062
4.367137514254693,0.2435646800355464,-0.2413803927425089,0.6334005272779535,-9.108518757576997e-05,-3.0507845520381562,-0.002987936212025011,0.6328917069698736,2.6393235620792046,-0.3993487948516569,0.385710168660188,-0.03340218905539907,-1.1810293109670003,0.0015913142487349106,-3.0507845520381562,-0.002987936212025011,0.6328917069698736,2.6393235620792046,-0.3993487948516569,0.385710168660188,2.140454335723452,2.1483694614565967,3.2641599832102894,3.32641337728042,0.06955790344094598,0.07407959454677382
4.405445738063552,0.3446724777558006,-0.25667873575290673,0.6481763987442479,-0.0013896765989591098,-3.5275090913583127,0.010311352295698382,0.506217014902015,2.5224534246692842,-0.39946325738087796,0.40995512581696303,-0.031930051470684444,-1.1186700907241558,0.0002472985682456872,-3.5275090913583127,0.010311352295698382,0.506217014902015,2.5224534246692842,-0.39946325738087796,0.40995512581696303,2.0732900435111903,2.0723765151883855,3.347944045244624,3.409038625130599,0.06540922895854265,0.07211479657118469
4.443753961872402,0.4413031880956767,-0.2719814636194889,0.6638810514555143,-0.002636463048089048,-3.9765834665328725,0.02307335269497697,0.3720870181393621,2.387320816912311,-0.3990682477894679,0.4293474005191802,-0.03025012184751192,-1.0479240638204255,-0.0009054160279351364,-3.9765834665328725,0.02307335269497697,0.3720870181393621,2.387320816912311,-0.3990682477894679,0.4293474005191802,2.0118354285595776,2.001991204243733,3.429243641199597,3.488015879299906,0.06212144031639148,0.07031795487365573
4.482062185681242,0.532757208253824,-0.28726905937023334,0.6803285877662129,-0.003823080040554765,-4.3952055975011035,0.03522938445265609,0.23437631596045083,2.2349849674847033,-0.3981843486305335,0.4436013932860359,-0.028391158057453434,-0.9692639811641439,-0.0018425886792427322,-4.3952055975011035,0.03522938445265609,0.23437631596045083,2.2349849674847033,-0.3981843486305335,0.4436013932860359,1.956397406539499,1.937837047257657,3.5071995066182424,3.5625328824059967,0.0593903848311871,0.06866255598944714
4.520370409490072,0.6183755125980888,-0.3025227945141686,0.697322169221973,-0.004941923501904213,-4.780818687845376,0.04671652815251924,0.09693454955963628,2.066612447772976,-0.39683477348641666,0.4525799336530551,-0.02638922188981301,-0.8832330861094391,-0.0025469431524840175,-4.780818687845376,0.04671652815251924,0.09693454955963628,2.066612447772976,-0.39683477348641666,0.4525799336530551,1.9071936857249945,1.880482125879172,3.5808815522373414,3.6317045389180147,0.05700867292756846,0.06712646069926817
4.558678633298891,0.6975437647740748,-0.3177248298314307,0.7146597026115707,-0.0059864545327582485,-5.131041718975222,0.057479223532108,-0.0365605592119177,1.8834677754930418,-0.3950451462705378,0.456293324072217,-0.024288648508502503,-0.790445087867288,-0.003008776120282994,-5.131041718975222,0.057479223532108,-0.0365605592119177,1.8834677754930418,-0.3950451462705378,0.456293324072217,1.8643501621386591,1.8304103580164142,3.6492835391358347,3.6945705043989827,0.054846962767862086,0.06569102640256061
4.596986857107701,0.7696960698550496,-0.3328583077087654,0.7321394893924172,-0.006951565669187667,-5.44360065824258,0.06747169111166525,-0.16273588260773272,1.6869066809538673,-0.392843219311286,0.45489275398727885,-0.022142229262972435,-0.6915834956514673,-0.003226120914607285,-5.44360065824258,0.06747169111166525,-0.16273588260773272,1.6869066809538673,-0.392843219311286,0.45489275398727885,1.8279068348062166,1.7879923321088713,3.7113225444258666,3.7500995129514507,0.052830269061426585,0.06434041362973651
4.6352950809165,0.8343184685343713,-0.3479074336753256,0.7495656228209717,-0.007833980094706308,-5.716277792265871,0.07666113786450393,-0.2786325205695064,1.4783720086160486,-0.390258498667607,0.4486586313746432,-0.020010312366677028,-0.5874002201564267,-0.0032043324578248963,-5.716277792265871,0.07666113786450393,-0.2786325205695064,1.4783720086160486,-0.390258498667607,0.4486586313746432,1.7978328813630216,1.753460911302163,3.7658472579955293,3.7972043981829446,0.050917012747945085,0.06306103413754449
4.6736033047252885,0.8909522743139018,-0.3628575435849738,0.7667529380852097,-0.008632643658392865,-5.946896994481834,0.08503154405496352,-0.3817852566802232,1.2593915596007452,-0.38732174664105173,0.43798471441637177,-0.017958652038432575,-0.4787132908053125,-0.002955044950054933,-5.946896994481834,0.08503154405496352,-0.3817852566802232,1.2593915596007452,-0.38732174664105173,0.43798471441637177,1.7740485045763958,1.72689766893337,3.811659583086235,3.8347727456552403,0.04908426999822295,0.06184110853151352
4.711911528534067,0.9391973280427698,-0.3776951517407064,0.7835313545496712,-0.009349060788415202,-6.133360034062604,0.09258764513629883,-0.4702656651912252,1.0315764985725375,-0.3840643392207906,0.4233591993567646,-0.016055053050377337,-0.3664033817309206,-0.0024946246701201113,-6.133360034062604,0.09258764513629883,-0.4702656651912252,1.0315764985725375,-0.3840643392207906,0.4233591993567646,1.7564497549468265,1.7082351761131895,3.8475543774915573,3.8617176997816864,0.04731922144729852,0.06067030863376111
4.750219752342835,0.978715191426647,-0.3924079744039373,0.799749493509885,-0.009987520678456733,-6.273738662819774,0.09935851279137733,-0.5426892824073759,0.7966183696921599,-0.38051747098919037,0.4053441570052984,-0.014365104962065058,-0.25140861909062395,-0.0018424030918499075,-6.273738662819774,0.09935851279137733,-0.5426892824073759,0.7966183696921599,-0.38051747098919037,0.4053441570052984,1.7449304963267536,1.6972751020970636,3.8723800992091086,3.877050324844228,0.04561556629281454,0.05953946564146267
4.788527976151592,1.009232226223477,-0.4069849228451282,0.8152775081957486,-0.010555160929908762,-6.36641091749809,0.10539995490795774,-0.5981961800649069,0.5562825848835062,-0.3767112228440843,0.3845546945165373,-0.012947494243099803,-0.1347168704234976,-0.0010190603624123567,-6.36641091749809,0.10539995490795774,-0.5981961800649069,0.5562825848835062,-0.3767112228440843,0.3845546945165373,1.7393957254107242,1.6937155684433405,3.8851182507671433,3.8799679325471814,0.04397444799573421,0.05844032942937446
4.826836199960337,1.0305424239862855,-0.4214160606805142,0.8300091154997074,-0.011061823734027542,-6.410213904920386,0.11079489608040209,-0.6364209786452144,0.31239669060186087,-0.3726735377822512,0.3616388613694325,-0.011849455959100821,-0.017354590649933627,-4.544775257486073e-05,-6.410213904920386,0.11079489608040209,-0.6364209786452144,0.31239669060186087,-0.3726735377822512,0.3616388613694325,1.739762631851701,1.6971788192725104,3.884972409250366,3.869943441995624,0.042412173506614484,0.05748997945704599
4.865144423769072,1.0425097863267352,-0.43569252197291247,0.8438628579386923,-0.011519677456538532,-6.404578999454038,0.11565109725434305,-0.6574662357426585,0.06683278167460441,-0.3684291821065497,0.3372587040833086,-0.011102937443108295,0.09962838652177741,0.0010580738794310836,-6.404578999454038,0.11565109725434305,-0.6574662357426585,0.06683278167460441,-0.3684291821065497,0.3372587040833086,1.7459505667541146,1.7072347825561538,3.8714514603904395,3.8467946850611843,0.04093815881873484,0.05674749016182401
4.903452647577796,1.045070031484159,-0.4498063895382175,0.8567826398558758,-0.011942607943575033,-6.349513510828268,0.12009400270844091,-0.6620400556974629,-0.1785152640328854,-0.3639987939894154,0.31207234037821174,-0.010722049424589788,0.21517782325231258,0.0022719189762251406,-6.349513510828268,0.12009400270844091,-0.6620400556974629,-0.1785152640328854,-0.3639987939894154,0.31207234037821174,1.7577817665873148,1.7234286219811676,3.8443998304412346,3.8106331123832637,0.039545778512327864,0.05616877271090776
4.94176087138651,1.0382314287950754,-0.4637505368040505,0.8687375769153434,-0.01234542819316813,-6.2456341497834655,0.12425879349092907,-0.6514521774264127,-0.42175384867797366,-0.35939820605578193,0.286710761754643,-0.01070616190027974,0.32825542477062886,0.003576694448546101,-6.2456341497834655,0.12425879349092907,-0.6514521774264127,-0.42175384867797366,-0.35939820605578193,0.286710761754643,1.7750657623813886,1.7451314942990181,3.8039708301518367,3.761966694904955,0.038223392146529,0.0557143463804325
4.980069095195212,1.0220747879660184,-0.4775184437177629,0.8797209569448001,-0.012743129531076714,-6.094511747046547,0.12829023901181688,-0.627073820637027,-0.6610129995110933,-0.3546380723847323,0.2617547859415488,-0.011033159900812778,0.437863008698114,0.004954610676077327,-6.094511747046547,0.12829023901181688,-0.627073820637027,-0.6610129995110933,-0.3546380723847323,0.2617547859415488,1.7976621238202957,1.771900117257246,3.750814607916847,3.7016767271659314,0.03695801761099262,0.055346482471588264
5.0183773190039025,0.9967525540381692,-0.49110399836554053,0.8897483178674955,-0.013149890966991899,-5.8983320820998575,0.13232743820028733,-0.5906834049368747,-0.8944829195177286,-0.3497235011963906,0.23773270167642907,-0.01166646132951168,0.5430596966521883,0.006389251499253835,-5.8983320820998575,0.13232743820028733,-0.5906834049368747,-0.8944829195177286,-0.3497235011963906,0.23773270167642907,1.8254123394495874,1.803340135466943,3.685874383644159,3.63085761593732,0.0357364645956752,0.055026386881476645
5.056685542812581,0.9624865021618058,-0.5045012845203989,0.8988554354098636,-0.013578375951339471,-5.659774080637284,0.1364956289782054,-0.5444518892605192,-1.1204375450129689,-0.34465427207797056,0.2151046696004323,-0.012558998614155582,0.6429747921495856,0.007865822289526338,-5.659774080637284,0.1364956289782054,-0.5444518892605192,-1.1204375450129689,-0.34465427207797056,0.2151046696004323,1.8581463019479174,1.8391237848832218,3.610283126878525,3.550718080234637,0.03454611734647298,0.05471491187074889
5.09499376662125,0.9195645299211526,-0.5177043775117257,0.9070957132351616,-0.014039244270394963,-5.381886510383265,0.1408999812323641,-0.49091147531573603,-1.3372534371969502,-0.33942536697434594,0.19424768477396287,-0.013657380719489949,0.7368145283372959,0.009371097279031034,-5.381886510383265,0.1408999812323641,-0.49091147531573603,-1.3372534371969502,-0.33942536697434594,0.19424768477396287,1.8956846593708343,1.878994147755102,3.5252593058126998,3.4624949830757545,0.03337588585948067,0.054376183063130024
5.133301990429907,0.8683367259573047,-0.5307071604361289,0.9145369970177932,-0.014540891422749553,-5.0679867606323254,0.14562178868245948,-0.43289914767990156,-1.5434239501461349,-0.3340277389588294,0.17544173810767616,-0.0149056168356111,0.8238634778917812,0.010892984067503558,-5.0679867606323254,0.14562178868245948,-0.43289914767990156,-1.5434239501461349,-0.3340277389588294,0.17544173810767616,1.9378361762952936,1.9227564227238663,3.432022214783125,3.3673906226802996,0.03221700766467147,0.053980882081152114
5.171610214238552,0.8092108958405789,-0.5435031698185246,0.9212578583866315,-0.015089385461058312,-4.721592234540905,0.15071697076208826,-0.3734736456086089,-1.7375695212285398,-0.3284492268867257,0.15885814067209703,-0.01624808000437278,0.903482278053185,0.012419784102533896,-4.721592234540905,0.15071697076208826,-0.3734736456086089,-1.7375695212285398,-0.3284492268867257,0.15885814067209703,1.9843921696123112,1.9702599417912476,3.3317354199279237,3.266535214130673,0.031063389492213718,0.0535072486579633
5.209918438047185,0.742647693735339,-0.5560854763119791,0.9273434315933805,-0.015688550416471676,-4.346382432774369,0.15621645558132596,-0.31581147729664427,-1.9184453332795213,-0.32267552743916195,0.14455102866977645,-0.01763161856858528,0.9751034449774976,0.01393932641364272,-4.346382432774369,0.15621645558132596,-0.31581147729664427,-1.9184453332795213,-0.32267552743916195,0.14455102866977645,2.0351205683573235,2.021375601109526,3.225476628235639,3.160970251917913,0.029911500817645657,0.05294009731444563
5.248226661855806,0.6691554605404789,-0.5684466026348202,0.932880924751509,-0.01634014214360369,-3.9461829309073106,0.1621278858531139,-0.26309046742547443,-2.0849475242694275,-0.316691152496303,0.13245285191641124,-0.019006851538538375,1.0382266934134372,0.015438161404901762,-3.9461829309073106,0.1621278858531139,-0.26309046742547443,-2.0849475242694275,-0.316691152496303,0.13245285191641124,2.089761338465425,2.075972874522263,3.1142274659181157,3.0516464630446056,0.028760021788083335,0.0522690100939736
5.286534885664417,0.5892848241485673,-0.5805784781830167,0.9379549582469078,-0.01704406867798746,-3.524960587986926,0.16843810972184767,-0.2183689970836843,-2.2361187831739127,-0.3104803211595558,0.1223743234085778,-0.020328743689561703,1.0924146707036313,0.01690095071832347,-3.524960587986926,0.16843810972184767,-0.2183689970836843,-2.2361187831739127,-0.3104803211595558,0.1223743234085778,2.1480238690723747,2.1338994948606222,2.9988761306266385,2.93943063200342,0.02760943484152341,0.051486544594119284
5.324843109473015,0.5036230853371392,-0.5924724278143442,0.9426429012165779,-0.01779861669319277,-3.0868203903172327,0.17511601575443234,-0.1844673231519245,-2.3711537622928263,-0.30402775635455553,0.1140089949956208,-0.021556587945017962,1.1372895688297189,0.018310116295333724,-3.0868203903172327,0.17511601575443234,-0.1844673231519245,-2.3711537622928263,-0.30402775635455553,0.1140089949956208,2.209586175165596,2.194965690784472,2.880227382144626,2.8251171437723896,0.026461655067778405,0.05058679335908242
5.363151333281601,0.4127883963236649,-0.6041191911489953,0.9470103833131798,-0.018600655317555555,-2.6359965001839587,0.18211539445483813,-0.16385557482171245,-2.4894043686600815,-0.29731937283067944,0.10694237949510504,-0.02265354024900631,1.172530768509068,0.01964574636206444,-2.6359965001839587,0.18211539445483813,-0.16385557482171245,-2.4894043686600815,-0.29731937283067944,0.10694237949510504,2.2740955079972975,2.2589337707006667,2.759016236846657,2.709441665743427,0.02531971058435376,0.04956434730845243
5.401459557090175,0.3174237366160038,-0.6155089682262306,0.9511071559216243,-0.019445797394520143,-2.1768324047422714,0.18937762985694795,-0.15855170445056194,-2.590384712546074,-0.29034285554102074,0.1006653634626922,-0.02358585604768617,1.1978734906313278,0.020885712857373326,-2.1768324047422714,0.18937762985694795,-0.15855170445056194,-2.590384712546074,-0.29034285554102074,0.1006653634626922,2.3411700079384254,2.3255129809200787,2.6359233421944004,2.5930956353011276,0.024187437762622672,0.04841307598416427
5.439767780898737,0.21819069929451967,-0.6266314873177382,0.9549634671950534,-0.02032850605758265,-1.7137472561015095,0.19683413883502898,-0.17003136568614807,-2.6737752954992464,-0.28308813491222173,0.09459152928349872,-0.02432196671646363,1.213108351245204,0.02200593599535845,-1.7137472561015095,0.19683413883502898,-0.17003136568614807,-2.6737752954992464,-0.28308813491222173,0.09459152928349872,2.4104008752950654,2.3943596091511408,2.511591473154241,2.4767409453995906,0.023069216355474858,0.04712520155374095
5.478076004707286,0.11576311685776258,-0.6374760909477369,0.9585871006693731,-0.021242141248034783,-1.251186729417274,0.20440849445173015,-0.19915422926960485,-2.7394259089360875,-0.27554776866865466,0.08807792967244331,-0.02483154903854124,1.2180816997150001,0.022980723110653765,-1.251186729417274,0.20440849445173015,-0.19915422926960485,-2.7394259089360875,-0.27554776866865466,0.08807792967244331,2.4813554140550393,2.465079004774423,2.38664191263007,2.3610253542810793,0.021969741022335582,0.04569130840323136
5.516384228515823,0.010820576028315928,-0.6480318365400854,0.9619612097119963,-0.022178947955563705,-0.7935598630430618,0.21201838581718296,-0.2461033461763005,-2.787356650191926,-0.2677172423149129,0.08044868488529257,-0.02508459325414609,1.212696680944044,0.02378314570058927,-0.7935598630430618,0.21201838581718296,-0.2461033461763005,-2.787356650191926,-0.2677172423149129,0.08044868488529257,2.5535807252127647,2.537231811533703,2.26169307279885,2.2465989454338153,0.020893757609509747,0.04410024492212596
5.554692452324348,-0.09595810636445769,-0.6582876085763424,0.965043055937826,-0.023129989856567883,-0.34516248930144094,0.21957742727120483,-0.3103411946342101,-2.817756519030114,-0.25959519453958074,0.07102090282008099,-0.025050598462765212,1.1969149791073102,0.024385409227318182,-0.34516248930144094,0.21957742727120483,-0.3103411946342101,-2.817756519030114,-0.25959519453958074,0.07102090282008099,2.6266077106528716,2.6103413417329455,2.137381171729945,2.1341327857084145,0.019845778952441297,0.042339170717524195
5.59300067613286,-0.20390135373643067,-0.6682322393886441,0.9677637405782875,-0.024085038793616915,0.0899101039235299,0.22699691119468351,-0.39058281157609975,-2.830979080920058,-0.25118357331244673,0.059132282879188,-0.02469791401970875,1.1707593187884264,0.024759197027215327,0.0899101039235299,0.22699691119468351,-0.39058281157609975,-2.830979080920058,-0.25118357331244673,0.059132282879188,2.699954411555431,2.6839017825432774,2.014384368861941,2.0243403782832394,0.018829819582260106,0.04039419783642121
5.631308899941359,-0.31235113396860886,-0.6778546359323896,0.9700289933052835,-0.025032433661742414,0.5078578152348403,0.23418758942909182,-0.4847853263625212,-2.827534784535985,-0.24248772483462583,0.044169749117758214,-0.02399328548919292,1.134316888432684,0.02487597236106543,0.5078578152348403,0.23418758942909182,-0.4847853263625212,-2.827534784535985,-0.24248772483462583,0.044169749117758214,2.7731286230253844,2.757384311574976,1.8934527430248305,1.9180037130969056,0.01784918818214196,0.03825285788324786
5.669617123749847,-0.4206689693240534,-0.6871439099664471,0.9717210579402101,-0.025958927407359507,0.9052730376429666,0.24106139173601293,-0.5901585811466112,-2.808079653686933,-0.2335164142456643,0.025598484336603507,-0.022901601851931956,1.0877440452088674,0.02470728863629809,0.9052730376429666,0.24106139173601293,-0.5901585811466112,-2.808079653686933,-0.2335164142456643,0.025598484336603507,2.8456258733587387,2.830239314093501,1.7754453206746141,1.8160033236307578,0.016906365505508673,0.035911933845219374
5.707925347558321,-0.5282415131727257,-0.6960895090266124,0.972701690407501,-0.02684954387477531,1.2792325165217464,0.24753270261724794,-0.7032073085228987,-2.773400251553143,-0.22428178049951256,0.002990557327793487,-0.021385946398924615,1.0312728320216953,0.02422515198703155,1.2792325165217464,0.24753270261724794,-0.7032073085228987,-2.773400251553143,-0.22428178049951256,0.002990557327793487,2.9169180593357735,2.9018882079158113,1.661376055257532,1.7193492631710026,0.016002977373246734,0.03339717876774958
5.7462335713667825,-0.6344855507229352,-0.7046813456704454,0.9728162533471014,-0.027687472787542133,1.627372606792252,0.25351886845073185,-0.819807610614711,-2.7243951260073223,-0.21479924232778738,-0.023948065630564272,-0.01940814050375738,0.9652201087879034,0.02340261013119802,1.627372606792252,0.25351886845073185,-0.819807610614711,-2.7243951260073223,-0.21479924232778738,-0.023948065630564272,2.98642915523926,2.9717025897018177,1.5524706472911232,1.6292101122085512,0.015139841765344707,0.030789196752054833
5.784541795175231,-0.7388522889560015,-0.7129099231197285,0.9718988454893319,-0.02845403919979848,1.9479424459043433,0.25894043615973933,-0.9352892833956189,-2.6620533719668655,-0.20508738477555816,-0.05535343905754104,-0.01693013402167524,0.8900002320229708,0.022214808116961193,1.9479424459043433,0.25894043615973933,-0.9352892833956189,-2.6620533719668655,-0.20508738477555816,-0.05535343905754104,3.05350589869109,3.038977361534225,1.4502430125712373,1.5469393000171336,0.01431703690340618,0.028234671347625095
5.822850018983667,-0.8408308253227075,-0.7207664565563096,0.969778353557546,-0.029128794261883743,2.239836830689521,0.2637216831241985,-1.044501236435737,-2.5874311567835937,-0.19516783659413964,-0.0911827102511344,-0.013916820390788308,0.8061420414579855,0.020640957833006752,2.239836830689521,0.2637216831241985,-1.044501236435737,-2.5874311567835937,-0.19516783659413964,-0.0911827102511344,3.117388575615553,3.102903366454672,1.3565997392544002,1.4740964817673,0.013533928540799867,0.02591245739275124
5.861158242792089,-0.9399507171691279,-0.7282429897210828,0.9662853058859964,-0.029689786318365705,2.502611762248878,0.26779177074195953,-1.1418522650576075,-2.5016269861796614,-0.1850651273339236,-0.13119569738429868,-0.010341152679658605,0.7143107886259088,0.01866786339576406,2.502611762248878,0.26779177074195953,-1.1418522650576075,-2.5016269861796614,-0.1850651273339236,-0.13119569738429868,3.1771849751768717,3.1625425313488575,1.2739778858545483,1.4124545452622064,0.012789161081393384,0.02390140089784398
5.899466466600498,-1.0357836036443968,-0.7353325060384487,0.9612594317481209,-0.030114085098390572,2.736475013281231,0.2710859837177391,-1.2213530182144137,-2.405756374686411,-0.17480650024632713,-0.17493802950984783,-0.006192835228280555,0.6153353675582376,0.016295928972995147,2.736475013281231,0.2710859837177391,-1.2213530182144137,-2.405756374686411,-0.17480650024632713,-0.17493802950984783,3.231848354952675,3.216806748048781,1.205502382934446,1.3639709278025667,0.012080793281368416,0.022159762654982523
5.937774690408894,-1.1279438572779756,-0.7420290325733803,0.9545578665612939,-0.0303786485198638,2.94221273679569,0.27354447609120136,-1.2767541997256242,-2.3009268774321385,-0.16442167771078278,-0.22172589428022985,-0.001492081531482788,0.5102402018620024,0.013548713353171269,2.94221273679569,0.27354447609120136,-1.2767541997256242,-2.3009268774321385,-0.16442167771078278,-0.22172589428022985,3.2801616112552554,3.2644436143954425,1.1550846463163484,1.3306880966948385,0.011406548174936249,0.020623186850597792
5.976082914217277,-1.2160882790690606,-0.7483277350024138,0.9460639413793428,-0.030461636842730417,3.120945022703961,0.27510168002436364,-1.3020200535020003,-2.188215933419719,-0.15394267469916553,-0.2706360799111668,0.00369121749278682,0.4002779224073846,0.010486249484647266,3.120945022703961,0.27510168002436364,-1.3020200535020003,-2.188215933419719,-0.15394267469916553,-0.2706360799111668,3.3207339945223553,3.304037055160229,1.1272187910108658,1.3145255615492673,0.010764004395116029,0.019242557310192615
6.014391138025646,-1.2999149447913094,-0.7542250054387937,0.935696353859749,-0.03034425971903719,3.273531853203631,0.2756562211438126,-1.292513343469542,-2.0686580729970045,-0.14340401797076238,-0.320514155523264,0.009218105595180236,0.2869509613656106,0.007218369686372599,3.273531853203631,0.2756562211438126,-1.292513343469542,-2.0686580729970045,-0.14340401797076238,-0.320514155523264,3.3520229065994043,3.3340378122233036,1.1260276535196754,1.3169628428900286,0.010150712651436153,0.017984002284726956
6.0526993618340015,-1.3791615612384815,-0.7597185586545864,0.9234180258564927,-0.030013080749641482,3.3996398672046486,0.27502806130554486,-1.2468195866013339,-1.9432548821213529,-0.13284411775704538,-0.3700280459597539,0.014878193988427475,0.17199729536967792,0.0039056642130473633,3.3996398672046486,0.27502806130554486,-1.2468195866013339,-1.9432548821213529,-0.13284411775704538,-0.3700280459597539,3.372400188493531,3.3528454027800327,1.1534981373823323,1.3386989998639727,0.00956426841972677,0.016823813672922433
6.091007585642343,-1.4536042041833543,-0.7648075808496018,0.9092429086567887,-0.029462247511799725,3.4971548750667267,0.2729545568185356,-1.167737084668229,-1.8130207172213668,-0.12230828123100106,-0.41779148973150143,0.020425453675329993,0.05731514008533432,0.0007328607221779192,3.4971548750667267,0.2729545568185356,-1.167737084668229,-1.8130207172213668,-0.12230828123100106,-0.41779148973150143,3.3802840588583405,3.3589613623429995,1.208316490828949,1.3794582288247763,0.009002359566847726,0.015744726207976078
6.129315809450672,-1.5230578075917922,-0.7694929938609731,0.8932380587632339,-0.028694601302516415,3.562701564500275,0.269161772091108,-1.0610634870336266,-1.6790509255755632,-0.1118518769789134,-0.46252542331989155,0.02563971862059704,-0.055156902893702446,-0.0021367899636790984,3.562701564500275,0.269161772091108,-1.0610634870336266,-1.6790509255755632,-0.1118518769789134,-0.46252542331989155,3.3743422194038977,3.351209592233062,1.2867218555836377,1.4380797973352224,0.008462797299572488,0.01473366555964717
6.167624033258986,-1.5873792662383535,-0.7737778405980286,0.8755195313299612,-0.02772102207925176,3.592844818974616,0.26345404179519694,-0.9333546540846559,-1.542570156681071,-0.10154076757302141,-0.5031728808556825,0.030367033873030833,-0.16354561045040086,-0.004592831988069969,3.592844818974616,0.26345404179519694,-0.9333546540846559,-1.542570156681071,-0.10154076757302141,-0.5031728808556825,3.3537295823385547,3.328969641991138,1.3842768138970722,1.5128347387345735,0.00794353505752757,0.013780407625923542
6.205932257067287,-1.6464723890446185,-0.7776676870482544,0.8562438719961795,-0.02655861416804734,3.5850774125310587,0.2557584609852492,-0.7903904642689347,-1.4049346532478828,-0.09144831117674308,-0.5389280398365964,0.03452073620227007,-0.26610511524336905,-0.006580990198384137,3.5850774125310587,0.2557584609852492,-0.7903904642689347,-1.4049346532478828,-0.09144831117674308,-0.5389280398365964,3.318271474934719,3.292323623850987,1.4969858052851979,1.601772762424574,0.007442678852907831,0.01287675246029191
6.244240480875574,-1.7002929401814395,-0.7811709094200792,0.8355984960298647,-0.025228757592004946,3.5382797103467523,0.24612215064564313,-0.6366691159338529,-1.2675967053591544,-0.08165065881246743,-0.5692064946375102,0.038062616183301805,-0.3612481278420159,-0.008091083258162572,3.5382797103467523,0.24612215064564313,-0.6366691159338529,-1.2675967053591544,-0.08165065881246743,-0.5692064946375102,3.2685042074425814,3.2420427942458407,1.6216242310686109,1.7029697896212868,0.006958491827080125,0.012015989866913445
6.282548704683846,-1.7488523184732094,-0.7842988011323403,0.8137932062404747,-0.023755510920414884,3.452757335669166,0.2346849793619053,-0.4755431777385506,-1.1320514943194195,-0.0722221563813678,-0.5935961576223251,0.040983333016473174,-0.4475622720022629,-0.009142340320038805,3.452757335669166,0.2346849793619053,-0.4755431777385506,-1.1320514943194195,-0.0722221563813678,-0.5935961576223251,3.2055559884581166,3.179428173319421,1.7556925136286043,1.814658297613424,0.0064893950131569254,0.01119253744702619
6.320856928492105,-1.792219200484368,-0.7870655036632966,0.7910535917828592,-0.0221643811552157,3.330061798187569,0.22164713835647815,-0.309582729858232,-0.9997824935494457,-0.06323179166753949,-0.6118133721054694,0.043288696976943854,-0.5238165890703349,-0.00977132244998684,3.330061798187569,0.22164713835647815,-0.309582729858232,-0.9997824935494457,-0.06323179166753949,-0.6118133721054694,3.1309395023968514,3.106094119774537,1.8972684522237397,1.9352742493785215,0.006033965649884215,0.010401686035767086
6.359165152300349,-1.8305190920111714,-0.7894878012906803,0.7676161081956637,-0.0204813591957848,3.1727600029131833,0.20724228524395663,-0.14089701057618098,-0.8722137408895848,-0.05474088348492402,-0.6236729366079281,0.04499146717619121,-0.588959288033289,-0.010023398502610255,3.1727600029131833,0.20724228524395663,-0.14089701057618098,-0.8722137408895848,-0.05474088348492402,-0.6236729366079281,3.0463507805610983,3.02378282480176,2.0448618345792475,2.0634576852028257,0.0055909339583383125,0.00963941521687465
6.397473376108579,-1.8639320512101747,-0.7915848273070711,0.7437243057572415,-0.018732166506210592,2.984236741361359,0.19171942400686962,0.028692457578016552,-0.750670940608524,-0.04680179963926855,-0.6290704508229072,0.0461066809724593,-0.6421089436654396,-0.009947316356307299,2.984236741361359,0.19171942400686962,0.028692457578016552,-0.750670940608524,-0.04680179963926855,-0.6290704508229072,2.9535292241590856,2.9342489403753858,2.1972973422982625,2.198031734689912,0.0051591790208531845,0.008902256588994137
6.435781599916795,-1.8926889216137612,-0.7933777211226722,0.7196257341362639,-0.016941712219711646,2.768549049224177,0.17533242859505185,0.19762812915778313,-0.6363501316240366,-0.039457369036028346,-0.6279712937363483,0.04664892050185158,-0.6825425176902096,-0.009592086277182891,2.768549049224177,0.17533242859505185,0.19762812915778313,-0.6363501316240366,-0.039457369036028346,-0.6279712937363483,2.85418769479616,2.839212921799719,2.353625852126918,2.337973582785422,0.0047377242237882445,0.008187190217431263
6.474089823724996,-1.9170663648808597,-0.7948892628469821,0.6955692692709573,-0.01513377461896876,2.5303202598073278,0.15833482125886672,0.3647020155130091,-0.5302919350226062,-0.03274069512056932,-0.6204005111337522,0.04663056570591299,-0.7096834115245303,-0.009005452480908515,2.5303202598073278,0.15833482125886672,0.3647020155130091,-0.5302919350226062,-0.03274069512056932,-0.6204005111337522,2.7499990646578594,2.7403665175107634,2.5130578671731496,2.482383703050563,0.004325732602853741,0.007491565070384864
6.512398047533183,-1.937380907015879,-0.7961435007236934,0.6718028276399917,-0.013330908256098662,2.2746549396505498,0.14097768785911216,0.5292097330202499,-0.4333598602037024,-0.026675169351150094,-0.6064294247001857,0.0460605041979497,-0.7230919403926657,-0.008233413222718587,2.2746549396505498,0.14097768785911216,0.5292097330202499,-0.4333598602037024,-0.026675169351150094,-0.6064294247001857,2.642623372323909,2.6394155940643675,2.674912445574294,2.6304556221617794,0.003922502343647065,0.006813036730881398
6.550706271341355,-1.9539821535345634,-0.7971653790817167,0.6485715935149632,-0.01155455829539883,2.007059960635975,0.12350934734890698,0.691147577585834,-0.34622186968934643,-0.021274564532678706,-0.5861563398062101,0.04494298110494158,-0.7224599061391724,-0.007320440108381104,2.007059960635975,0.12350934734890698,0.691147577585834,-0.34622186968934643,-0.021274564532678706,-0.5861563398062101,2.5337668172108345,2.5381537876146405,2.8385760103449607,2.7814463649730006,0.003527462651450709,0.0061495184145115055
6.589014495149512,-1.9672452984104454,-0.7979803698616555,0.626116985263331,-0.009825348914661488,1.7333631141081438,0.10617606290174438,0.8514461405589525,-0.26933496752101643,-0.016543140812031277,-0.5596797037196358,0.04327636704197844,-0.7076106803306611,-0.006310201009870339,1.7333631141081438,0.10617606290174438,0.8514461405589525,-0.26933496752101643,-0.016543140812031277,-0.5596797037196358,2.425273516681925,2.4385699673117833,3.0034662270146866,2.9346463548944732,0.003140170228922237,0.005499142056339856
6.627322718957655,-1.9775630426301607,-0.7986141082027733,0.6046766499125857,-0.008163506423389099,1.4596252659955504,0.08922354056365277,1.0122514515317553,-0.20293290540505635,-0.012475724431317989,-0.5270623144065948,0.041051663739119115,-0.6785064787510273,-0.005246699181293584,1.4596252659955504,0.08922354056365277,1.0122514515317553,-0.20293290540505635,-0.012475724431317989,-0.5270623144065948,2.319261209991424,2.3430009687753803,3.1689959978904563,3.089345892601996,0.0027603067287872113,0.004860227434818728
6.665630942765782,-1.9853370417930263,-0.7990920310468587,0.5844858288116764,-0.00658937931169889,1.1920442535519553,0.07289922869859818,1.1772750745260399,-0.14701725403935015,-0.009057729070446703,-0.4882847592513043,0.03825061561148171,-0.6352653339038264,-0.00417578614769424,1.1920442535519553,0.07289922869859818,1.1772750745260399,-0.14701725403935015,-0.009057729070446703,-0.4882847592513043,2.2183226070549558,2.2543447619064785,3.334530844775323,3.2447924378760478,0.002387677848343179,0.0042312582323677204
