3.851859888774472e-34,-2.0,0.8,0.5,-3.9521055470474382e-19,1.5770161453716651e-21,4.106229085929485e-21,4.052599087198138e-21,1.8500161260743078e-20,1.1869797645416618e-19,1.5995210017333974e-20,-8.474832046674213e-20,7.143030438884146e-20,1.762190035407088e-20,1.5770161453716651e-21,4.106229085929485e-21,4.052599087198138e-21,1.8500161260743078e-20,1.1869797645416618e-19,1.5995210017333974e-20,0.1000004483876034,0.10000037374352914,4.610001015136197,4.9999981627326715,1.000000004085235,1.000000002865769
0.033797467093782584,-2.0,0.8,0.5,-7.961069342816585e-19,4.848508072402149e-18,1.1319039957219018e-17,0.3899988516313421,6.179794725722994e-20,2.409865524072641e-19,1.35089459137572e-19,0.009321724388501798,0.2249180408632209,-0.006590456619890134,4.848508072402149e-18,1.1319039957219018e-17,0.3899988516313421,6.179794725722994e-20,2.409865524072641e-19,1.35089459137572e-19,0.10000081596604293,0.10000062965611484,4.999998326237146,4.999999079772039,1.0000000122557053,1.0000000085973069
0.06759493418756517,-2.0,0.8,0.5,0.0003150506732776989,0.07753545116274342,-0.00323078664255041,0.3897030272041788,2.256637173922348e-19,6.235441193036069e-19,0.01318097335462328,0.009321746852698666,0.4591578152552879,-0.006590466205273662,0.07753545116274342,-0.00323078664255041,0.3897030272041788,2.256637173922348e-19,6.235441193036069e-19,0.01318097335462328,0.10000098527547363,0.10000076518900522,4.999997687102896,4.999998799066171,0.9991995540075816,0.9993271392528885
0.10139240128134774,-2.0,0.8,0.5004454835132169,0.0006284460371852429,0.23580105996238393,-0.006514041767649013,0.38726920088771793,0.002620501859274407,-0.00010919240523862916,0.02635194859290397,0.009321778691388461,0.6933975603749615,-0.006590481276862172,0.23580105996238393,-0.006514041767649013,0.38726920088771793,0.002620501859274407,-0.00010919240523862916,0.02635194859290397,0.10000124237611056,0.10000097022428076,4.999996643984763,4.999998384982747,0.9983990957618278,0.9986506375375703
0.13518986837513033,-1.999911433674642,0.799996309573277,0.5013361126286426,0.0009386883875792496,0.47468598820617824,-0.009882531808851526,0.3789392783791938,0.010589980424032131,-0.000329350517528272,0.03944066666634209,0.00932182680975098,0.9276372596185777,-0.006590506098501956,0.47468598820617824,-0.009882531808851526,0.3789392783791938,0.010589980424032131,-0.000329350517528272,0.03944066666634209,0.1000016760366836,0.1000013152232897,4.999994765082056,4.999997737300727,0.9975986175478424,0.997971921937521
0.1689873354689129,-1.999553519159737,0.7999851783599986,0.5026691072624552,0.0012447362780093501,0.7938386492289106,-0.013364865150899885,0.3590451029299826,0.026633164490310102,-0.0006633550611411911,0.05224785445790461,0.009321906475975536,1.161876879860153,-0.006590550227943911,0.7938386492289106,-0.013364865150899885,0.3590451029299826,0.026633164490310102,-0.0006633550611411911,0.05224785445790461,0.10000255559432765,0.10000201410688281,4.999990790416857,4.999996636254007,0.9967980595621886,0.9972914264659265
0.2027848025626955,-1.9986533856592723,0.7999627586391482,0.504434952404217,0.0015462202946383268,1.1924424282282267,-0.016983641854532352,0.32002701115643367,0.05346290011539702,-0.0011150536512915714,0.06438266950936447,0.009322059145984612,1.3961163410539756,-0.0065906398647362354,1.1924424282282267,-0.016983641854532352,0.32002701115643367,0.05346290011539702,-0.0011150536512915714,0.06438266950936447,0.10000526393208642,0.10000416702904028,4.9999791361523265,4.999994503239578,0.995997280916792,0.9966091299104557
0.23658226965647805,-1.9968464750518842,0.7999250726500609,0.5066109235583696,0.0018436499451651921,2.5581101763708003,-0.03181083738656502,5.613731685724394,0.0937644338446707,-0.0016890577280027172,0.07519877188804563,0.0093224526687359,1.6303553565099065,-0.006590881012776792,2.5581101763708003,-0.03181083738656502,5.613731685724394,0.0937644338446707,-0.0016890577280027172,0.07519877188804563,3.8936518926570716,1.740899876947784,4.999921275529933,4.999990128157914,0.995196018401402,0.9959246315812205
0.2703797367502606,-1.9936774746844517,0.7998679867770792,0.5091524515767486,0.0021386288810352934,3.287858830319707,-0.03654075764542839,4.930232713662787,0.1802220783528332,-0.002764183457800817,0.26492868380964046,0.06077923658417952,1.7346963031757106,0.02978673817101332,3.287858830319707,-0.03654075764542839,4.930232713662787,0.1802220783528332,-0.002764183457800817,0.26492868380964046,4.999994450139043,4.999995591730591,0.10253962316181965,4.999980436538257,0.9943938450868929,0.9952371426287503
0.30417720384404323,-1.9875864249217488,0.799774564377623,0.5181063700500042,0.004445334871172797,4.14567196089691,-0.06767232580955715,4.711419705989629,0.29134337897956597,-0.003999168511904068,0.4315580617143489,0.17783797502189888,1.6176368402583388,-0.05297382848735702,4.14567196089691,-0.06767232580955715,4.711419705989629,0.29134337897956597,-0.003999168511904068,0.4315580617143489,4.9999971040736195,4.999997701408493,0.10179958820033373,4.9999540424606765,0.9935901283791259,0.9945454459347347
0.3379746709378258,-1.9777397566576953,0.7996394026114394,0.5326919394398514,0.01001406525753431,4.844896113132126,-0.15696490106572342,4.208675644487233,0.4314565906595964,-0.006286321716612309,0.5907921141925322,0.29491378393259393,1.5005589442728882,-0.13574644557562413,4.844896113132126,-0.15696490106572342,4.208675644487233,0.4314565906595964,-0.006286321716612309,0.5907921141925322,4.999997935996749,4.999998366500626,2.7339541972167716,2.099151777036624,0.9927832584104557,0.9938478364063248
0.37177213803160836,-1.963157616732482,0.7994269408600813,0.5526592164785398,0.018571335707358555,5.647373462709098,-0.3146083579640599,4.190121583831203,0.5952018076159745,-0.011591337795259934,0.7330346907954935,0.2797407086447349,1.3770597887948053,-0.1250190958970484,5.647373462709098,-0.3146083579640599,4.190121583831203,0.5952018076159745,-0.011591337795259934,0.7330346907954935,4.999998327565606,4.999998680607555,4.9994453398737,0.10006790256286223,0.9919712671900197,0.9931422574908538
0.405569605125391,-1.9430413032254212,0.7990351830023731,0.5774339323193015,0.026669944181941747,4.46975552644397,-0.3294113158103363,-0.061011734910056604,0.7860687263881863,-0.022224303420979218,0.8746501871439768,0.1626356452434212,1.25992829033929,-0.04222582800424331,4.46975552644397,-0.3294113158103363,-0.061011734910056604,0.7860687263881863,-0.022224303420979218,0.8746501871439768,4.999998548524001,4.99999886047747,0.6298332893958478,0.1000340945076545,0.9911517120863638,0.9924263448346681
0.43936707221917354,-1.916474171311865,0.7982840578388203,0.6069948932378708,0.032033071046988895,4.7261493350276345,-0.3801335828405523,-0.5618636750164345,0.9371351417104292,-0.033357571527398676,0.8725881450410197,0.1499723627831784,1.038353386182052,-0.03327289784808874,4.7261493350276345,-0.3801335828405523,-0.5618636750164345,0.9371351417104292,-0.033357571527398676,0.8725881450410197,4.999998690154964,4.999998965474859,0.29272066163710914,0.10002023247374087,0.9903217245996554,0.9916974564161777
0.4731645393129561,-1.8848013771974794,0.7971566564127945,0.6364861623563195,0.037101759313237295,5.601596595872236,-0.4839462325649742,0.2630917652810678,1.096867018341328,-0.04620512378469392,0.8535985759734599,0.14536642521689705,0.8087204694501159,-0.030016509293842926,5.601596595872236,-0.4839462325649742,0.2630917652810678,1.096867018341328,-0.04620512378469392,0.8535985759734599,4.99999877720904,4.999999020910371,1.4359879101629613,0.10001299537022855,0.9894778631454929,0.9909526909214054
0.5069620064067387,-1.847730050238833,0.7955950402621172,0.6653356321390822,0.042014817981044034,7.687459505744555,-0.7111182959844573,3.16645910461105,1.2861867949629646,-0.06256128065496869,0.862490411253192,0.11343391004199317,0.6064137817138636,-0.007440229301673597,7.687459505744555,-0.7111182959844573,3.16645910461105,1.2861867949629646,-0.06256128065496869,0.862490411253192,4.999998822136505,4.999999040354878,4.999370612415075,0.10000945191520202,0.9886173148970082,0.9901888812955465
0.5407594735005212,-1.8042601943596146,0.793480627437836,0.694485623432115,0.0462100565386705,5.4682332454776486,-0.5305776373086031,-0.9964773504971459,1.5460034546431523,-0.08659527786329012,0.9695087086450922,-0.0036707610879779585,0.48927907961163214,0.07535276581198772,5.4682332454776486,-0.5305776373086031,-0.9964773504971459,1.5460034546431523,-0.08659527786329012,0.9695087086450922,4.9999988381594305,4.99999903910024,0.2856227605026877,0.10000736200052375,0.9877368918714671,0.9894024411107731
0.5745569405943038,-1.7520091934744384,0.7905539263837745,0.7272525621096831,0.04814009202411509,5.5134049883803184,-0.5206303292549801,-1.2436503002649721,1.730815887818311,-0.10452745810092454,0.9358302981819653,-0.008107350277699751,0.2594761957227313,0.07848942757783063,5.5134049883803184,-0.5206303292549801,-1.2436503002649721,1.730815887818311,-0.10452745810092454,0.9358302981819653,4.999998834218485,4.999999021586065,0.10053709524574776,0.1000060975307783,0.9868325214135183,0.9885892179697805
0.6083544076880865,-1.6935120004605029,0.7870211630582118,0.7588812558178528,0.04984403205691233,5.588299580682626,-0.5179526331401587,-1.2926150545813047,1.9171550114877915,-0.12212344452194492,0.893798068082587,-0.008120046678228876,0.02524935943510477,0.07849839760045509,5.588299580682626,-0.5179526331401587,-1.2926150545813047,1.9171550114877915,-0.12212344452194492,0.893798068082587,4.999998807998061,4.999998984334905,0.1001545373995584,0.10000519072172956,0.985898240097694,0.9877444376773916
0.642151874781869,-1.6287170170460639,0.782893699960602,0.7890893666123605,0.05133628961584578,5.595627130620511,-0.5151440470431088,-1.2973510255363414,2.1060253826761115,-0.13962893159663747,0.8501109533104474,-0.008123620581459533,-0.20898664091821362,0.0785009183903005,5.595627130620511,-0.5151440470431088,-1.2973510255363414,2.1060253826761115,-0.13962893159663747,0.8501109533104474,4.999998759785862,4.999998925101009,0.10007665576205621,0.10000452848622679,0.9849289510470522,0.9868625403110268
0.6759493418756516,-1.5575386934763973,0.7781745957396246,0.8178209635829344,0.0525649708925054,5.535349558043672,-0.512601218730749,-1.2579148509200802,2.2951434064923353,-0.15703949557513494,0.8062637747157978,-0.008125348520967773,-0.4432245160611766,0.07850213445629958,5.535349558043672,-0.512601218730749,-1.2579148509200802,2.2951434064923353,-0.15703949557513494,0.8062637747157978,4.999998688016792,4.99999883918564,0.10004819356056714,0.10000404069855263,0.983918789025161,0.9859369472314233
0.7097468089694342,-1.4799686597199604,0.7728670585554998,0.8450706369778006,0.05349535038761304,5.4065123075595976,-0.5106329068496828,-1.175788570275341,2.4822242010329,-0.17436411839742028,0.763749438935046,-0.008126407477138355,-0.6774630793986031,0.07850287802918801,5.4065123075595976,-0.5106329068496828,-1.175788570275341,2.4822242010329,-0.17436411839742028,0.763749438935046,4.999998589074731,4.999998718171784,0.1000347125065708,0.10000368168145023,0.9828609002156553,0.9849596685281224
0.7435442760632167,-1.3960757689661603,0.7669739930016265,0.8708834335081027,0.054112515448697995,5.207195890360985,-0.5094526378431194,-1.05407989659025,2.6649506228397764,-0.19162221726367495,0.7240107634219195,-0.008127152262459629,-0.9117019682843992,0.07850340022925678,5.207195890360985,-0.5094526378431194,-1.05407989659025,2.6649506228397764,-0.19162221726367495,0.7240107634219195,4.9999984568771065,4.999998547431717,0.10002741121583872,0.10000342208895277,0.9817472453686847,0.9839207325895878
0.7773417431569993,-1.3060071879841775,0.7604976474192198,0.8953531634603994,0.05442181139722859,4.934628498075098,-0.509177902361897,-0.8976125606195282,2.8409406545951317,-0.20884042602701852,0.6883855328026928,-0.008127727815672494,-1.1459410306498103,0.07850380408486182,4.934628498075098,-0.509177902361897,-0.8976125606195282,2.8409406545951317,-0.20884042602701852,0.6883855328026928,4.999998281994676,4.999998300665952,0.10002323321079608,0.1000032439013024,0.9805683500015887,0.9828073043286863
0.811139210250782,-1.2099905896951093,0.7534393699927201,0.9186188508531344,0.054447237510856845,4.585377465759223,-0.5098292404122673,-0.7130336481486284,3.0077185988788666,-0.226049349426976,0.6580485018221883,-0.00812820604698203,-1.3801801870588126,0.07850414156335582,4.585377465759223,-0.5098292404122673,-0.7130336481486284,3.0077185988788666,-0.226049349426976,0.6580485018221883,4.999998050086596,4.999997926851161,0.10002094240780013,0.10000313772236626,0.9793129878811374,0.9816022384038543
0.8449366773445645,-1.108337319322143,0.745799474543891,0.9408592234395827,0.05422830291105439,4.1556156627443235,-0.511328531350143,-0.5089428111014985,3.162692742890436,-0.24328028640325775,0.6339497705621253,-0.00812862866948875,-1.6144193862825387,0.07850444452251364,4.1556156627443235,-0.511328531350143,-0.5089428111014985,3.162692742890436,-0.24328028640325775,0.6339497705621253,4.999997633409139,4.999997468457423,0.10001453664314118,0.10000326513797371,0.9779677801196047,0.9802815635609851
0.8787341444383471,-1.0014463154165585,0.7375772170696108,0.9622851199492672,0.053816108144470215,3.641479957358332,-0.5134981306586748,-0.29600360629643135,3.303142026506445,-0.2605618956156764,0.6167487926513052,-0.008128894138636402,-1.8486587146555613,0.07850463778415125,3.641479957358332,-0.5134981306586748,-0.29600360629643135,3.303142026506445,-0.2605618956156764,0.6167487926513052,4.999996984040225,4.999996744769767,0.10001181353845696,0.10000347673760818,0.9765166873228706,0.9788098574791725
0.9125316115321297,-0.8898084814696167,0.7287708849766464,0.9831296669740298,0.05326947146631524,3.0394988728010004,-0.5160580731455249,-0.08707611745613811,3.4262148255379317,-0.2779168317893318,0.6067446205078606,-0.008129087686031685,-2.082898070239811,0.07850478270889513,3.0394988728010004,-0.5160580731455249,-0.08707611745613811,3.4262148255379317,-0.2779168317893318,0.6067446205078606,4.999995864823421,4.999995480551016,0.10001062761586357,0.10000381908447885,0.974940366375993,0.9771314803644565
0.9463290786259122,-0.7740110986472685,0.7193779999994382,1.003636098319974,0.05265178849965829,2.3471270555540404,-0.5186256235709772,0.10272147011435925,3.5289421886730126,-0.2953582875349485,0.6038016682934825,-0.008129241238847437,-2.3171373890182885,0.07850490425816982,2.3471270555540404,-0.5186256235709772,0.10272147011435925,3.5289421886730126,-0.2953582875349485,0.6038016682934825,4.999993559871483,4.99999283747936,0.10001043605467484,0.10000438700638499,0.9732153568692751,0.975156060357364
0.9801265457196948,-0.6547417911497312,0.7093956379955998,1.0240430653352939,0.052029145756457305,1.5633647109870248,-0.520715724995739,0.25600690961326333,3.608269138098027,-0.3128865199815811,0.6072733937994975,-0.008129368556730396,-2.551376580533185,0.0785050186869371,1.5633647109870248,-0.520715724995739,0.25600690961326333,3.608269138098027,-0.3128865199815811,0.6072733937994975,4.999986463936501,4.999984530997326,0.10001130404431409,0.10000540641637867,0.971313055574741,0.9727637581275173
1.0139240128134774,-0.5327914336893519,0.6988208661324341,1.044567367879162,0.05147003035631117,0.2612548784953064,-0.19770128082267976,-5.958909552078846,3.661106905473192,-0.3304853925623397,0.6159257789029328,-0.00812946332083075,-2.785615358786406,0.07850515101360422,0.2612548784953064,-0.19770128082267976,-5.958909552078846,3.661106905473192,-0.3304853925623397,0.6159257789029328,1.3236942392810256,2.341285813563181,0.10001406723694643,0.10000750295163477,0.969198432559911,0.9699699453910996
1.04772147990726,-0.4090552935248015,0.6876512969523326,1.0653840991238464,0.051046941916096635,-0.01060127631768022,-0.020436771652887396,-9.410590875723756,3.6699366586322273,-0.33716719509534293,0.4145297294017212,-0.032452122163071466,-2.8684348922368135,0.061309253068356856,-0.01060127631768022,-0.020436771652887396,-9.410590875723756,3.6699366586322273,-0.33716719509534293,0.4145297294017212,0.10001539572637896,0.10001913857640604,0.10002372501685328,0.10001385574247425,0.9668284430274011,0.967032146127835
1.0815189470010425,-0.28502073006841244,0.6762558997709948,1.0793941540126957,0.050026832337866714,-0.3990145432839445,-0.16175918558896674,-6.598380533094549,3.6695783623447285,-0.33785790621278455,0.09647559394639699,-0.03245244752044536,-2.868434819420325,0.06130935659716957,-0.3990145432839445,-0.16175918558896674,-6.598380533094549,3.6695783623447285,-0.33785790621278455,0.09647559394639699,0.10000836814457494,0.1000109854827488,1.8895835029666956,1.1507487045919833,0.964150101556629,0.9641501088384706
1.115316414094825,-0.16099827611900988,0.664837158303394,1.082654784724452,0.04927511049434531,-2.2299616343917696,-0.4946094312914641,0.13094163651972707,3.6560926814481487,-0.3433249569648447,-0.12653295499312156,-0.050112159857935906,-2.800545583057671,0.07379468476037458,-2.2299616343917696,-0.4946094312914641,0.13094163651972707,3.6560926814481487,-0.3433249569648447,-0.12653295499312156,0.10000615210178102,0.10000861201678006,4.9999818729677195,4.999988068837213,0.9610969531341652,0.9614431752498522
1.1491138811886077,-0.03743160402594676,0.6532336443679002,1.078378291341793,0.04806807163769678,-3.1607837627357043,-0.47203129876573957,-0.12358600019969823,3.580725626489395,-0.3600415029431925,-0.12210745934164005,-0.05011207056104829,-2.5663067834548428,0.07379453848857881,-3.1607837627357043,-0.47203129876573957,-0.12358600019969823,3.580725626489395,-0.3600415029431925,-0.12210745934164005,0.1000051491808382,0.10000782017185059,4.999991831663867,4.999994400812602,0.95757983175879,0.9590180374291423
1.1829113482823903,0.0835878525071926,0.6410651535197817,1.0742513685027886,0.04692095403457357,-3.9891275238401405,-0.44857668383821997,-0.43312844751614304,3.473899141277773,-0.375994965230463,-0.12628435311664155,-0.050112072995285216,-2.3320675515733895,0.07379444993685347,-3.9891275238401405,-0.44857668383821997,-0.43312844751614304,3.473899141277773,-0.375994965230463,-0.12628435311664155,0.10000463337748727,0.10000782023637898,4.999994989508979,4.999996456607944,0.9534815010467852,0.9568312786047306
1.216708815376173,0.2009968444216477,0.6283574760549772,1.069983277233869,0.045739709006399336,-4.716037774915461,-0.42492736409598386,-0.7757007583450606,3.3390767350578834,-0.3911557209415234,-0.14092299756894955,-0.05011211410103454,-2.097828182748154,0.07379437129085971,-4.716037774915461,-0.42492736409598386,-0.7757007583450606,3.3390767350578834,-0.3911557209415234,-0.14092299756894955,0.10000436698076928,0.10000848127904666,4.999996482166415,4.999997451284954,0.9486614146136998,0.9548479977652214
1.2505062824699555,0.3138491804983815,0.6151374034479112,1.0652204368607754,0.04443745068030227,-5.345067900528105,-0.40160497260784367,-1.1319150041704402,3.1796866035471427,-0.40551718954680516,-0.16713971842373893,-0.0501121892772076,-1.8635887639034205,0.07379428538755341,-5.345067900528105,-0.40160497260784367,-1.1319150041704402,3.1796866035471427,-0.40551718954680516,-0.16713971842373893,0.10000425128454013,0.10001003185149294,4.999997327739652,4.999998026870811,0.9429404859680292,0.953037781234362
1.284303749563738,0.4213145338503073,0.6014319495782399,1.059571537727285,0.042932332685542626,-5.881458096659418,-0.37898130179901995,-1.485034002788512,2.9990368470650104,-0.4190904203932182,-0.20539557853014814,-0.05011231073382644,-1.6293493453865542,0.07379417588886156,-5.881458096659418,-0.37898130179901995,-1.485034002788512,2.9990368470650104,-0.4190904203932182,-0.20539557853014814,0.10000456833677387,0.10001066060172628,4.999997935915478,4.999998355953309,0.9360891563312411,0.9513744094235204
1.3181012166575206,0.5226743830020285,0.5872677548856806,1.052629687420704,0.041148090365340825,-6.3314212121594515,-0.3572912585624392,-1.820899153603785,2.8002584605797027,-0.43189902846992945,-0.2555859663725411,-0.05011244631155591,-1.39510992707391,0.07379406583919203,-6.3314212121594515,-0.3572912585624392,-1.820899153603785,2.8002584605797027,-0.43189902846992945,-0.2555859663725411,0.10000507154993589,0.10001193461636106,4.999998319423321,4.9999985931811075,0.9278114634857602,0.9498354137419176
1.3518986837513032,0.6173160261775572,0.5726706616831315,1.0439915291325954,0.03901697297184316,-6.7015335782008,-0.3366466468012727,-2.1277822249111527,2.5862724605048664,-0.4439745680240897,-0.31712774559756157,-0.05011260380939318,-1.1608705364037732,0.07379394523590133,-6.7015335782008,-0.3366466468012727,-2.1277822249111527,2.5862724605048664,-0.4439745680240897,-0.31712774559756157,0.10000583201131197,0.1000141330097339,4.999998579812241,4.9999987692915475,0.9177236901260805,0.9484015842471694
1.3856961508450858,0.7047254845570265,0.557665445829861,1.0332734145862363,0.03648475688173785,-6.998234722202612,-0.317050135837788,-2.396185137201326,2.359777599917746,-0.45535237199158796,-0.38904139532673176,-0.05011279769114733,-0.9266312060230448,0.0737938017575805,-6.998234722202612,-0.317050135837788,-2.396185137201326,2.359777599917746,-0.45535237199158796,-0.38904139532673176,0.10000698865418912,0.10001793288784326,4.999998765547649,4.99999890286234,0.9053257018518581,0.947056486686237
1.4194936179388684,0.7844799903388918,0.5422756890213994,1.0201248008295618,0.03351722401835756,-7.227425926949085,-0.29840843449326476,-2.6186221328326575,2.1232549921795365,-0.46606786352464485,-0.47002638365190447,-0.05011305599842316,-0.6923919864811525,0.07379361449344775,-7.227425926949085,-0.29840843449326476,-2.6186221328326575,2.1232549921795365,-0.46606786352464485,-0.47002638365190447,0.10000882140088321,0.10002507206882308,4.999998902467839,4.999999005566649,0.8899626256980243,0.9457860190005162
1.453291085032651,0.8562406310687893,0.5265237757404557,1.004239099594877,0.030106978974681124,-7.394159589086408,-0.2805442895572475,-2.7894057992399164,1.8789863022407238,-0.47615331276993816,-0.558529179017367,-0.050113441958066954,-0.45815297565901203,0.07379333813550094,-7.394159589086408,-0.2805442895572475,-2.7894057992399164,1.8789863022407238,-0.47615331276993816,-0.558529179017367,0.1000119482765259,0.10004114066219522,4.999999005391807,4.999999084905183,0.8707744769239155,0.944578019587679
1.4870885521264334,0.9197456087884384,0.5104309998205182,0.9853622280461201,0.026278951498425532,-7.502420261610194,-0.26320754192836554,-2.9044448263520843,1.629082436842399,-0.48563499916459785,-0.6528040297283844,-0.05011413781474541,-0.22391441929105926,0.07379284347747855,-7.502420261610194,-0.26320754192836554,-2.9044448263520843,1.629082436842399,-0.48563499916459785,-0.6528040297283844,0.10001794380169038,0.10009560359519877,4.999999083177207,4.9999991456880934,0.8466329981064558,0.9434219294237582
1.520886019220216,0.9748044688406785,0.49401776691666355,0.9632991053326864,0.02209267407838058,-7.894476992059077,-0.25714319949299647,-2.6533052950094964,1.3755196349269008,-0.4945307474017572,-0.7509669081727259,-0.05011599254714004,0.010322695309218415,0.07379153006896594,-7.894476992059077,-0.25714319949299647,-2.6533052950094964,1.3755196349269008,-0.4945307474017572,-0.7509669081727259,0.10003191151657,0.5586361228642812,4.999999140996084,4.999999190713839,0.8160719106180133,0.9423085048624407
1.5546834863139987,1.0212935484389722,0.47730388025448894,0.937918325965199,0.017639744428244994,-11.180969412640135,-0.3386992800777417,0.3329370615612473,1.1087063085651605,-0.5032215362250116,-0.8406419065705685,-0.06107756189774834,0.2335994303418447,0.06604169885775166,-11.180969412640135,-0.3386992800777417,0.3329370615612473,1.1087063085651605,-0.5032215362250116,-0.8406419065705685,0.1000874409769369,4.999846821747315,4.999999180605117,4.999999220212947,0.7772379479571874,0.9412295756060717
1.5884809534077813,1.0587650134193725,0.46029626694304143,0.9095067587902256,0.012961420818899555,-14.29939236037637,-0.3951017161441507,3.3687418583977458,0.7308178627648659,-0.514668713998127,-0.8293894771881516,-0.17819174513706598,0.35072089884584023,-0.01675803003109018,-14.29939236037637,-0.3951017161441507,3.3687418583977458,0.7308178627648659,-0.514668713998127,-0.8293894771881516,4.450230092369192,4.999911939752316,4.999999200154232,4.999999235401479,0.7279441932141748,0.940177841702974
1.622278420501564,1.0834648060877166,0.4429017680174903,0.8814754952270295,0.007386883925157224,-14.543817970957619,-0.2843212477746216,3.915363915221625,0.24753462000395957,-0.528022151248206,-0.7155345350815058,-0.19133025500815018,0.363863581802964,-0.026046957701214398,-14.543817970957619,-0.2843212477746216,3.915363915221625,0.24753462000395957,-0.528022151248206,-0.7155345350815058,4.999819334965959,4.999909583563119,4.999999203307575,4.999999235043837,0.6661643201060926,0.9391464807337684
1.6560758875953465,1.0918308492618722,0.4250559567358908,0.8572922403231472,0.0017570550794715216,-14.375444071628012,-0.15360339110008436,4.09362525593911,-0.2440095892874443,-0.537631489263932,-0.5832051519966192,-0.19133241137405368,0.363870023873209,-0.026048483324513406,-14.375444071628012,-0.15360339110008436,4.09362525593911,-0.2440095892874443,-0.537631489263932,-0.5832051519966192,4.999844181014818,4.999851943558745,4.999999191074015,4.999999219915964,0.5928144086002755,0.9381270880909284
1.689873354689129,1.0835839431973624,0.40688537416891174,0.8375813833896171,-0.0038215423260320684,-13.700884867883653,-0.022254500669834695,3.7703818367169952,-0.7298631872568039,-0.5428228948201305,-0.4448509871147398,-0.19133259622521218,0.36387724913149166,-0.026048614989067295,-13.700884867883653,-0.022254500669834695,3.7703818367169952,-0.7298631872568039,-0.5428228948201305,-0.4448509871147398,4.9997712134441015,4.291200139953296,4.9999991638774635,4.999999190255041,0.5142493251096523,0.937109594482609
1.7236708217829115,1.0589164161430873,0.38853933524347656,0.82254654679097,-0.00935251443947284,-9.68596306715271,0.07403915520742199,0.02932560072628989,-1.1929183927348055,-0.5435750405742078,-0.31742163105730165,-0.1743963102058296,0.3808244321059953,-0.014074661664859111,-9.68596306715271,0.07403915520742199,0.02932560072628989,-1.1929183927348055,-0.5435750405742078,-0.31742163105730165,3.706975941930231,0.10011420617891581,4.9999991234419365,4.999999147513159,0.43940123327343955,0.9360837772051915
1.7574682888766942,1.0185987960190648,0.37016787569666826,0.8118184996604559,-0.014659952652409665,-7.061326452904918,0.11527362087517641,-2.450043034571715,-1.5202794107684925,-0.5410727046624335,-0.31643050003174944,-0.0881850007012858,0.5288474932776395,0.04687673334130703,-7.061326452904918,0.11527362087517641,-2.450043034571715,-1.5202794107684925,-0.5410727046624335,-0.31643050003174944,0.10017294278322292,0.10005368738845934,4.999999070380913,4.999999091829224,0.37506763133443816,0.9350390934878638
1.7912657559704768,0.9672172026602615,0.35188098876549573,0.8011239502481637,-0.018908747917745383,-6.928415078759924,0.14655699033962755,-2.325496620256246,-1.758934359199003,-0.5371767482541235,-0.3992357488710382,-0.08818214974288494,0.7630819033771139,0.04687874824399788,-6.928415078759924,0.14655699033962755,-2.325496620256246,-1.758934359199003,-0.5371767482541235,-0.3992357488710382,0.10007640716915311,0.10003367441849381,4.999999001244552,4.999999019359708,0.3235464566831156,0.9339645737321547
1.8250632230642594,0.9077696765351096,0.3337257752928318,0.7876307931630332,-0.022903916728494688,-6.732873846653978,0.17854904277718456,-2.1498484301839054,-1.9930972398354585,-0.5322234931957561,-0.4778316443708513,-0.08818112791050824,0.9973190958393988,0.046879470067241795,-6.732873846653978,0.17854904277718456,-2.1498484301839054,-1.9930972398354585,-0.5322234931957561,-0.4778316443708513,0.10004633671193376,0.10002406558569008,4.999998911328586,4.999998924782284,0.28331504198311747,0.9328508816935447
1.858860690158042,0.8404080381570619,0.31573796929501025,0.7714812938860414,-0.026597777833002312,-6.470629303409094,0.21136768318208612,-1.9279125906863366,-2.220651322114336,-0.5261889877978679,-0.550491075946612,-0.08818059526386235,1.2315572323074047,0.046879846193719515,-6.470629303409094,0.21136768318208612,-1.9279125906863366,-2.220651322114336,-0.5261889877978679,-0.550491075946612,0.10003351285506508,0.1000189791066911,4.999998795081478,4.999998801446096,0.25196897696598675,0.9316893708158425
1.8926581572518244,0.7653556481711378,0.29795411429480106,0.7528760898613147,-0.029969421844920192,-6.136712259210401,0.24505330038468573,-1.6661960829797653,-2.43934220307237,-0.5190452954808322,-0.6156496382900225,-0.08818024772567962,1.465795791142227,0.046880091688106744,-6.136712259210401,0.24505330038468573,-1.6661960829797653,-2.43934220307237,-0.5190452954808322,-0.6156496382900225,0.1000272638166977,0.10001617451981598,4.999998643893308,4.9999986388284405,0.2274788340103086,0.9304700867582328
1.926455624345607,0.6829120603323243,0.28041169800060495,0.7320686914699086,-0.03302444573927819,-5.725501603195677,0.27955052055910734,-1.3731050426444877,-2.6467475337170456,-0.510763114624858,-0.6719628455763206,-0.08817998279005958,1.700034558876455,0.046880279168769814,-5.725501603195677,0.27955052055910734,-1.3731050426444877,-2.6467475337170456,-0.510763114624858,-0.6719628455763206,0.10002278475156566,0.1000153314850459,4.999998436469995,4.999998428762427,0.2082314099780014,0.929181446044114
1.9602530914393896,0.5934586976559723,0.2631491984413534,0.7093580493082984,-0.035792026526936346,-5.231072881332326,0.3146897184884128,-1.0591418704918305,-2.840254985746451,-0.5013150151052118,-0.7183703180714046,-0.08817980482610364,1.9342734438408202,0.04688040524978292,-5.231072881332326,0.3146897184884128,-1.0591418704918305,-2.840254985746451,-0.5013150151052118,-0.7183703180714046,0.10002113430046994,0.10001546878957651,4.999998152608533,4.999998141871507,0.19298388419839085,0.9278098318545696
1.9940505585331723,0.49746527323725465,0.24620602071471592,0.68507895212213,-0.03832068576857737,-4.647637697421832,0.3501686439371476,-0.7370983601262818,-3.0170519993184586,-0.49067929969984797,-0.7541666305869995,-0.0881796696655423,2.1685123513303175,0.04688050117118404,-4.647637697421832,0.3501686439371476,-0.7370983601262818,-3.0170519993184586,-0.49067929969984797,-0.7541666305869995,0.10002180466802084,0.10001694551439373,4.999997749646934,4.999997736020867,0.18079365576640025,0.9263390833730685
2.027848025626955,0.39549655757005814,0.22962230322951002,0.659590030241637,-0.04067408276771039,-3.9700878349518454,0.38553536415350975,-0.42220941654488175,-3.1741303814608965,-0.47884448647910777,-0.7790786881582487,-0.0881795538476086,2.402751188167701,0.046880583514989714,-3.9700878349518454,0.38553536415350975,-0.42220941654488175,-3.1741303814608965,-0.47884448647910777,-0.7790786881582487,0.10002605599247362,0.10002118058729857,4.999997147901865,4.999997133720835,0.17095049086039144,0.9247498481714986
2.0616454927207375,0.28821899045125793,0.21343857245469317,0.6332591439151413,-0.04292791665861875,-3.1946446048115695,0.4201739981887611,-0.13223519541490245,-3.308309294422108,-0.46581436769564005,-0.7933482970206095,-0.08817943765449465,2.6369897933838606,0.046880666142804145,-3.1946446048115695,0.4201739981887611,-0.13223519541490245,-3.308309294422108,-0.46581436769564005,-0.7933482970206095,0.10004224637438036,0.1000355873736146,4.999996181821743,4.99999617794715,0.16291979203032816,0.9230187585995542
2.09544295981452,0.17640651593697168,0.19769522669068862,0.6064459809526788,-0.04516870741108422,-3.426129724677186,0.6695304743017934,4.84592987943,-3.416280190329557,-0.4516135508181923,-0.7978175116862846,-0.08817927858348487,2.871227621329457,0.04688077873695948,-3.426129724677186,0.6695304743017934,4.84592987943,-3.416280190329557,-0.4516135508181923,-0.7978175116862846,4.412856353914411,0.6531069568287765,4.999994432047889,4.99999448656052,0.1562981917369962,0.9211173831123016
2.1292404269083027,0.06094489862116718,0.18243183256780446,0.5794817698546181,-0.04749505718206707,-2.639455230417868,0.9488444563285969,9.992272832714402,-3.5320746969583645,-0.4289851166446928,-0.6340373560474714,0.0016863567568683859,2.989160837822884,0.11041578108020039,-2.639455230417868,0.9488444563285969,9.992272832714402,-3.5320746969583645,-0.4289851166446928,-0.6340373560474714,4.999970510309204,4.999974048748471,4.999990529997461,4.999990887231491,0.15077993337661036,0.9190108926729941
2.163037894002085,-0.05843027972206523,0.16793322220428297,0.5580529131773747,-0.04729560593799635,-0.6265764572752408,0.9460670068756373,10.15771486825232,-3.621281598253925,-0.39691657735480906,-0.29632384379170873,0.001686280719612863,2.989161718807913,0.11041571524825536,-0.6265764572752408,0.9460670068756373,10.15771486825232,-3.621281598253925,-0.39691657735480906,-0.29632384379170873,4.999987353634242,4.9999886846536485,4.999976357526304,4.999979551523404,0.14613185100806908,0.9166563729478968
2.1968353610958675,-0.18082042537637263,0.15451844724215702,0.5480379178177213,-0.04720566546287714,0.9047193036452718,0.6113912831033252,3.1362063567522642,-3.6424582954504237,-0.3649419088214163,0.04698119021607513,0.0016863252485571887,2.989161237678305,0.11041563878120711,0.9047193036452718,0.6113912831033252,3.1362063567522642,-3.6424582954504237,-0.3649419088214163,0.04698119021607513,4.999992623459033,4.999993315043777,0.10010868803468605,2.8920789926478596,0.14217589483535478,0.9139977246188693
2.23063282818965,-0.3039262897573337,0.142184335087623,0.5496257630480759,-0.047221232070561114,1.7328809239347314,0.47644571087088866,0.23046310997070277,-3.6118810745563628,-0.3442784320493062,0.1529770213577215,0.06842006013057217,2.821660649970705,0.06323486484580987,1.7328809239347314,0.47644571087088866,0.23046310997070277,-3.6118810745563628,-0.3442784320493062,0.1529770213577215,4.999995078306075,4.99999549150669,0.10002039592462836,0.10002708686940608,0.1387706601853891,0.9109634053935306
2.2644302952834328,-0.4259987215213084,0.1305485961093375,0.5547959988935183,-0.04531696165379975,2.6822729907824927,0.44784553435120356,0.02083380281062076,-3.5533140885522347,-0.32817577381417345,0.16076609073328713,0.0684202101813867,2.5874221393593486,0.06323474479474979,2.6822729907824927,0.44784553435120356,0.02083380281062076,-3.5533140885522347,-0.32817577381417345,0.16076609073328713,4.999996437648189,4.999996707175636,0.10001284727092699,0.10001593328381728,0.1358041087074087,0.9074661675144433
2.2982277623772154,-0.5460917375030266,0.11945708619287634,0.5602294855548726,-0.043502445866500955,3.531665622345803,0.41816571632329064,-0.2500399179608501,-3.4626600554097218,-0.3130397291038412,0.16147022049821744,0.06842027750109965,2.3531831201785662,0.06323468809036772,3.531665622345803,0.41816571632329064,-0.2500399179608501,-3.4626600554097218,-0.3130397291038412,0.16147022049821744,4.999997269222017,4.9999974576115855,0.10001031525636772,0.10001267380392785,0.13319267641675747,0.9033970996941674
2.332025229470998,-0.663120876782692,0.10887713624944266,0.565686770018787,-0.041678544213445363,4.280924167052751,0.3881473952854461,-0.5599530632153517,-3.3432987027522465,-0.29890678706665674,0.15301950459880354,0.06842032937227596,2.118943924756082,0.06323464505035582,4.280924167052751,0.3881473952854461,-0.5599530632153517,-3.3432987027522465,-0.29890678706665674,0.15301950459880354,4.999997815174048,4.999997954321575,0.10000928796781866,0.10001153356435181,0.1308721054881293,0.8986164715368804
2.3658226965647806,-0.7761159046736471,0.09877484394944905,0.570858441690172,-0.039758534146703196,4.932605278835515,0.3583577674861083,-0.8891631691133857,-3.1986143090853023,-0.28578838824695946,0.13409450937071993,0.06842037972067834,1.8847046526035443,0.06323460475120138,4.932605278835515,0.3583577674861083,-0.8891631691133857,-3.1986143090853023,-0.28578838824695946,0.13409450937071993,4.999998192815008,4.999998300334356,0.10000898441045428,0.10001142877993587,0.128790866514659,0.8929457201772101
2.3996201636585632,-0.8842209665306597,0.08911592030188727,0.5753904964580857,-0.03766511897009544,5.491129924614814,0.3292023569596016,-1.2205012504056032,-3.0319047444872407,-0.27367680339254635,0.10404304642160683,0.06842043557613484,1.6504653533940183,0.063234561627512,5.491129924614814,0.3292023569596016,-1.2205012504056032,-3.0319047444872407,-0.27367680339254635,0.10404304642160683,4.999998468503075,4.999998547834095,0.10000930465092267,0.10001185596197443,0.1269074663491225,0.886155394224855
2.433417630752346,-0.9866916673639505,0.07986633754489608,0.5789068878958569,-0.035330237885422555,5.962055407905069,0.30094048428437653,-1.5393440777120282,-2.8463184615523867,-0.2625505975660085,0.06279319557310296,0.0684204946614699,1.4162260595441563,0.06323451717299257,5.962055407905069,0.30094048428437653,-1.5393440777120282,-2.8463184615523867,-0.2625505975660085,0.06279319557310296,4.999998672117716,4.9999987333483205,0.10001011789435181,0.10001302793697077,0.12518830583376245,0.8779492384181682
2.4672150978461285,-1.0828900219066933,0.07099279236320596,0.5810291388569523,-0.032697111355275726,6.351452682192918,0.273702126565812,-1.8334948232481083,-2.644816090092407,-0.2523795714512203,0.010767264760621594,0.06842056275385344,1.181986803844071,0.06323446696223808,6.351452682192918,0.273702126565812,-1.8334948232481083,-2.644816090092407,-0.2523795714512203,0.010767264760621594,4.999998826331818,4.999998875467925,0.10001155771988554,0.10001519451831362,0.12360599653507508,0.8679432817018856
2.501012564939911,-1.172278106680698,0.06246300210194039,0.5813930451333894,-0.02972401031562749,6.665388683875791,0.2475049681205304,-2.093007990209122,-2.4301530770682747,-0.24312913283511398,-0.051200216194727054,0.06842064850625743,0.9477476272614462,0.0632344046746125,6.665388683875791,0.2475049681205304,-2.093007990209122,-2.4301530770682747,-0.24312913283511398,-0.051200216194727054,4.999998945311896,4.999998986088418,0.10001396220218486,0.10001902279967233,0.12213804620736493,0.8556386213717272
2.5348100320336937,-1.2544111253357675,0.05424585323540573,0.5796626075113536,-0.026389043092727126,6.9095079056352615,0.22227080263455767,-2.3099891794238654,-2.2048798223577117,-0.23476409181951263,-0.12193858487084387,0.06842076849015694,0.7135085941665915,0.0632343184678524,6.9095079056352615,0.22227080263455767,-2.3099891794238654,-2.2048798223577117,-0.23476409181951263,-0.12193858487084387,4.999999038192552,4.999999073041846,0.10001810165208154,0.10002624371629483,0.12076583421259955,0.8403866355781566
2.568607499127476,-1.3289304785776475,0.046311421567334,0.5755413922017188,-0.02269491444450533,7.0887059135740165,0.19784083633143212,-2.4783927742752607,-1.9713559562827734,-0.22725190168156253,-0.20001036814941578,0.06842096226903208,0.4792698283091321,0.0632341802883698,7.0887059135740165,0.19784083633143212,-2.4783927742752607,-1.9713559562827734,-0.22725190168156253,-0.20001036814941578,4.999999110974505,4.999999141551866,0.10002590493541978,0.10004236378986037,0.11947381230944028,0.8213460128865723
2.6024049662212585,-1.3955573166402466,0.038630882898251874,0.5687815483657737,-0.018672292194167495,7.206896238296355,0.1739899639392552,-2.59382564430048,-1.7317756514312534,-0.22056538252584454,-0.2837737663834524,0.06842135493816505,0.24503163089124624,0.06323390163785544,7.206896238296355,0.1739899639392552,-2.59382564430048,-1.7317756514312534,-0.22056538252584454,-0.2837737663834524,4.999999167587265,4.9999991950721725,0.10004323921337957,0.10009556529199987,0.11824887962009165,0.7974332284026195
2.636202433315041,-1.4540869472333084,0.031176331640307076,0.5591907138343502,-0.014380338021729938,8.055705298733022,0.16677061916876101,-1.8764940373797365,-1.488200812969127,-0.21468496244495913,-0.3714385032437073,0.0684226049805979,0.010795116789122882,0.06323301692893517,8.055705298733022,0.16677061916876101,-1.8764940373797365,-1.488200812969127,-0.21468496244495913,-0.3714385032437073,4.999999210211067,4.99999923550197,0.10009822299380398,1.207543100864195,0.11707989198543256,0.767274105686723
2.6699999004088237,-1.5043843652385729,0.023920523686543623,0.5466370332436071,-0.009903322336293128,11.736238875091317,0.20480711003942476,1.7395888290247856,-1.2159383782179878,-0.2090485379313932,-0.43485924872372816,0.09489278246520481,-0.19696984346073731,0.04451860059254962,11.736238875091317,0.20480711003942476,1.7395888290247856,-1.2159383782179878,-0.2090485379313932,-0.43485924872372816,4.999999238951617,4.999999262794074,1.4675016566035126,4.999869121686432,0.11595727513547918,0.7291783995510361
2.7037973675026064,-1.5454800025644628,0.016855212604804,0.5319398920944399,-0.005100249461682486,14.160762384651056,0.1840597991119662,4.311953511206575,-0.819283231032317,-0.202126576369263,-0.3760655525180512,0.1793235267074067,-0.28140680897564513,-0.015173936392501804,14.160762384651056,0.1840597991119662,4.311953511206575,-0.819283231032317,-0.202126576369263,-0.3760655525180512,4.999999253738279,4.999999276781913,4.9998517106250215,4.9999157649078825,0.11487271834071709,0.6811896436123912
2.737594834596389,-1.5731697006057654,0.010023846291184902,0.5192298289581059,0.0004948017413219761,14.026689245632383,0.06215783608152906,4.446257784980784,-0.3406853303141989,-0.19590582136548812,-0.2303324456131267,0.17932505718385702,-0.28141233165833945,-0.015175019218168627,14.026689245632383,0.06215783608152906,4.446257784980784,-0.3406853303141989,-0.19590582136548812,-0.2303324456131267,4.999999255627931,4.999999278523061,4.999899876595231,4.999920608983696,0.1138182563788717,0.6216277933025146
2.7713923016901716,-1.584684001846394,0.003402725740104369,0.5114451757068658,0.006046281009612284,13.890739958926721,-0.059655728121368046,4.578746061537852,0.13338123789977557,-0.1938050439459019,-0.08006019443476406,0.1793255521827393,-0.28141658738023156,-0.015175369956175789,13.890739958926721,-0.059655728121368046,4.578746061537852,0.13338123789977557,-0.1938050439459019,-0.08006019443476406,4.999999245069006,4.999999268525167,4.999903247673254,4.99990395368496,0.11278375413607539,0.5515282874740011
2.805189768783954,-1.5801760538475482,-0.003147393855266337,0.508739343919935,0.011556401248472008,13.752926934839332,-0.18136333085011164,4.70939242775857,0.6028530645698922,-0.19582125645403947,0.0746898249108481,0.1793255684972008,-0.28142116013058477,-0.015175382283258923,13.752926934839332,-0.18136333085011164,4.70939242775857,0.6028530645698922,-0.19582125645403947,0.0746898249108481,4.999999221649359,4.999999246520932,4.999882809509966,4.99983493040777,0.11175788342044056,0.4761305243128003
2.838987235877737,-1.5598011472353615,-0.009765656326534896,0.5112636708195998,0.01702728923850545,11.248631589648621,-0.2503254180428506,2.293776646810548,1.0676671600933207,-0.20195087766046493,0.23385536051972725,0.17932442349509534,-0.28142787010503884,-0.015174573607366534,11.248631589648621,-0.2503254180428506,2.293776646810548,1.0676671600933207,-0.20195087766046493,0.23385536051972725,4.999999185803698,4.9999992130840525,4.99980099599161,1.5258105657373915,0.11072982792186725,0.40278362319236044
2.8727847029715194,-1.523716701524995,-0.01659108446882497,0.5191673896714699,0.022460976394121042,7.76406111696724,-0.24458520566134676,-1.2948184615530463,1.447842416094553,-0.21041124273950554,0.31137920126079366,0.09628900753141822,-0.36447276034545195,0.04353146455694628,7.76406111696724,-0.24458520566134676,-1.2948184615530463,1.447842416094553,-0.21041124273950554,0.31137920126079366,4.999999138256136,4.99999916895249,1.4258728390082194,0.10013352077591348,0.10968877370986745,0.3378474071979989
2.906582170065302,-1.4747832951100568,-0.023702451521475307,0.5296912179797699,0.02680411927870332,6.777187580846715,-0.24996029516145096,-2.1908384994502064,1.7102480162093703,-0.21867760317947094,0.2676176169140324,0.06460114895974274,-0.5670183501587884,0.06593477952966183,6.777187580846715,-0.24996029516145096,-2.1908384994502064,1.7102480162093703,-0.21867760317947094,0.2676176169140324,4.999999077035938,4.999999112360357,0.10015479244386954,0.10006140936751722,0.1086234079435388,0.28451079735432955
2.9403796371590842,-1.4169812440600136,-0.031093200619080722,0.5387360155811384,0.03051188024698048,6.629530178125412,-0.2730676540906947,-2.0629430465096457,1.939299790461429,-0.22712562802994227,0.19357282482107205,0.0645989160705447,-0.8012530101670234,0.06593635698844896,6.629530178125412,-0.2730676540906947,-2.0629430465096457,1.939299790461429,-0.22712562802994227,0.19357282482107205,4.999998997784709,4.9999990394531,0.10006861905630565,0.10003764547699329,0.10752354081958768,0.24236935613861163
2.974177104252867,-1.351437823206914,-0.0387694715585774,0.5452782867582792,0.03389401726473502,6.416932253133899,-0.296939371384058,-1.8868577530922575,2.163361118503861,-0.23635462308344893,0.12385057509031472,0.0645981747432366,-1.0354902942622224,0.0659368796985697,6.416932253133899,-0.296939371384058,-1.8868577530922575,2.163361118503861,-0.23635462308344893,0.12385057509031472,4.999998895286317,4.999998945754621,0.10004278713547346,0.10002680279296985,0.1063809469114973,0.2092982177378874
3.0079745713466495,-1.278321696992311,-0.046757659154703646,0.5494641224944401,0.03692026467848207,6.1353352231235725,-0.32171040419595465,-1.66781408536099,2.3802371751721862,-0.2463904217166501,0.06007956226953061,0.06459779147874535,-1.2697284502653374,0.06593714896086418,6.1353352231235725,-0.32171040419595465,-1.66781408536099,2.3802371751721862,-0.2463904217166501,0.06007956226953061,4.999998762029179,4.999998824941517,0.10003161086222369,0.10002116247484809,0.10518713633297118,0.18326920839876176
3.041772038440432,-1.197875709389031,-0.055085031324895346,0.5514946595232534,0.03958775232869467,5.779884902523577,-0.34742526985775524,-1.4127937990862083,2.5875959654850305,-0.2572634185161904,0.003711670600995457,0.06459754023736898,-1.5039670021462905,0.0659373244622396,5.779884902523577,-0.34742526985775524,-1.4127937990862083,2.5875959654850305,-0.2572634185161904,0.003711670600995457,4.999998586195982,4.999998667253357,0.10002611542310652,0.10001809110313606,0.10393233795077254,0.1626699217657001
3.0755695055342147,-1.1104215198935463,-0.06377988324663031,0.5516201045882535,0.041918904641434954,5.345195656773603,-0.3740232201308707,-1.130729208212707,2.782941435283922,-0.2690055126417564,-0.04403718133392075,0.06459734650241557,-1.738205750819556,0.06593745869331769,5.345195656773603,-0.3740232201308707,-1.130729208212707,2.782941435283922,-0.2690055126417564,-0.04403718133392075,4.999998346969552,4.999998458944183,0.10002331701764204,0.10001671305899333,0.10260521876129433,0.14625202493499548
3.1093669726279973,-1.0163651483106138,-0.07287158820818618,0.5501317594012174,0.04395731307488984,4.8257190253610105,-0.4013235211706944,-0.8326896589792366,2.9635955096035573,-0.2816465501164401,-0.08225296454046854,0.06459718597799265,-1.9724445886214275,0.06593756839962579,4.8257190253610105,-0.4013235211706944,-0.8326896589792366,2.9635955096035573,-0.2816465501164401,-0.08225296454046854,4.999998011889937,4.999998174607078,0.1000228332111458,0.10001655078738586,0.10119254102585848,0.13306090302740514
3.14316443972178,-0.9162031265955057,-0.08239052821782394,0.5473518175387948,0.04576294108303456,4.216207555793867,-0.42901105615241236,-0.532051810574397,3.1266925895670363,-0.2952102686171676,-0.11039576588915233,0.06459703192605665,-2.2066834270605598,0.06593767181491733,4.216207555793867,-0.42901105615241236,-0.532051810574397,3.1266925895670363,-0.2952102686171676,-0.11039576588915233,4.999997519788703,4.999997772162478,0.10002503428329555,0.10001787200282845,0.09967874532410306,0.12236990259122373
3.1769619068155626,-0.8105288366872401,-0.09236788755715938,0.5436207202738633,0.04740787822591397,3.5122797548058546,-0.45662324172807367,-0.2446255629064138,3.2691897256945373,-0.30970975567034764,-0.12837776944922796,0.06459685470078595,-2.4409221599284177,0.06593778858358937,3.5122797548058546,-0.45662324172807367,-0.2446255629064138,3.2691897256945373,-0.30970975567034764,-0.12837776944922796,4.999996746584893,4.999997174040217,0.10003311596318089,0.10002208009290307,0.09804544750341997,0.11362599967309134
3.210759373909345,-0.7000385045097468,-0.1028352928330514,0.5392818768353298,0.04897355393629838,2.711092176246413,-0.48354057618069624,0.011317358722406716,3.387895885131747,-0.32514246465690855,-0.1366454938618555,0.06459658070406048,-2.67516056626838,0.06593796785236702,2.711092176246413,-0.48354057618069624,0.011317358722406716,3.387895885131747,-0.32514246465690855,-0.1366454938618555,4.99999540020477,4.999996222513844,0.10007492918705202,0.10003672882927844,0.09627083959824487,0.10640728554778876
3.244556841003128,-0.5855362048148451,-0.11382428458308463,0.53466360525302,0.05055003771841113,2.952545568373488,-0.82931174029592,6.524492081858285,3.479523933746646,-0.3414849113688843,-0.13626299580284645,0.0645956479831986,-2.9093975681283837,0.0659385994940525,2.952545568373488,-0.82931174029592,6.524492081858285,3.479523933746646,-0.3414849113688843,-0.13626299580284645,4.9999925769179345,4.999994531749069,4.999918988409876,1.619989055065493,0.09432899143544453,0.10039056762186915
3.2783543080969104,-0.467937109162014,-0.12536560963809776,0.5300582611362731,0.05223793366074749,1.6035035664418666,-1.0430619609793261,10.098236713657618,3.5793124954366426,-0.36951354762202326,0.08424831063740394,-0.01619157745515958,-2.99018831139585,0.1230551018106308,1.6035035664418666,-1.0430619609793261,10.098236713657618,3.5793124954366426,-0.36951354762202326,0.08424831063740394,4.999983737779757,4.999990931233237,4.99997914899884,4.999973456582414,0.09218906469277066,0.09532699613680912
3.312151775190693,-0.34696541287912924,-0.13785423160455995,0.5329056406427476,0.05160024978417885,-0.39271840257504526,-0.973756746909607,9.043122615100486,3.6335068544582247,-0.40476639992499835,0.4255431336724744,-0.016191885453578306,-2.9901888387566053,0.12305507644500557,-0.39271840257504526,-0.973756746909607,9.043122615100486,3.6335068544582247,-0.40476639992499835,0.4255431336724744,3.882379843564116,4.999979608615653,4.999989406837464,4.99998845091044,0.08981448090241871,0.09102383345318565
3.345949242284475,-0.22416208453054393,-0.15153431068669393,0.5472879207000282,0.05107504510184905,-1.5211047913682207,-0.636658172333883,2.593943982644993,3.620233967170072,-0.43767691153602456,0.7311777726813742,-0.0429048087854458,-2.963475492727189,0.10416907195728743,-1.5211047913682207,-0.636658172333883,2.593943982644993,3.620233967170072,-0.43767691153602456,0.7311777726813742,0.10002029947538262,2.4130630576303704,4.999993412589135,4.999993186927181,0.08715576166693023,0.08733741311899425
3.379746709378258,-0.10180734615331946,-0.1663266817020411,0.5719998774119321,0.04982073080336286,-2.246151152837525,-0.5011457237525038,0.1270146332027699,3.5688244780376093,-0.4591943451654667,0.8188465090779337,-0.09819122613485015,-2.7845233244317824,0.06508158251806101,-2.246151152837525,-0.5011457237525038,0.1270146332027699,3.5688244780376093,-0.4591943451654667,0.8188465090779337,0.10001157311422226,0.10002706703221372,4.999995453671211,4.99999540899825,0.08415152401594718,0.08415154798184249
3.4135441764720404,0.018809881706642446,-0.181846287472422,0.5996748153573523,0.04706452780201588,-3.1714599401012573,-0.46216526971334826,-0.12658043469376845,3.4929102583619214,-0.47613180127318183,0.8231392819640332,-0.0981915975386807,-2.5502845954633497,0.06508132144538575,-3.1714599401012573,-0.46216526971334826,-0.12658043469376845,3.4929102583619214,-0.47613180127318183,0.8231392819640332,0.10000891216192154,0.10001591036025742,4.999996637492091,4.999996646143769,0.08098093560979104,0.08137069956059513
3.447341643565823,0.13686140122516507,-0.1979383363582558,0.6274948381531316,0.04435391558592476,-3.994542435700345,-0.4221417561934843,-0.43419400006982833,3.3857229453970996,-0.49175181676820784,0.8188611838877539,-0.09819176460301815,-2.316045478359675,0.06508120303849435,-3.994542435700345,-0.4221417561934843,-0.43419400006982833,3.3857229453970996,-0.49175181676820784,0.8188611838877539,0.1000078119197867,0.10001264590896664,4.999997382966781,4.999997408274417,0.07764845679944318,0.07891890772841763
3.4811391106596057,0.2512902610608882,-0.2145583022037871,0.6551702720699538,0.04157732714187253,-4.716523798831553,-0.38187671987973987,-0.7740233915927864,3.250717528871799,-0.5060191388820687,0.804186526458076,-0.09819187954025735,-2.0818062208961523,0.06508112092253224,-4.716523798831553,-0.38187671987973987,-0.7740233915927864,3.250717528871799,-0.5060191388820687,0.804186526458076,0.10000740048113807,0.10001150348475117,4.9999978820824476,4.999997912069154,0.07417879093725528,0.07673630168459228
3.5149365777533883,0.3611562797741151,-0.23166046739897803,0.6823497397351839,0.038637797428061,-5.340993344757249,-0.3419656001373075,-1.1268460825320405,3.091310970983747,-0.5189256047560858,0.7780264963509008,-0.09819197689362007,-1.8475669023205643,0.06508105108023006,-5.340993344757249,-0.3419656001373075,-1.1268460825320405,3.091310970983747,-0.5189256047560858,0.7780264963509008,0.10000741520582554,0.10001140067149579,4.999998232060355,4.999998262583071,0.0706535221256418,0.07477494254962065
3.548734044847171,0.46563476059258735,-0.24919883844984306,0.7086450646436945,0.03545077977232145,-5.873189878377038,-0.30281576236823343,-1.4760761511272171,2.9107989241662025,-0.5304831758739321,0.7399419529567663,-0.0981920714247759,-1.613327564896306,0.0650809832151124,-5.873189878377038,-0.30281576236823343,-1.4760761511272171,2.9107989241662025,-0.5304831758739321,0.7399419529567663,0.10000781230336467,0.10001202107031594,4.999998487397655,4.999998515107893,0.06720609249919685,0.07299624148517515
3.5825315119409535,0.5640123914487123,-0.26712782613024755,0.73365322845006,0.0319450706583477,-6.319292167479777,-0.26466761145666057,-1.8076943880365584,2.7122999825162175,-0.5407175816380512,0.690054317811127,-0.09819217136050906,-1.3790882396533393,0.06508091162401321,-6.319292167479777,-0.26466761145666057,-1.8076943880365584,2.7122999825162175,-0.5407175816380512,0.690054317811127,0.10000860630478889,0.1000135002770517,4.99999867777399,4.999998703360212,0.06395250316784515,0.07136893169901341
3.616328979034736,0.6556812608562712,-0.2854027108026893,0.7569753165492041,0.02806619819654781,-6.685818175246213,-0.2276169122339705,-2.1100965811332855,2.4987239134298216,-0.5496626765270477,0.628958826215846,-0.09819228772480684,-1.1448489596946645,0.06508082848970523,-6.685818175246213,-0.2276169122339705,-2.1100965811332855,2.4987239134298216,-0.5496626765270477,0.628958826215846,0.10000993997744308,0.10001625287553804,4.999998822694367,4.999998846731743,0.06093268539784945,0.06986748806327685
3.6501264461285188,0.7401318000968632,-0.30397991702529265,0.7782325317815783,0.023781562239138927,-6.9791303801190665,-0.1916370359169641,-2.37389513867541,2.272760193656924,-0.5573555516282638,0.5576429064502907,-0.09819243804132959,-0.9106097705153942,0.0650807214035212,-6.9791303801190665,-0.1916370359169641,-2.37389513867541,2.272760193656924,-0.5573555516282638,0.5576429064502907,0.10001213375039006,0.10002140182918967,4.999998934545777,4.9999989575150074,0.05813214613194347,0.06847089917252827
3.6839239132223014,0.816945337954042,-0.3228171229409859,0.7970794495624133,0.019086275571167564,-7.20504029881849,-0.1566003005240963,-2.5917027582293426,2.0368832642916317,-0.5638323980436174,0.47741126361681807,-0.09819265901819413,-0.6763707515207578,0.06508056439657617,-7.20504029881849,-0.1566003005240963,-2.5917027582293426,2.0368832642916317,-0.5638323980436174,0.47741126361681807,0.10001589966005424,0.10003233086349285,4.999999021374602,4.9999990436966195,0.05551998092250234,0.06716171291410536
3.717721380316084,0.8857868330528149,-0.3418732298602736,0.8132147410347038,0.014008197591543642,-7.368507491366906,-0.12229804197840102,-2.7579166701373103,1.7933711518829365,-0.5691250915474569,0.3898182749286963,-0.09819305122373154,-0.44213207962977824,0.06508028635283357,-7.368507491366906,-0.12229804197840102,-2.7579166701373103,1.7933711518829365,-0.5691250915474569,0.3898182749286963,0.10002298442304958,0.10006404929018103,4.999999088417698,4.999999110489886,0.05306590401844306,0.06592529268770735
3.751518847409866,0.9463982355455174,-0.3611082164140948,0.8263896113541616,0.008610318296755817,-7.473589482486007,-0.08846114324865942,-2.8683671576663214,1.544334262413173,-0.573258455596856,0.2966076770223361,-0.098194032229751,-0.2078943320147509,0.06507959203559374,-7.473589482486007,-0.08846114324865942,-2.8683671576663214,1.544334262413173,-0.573258455596856,0.2966076770223361,0.10003837776922188,0.10038643312465503,4.999999138958564,4.999999161193291,0.05074444100765456,0.0647492353299723
3.785316314503649,0.9985928219612277,-0.3804829002033621,0.8364141995580873,0.0029887471575367236,-11.13564551755968,-0.08107293719212835,0.38802391137495457,1.2917458678064127,-0.5762482181748809,0.19966413239822195,-0.09820235092702441,0.0263353444607092,0.065073709965144,-11.13564551755968,-0.08107293719212835,0.38802391137495457,1.2917458678064127,-0.5762482181748809,0.19966413239822195,0.10009260190419973,4.999871465996561,4.999999173245268,4.999999196253187,0.04853496804582298,0.06362291312938397
3.8191137815974314,1.0422505604219445,-0.39995863039497853,0.8431623415026248,-0.0027347175365755212,-11.999527798479235,-0.03332177097222553,1.1984412081946878,0.9153892548586618,-0.5789882781018282,0.21277835777451778,-0.21531700025401423,0.14345609981194962,-0.017726347886647176,-11.999527798479235,-0.03332177097222553,1.1984412081946878,0.9153892548586618,-0.5789882781018282,0.21277835777451778,1.2842892874739733,4.999924154295164,4.999999191639205,4.999999216146292,0.046420834124104235,0.06253711123504718
3.852911248691214,1.0731883986410322,-0.4195269676718109,0.8503537110477781,-0.009344395425973233,-14.671948129250357,0.10498236643596448,3.780970830705075,0.5098356089486306,-0.5801144695597685,0.2532826350723108,-0.304128206983592,0.23227089480240926,-0.08051587187273612,-14.671948129250357,0.10498236643596448,3.780970830705075,0.5098356089486306,-0.5801144695597685,0.2532826350723108,4.999861125323319,4.99992974178217,4.999999193879317,4.999999221048936,0.04438847185983367,0.06148373854575637
3.8867087157849967,1.0904195508577121,-0.43913336736738434,0.8589140225720611,-0.016606596276019285,-14.563442864119367,0.31070140918087014,3.894053432122665,0.01396092484860677,-0.5765663314847216,0.38106987230561734,-0.3041298464066795,0.2322758556162072,-0.08051703186312334,-14.563442864119367,0.31070140918087014,3.894053432122665,0.01396092484860677,-0.5765663314847216,0.38106987230561734,4.999894649127359,4.999894057518512,4.999999178954483,4.999999210581677,0.042427642685143284,0.060453188039479716
3.9205061828787793,1.0908913947558818,-0.45861984898312214,0.8717932190417421,-0.023855451105133242,-13.387884294196882,0.4779477997180571,2.987916543434528,-0.47824655612365025,-0.5660654108319393,0.5126790150392142,-0.3041298315100744,0.23228086746244817,-0.0805170224001426,-13.387884294196882,0.4779477997180571,2.987916543434528,-0.47824655612365025,-0.5660654108319393,0.5126790150392142,4.999875856464778,3.5271479089682,4.999999147108956,4.999999185646812,0.04052986528640201,0.059436170588489164
3.954303649972562,1.074727872512578,-0.4777514260786431,0.8891204711822028,-0.031092187322547687,-10.825152264309017,0.5440996154527165,0.7030022852593116,-0.930723135012138,-0.5499119857984225,0.6136630260949113,-0.26892864647040576,0.2674879462948885,-0.05562978587957878,-10.825152264309017,0.5440996154527165,0.7030022852593116,-0.930723135012138,-0.5499119857984225,0.6136630260949113,4.999701397902608,0.10007462670549988,4.999999098069939,4.999999146723397,0.03868860822995442,0.05842222853465546
3.9881011170663445,1.0432717879835829,-0.49633705832314196,0.9098607271133167,-0.03795615536368732,-10.72493658082763,0.6802672572620078,0.7971942109915097,-1.296585862450308,-0.5315227969494195,0.6374227226978169,-0.1518176307591511,0.3846131932814037,0.027167700583914628,-10.72493658082763,0.6802672572620078,0.7971942109915097,-1.296585862450308,-0.5315227969494195,0.6374227226978169,4.999627521313255,0.10002989080532998,4.999999034305059,4.999999087189338,0.036898585236165314,0.05740118822916344
4.021898584160127,0.999450469963155,-0.5143011825626352,0.9314040006085255,-0.0435164332003783,-7.9042331678628805,0.5648973266210289,-1.7858793199669805,-1.6590615536237348,-0.5085314867071291,0.6643658678111564,-0.03470731146832977,0.5017412723998281,0.10996469453517065,-7.9042331678628805,0.5648973266210289,-1.7858793199669805,-1.6590615536237348,-0.5085314867071291,0.6643658678111564,1.1775069595920107,0.10001802304619631,4.999998948893494,4.99999900789524,0.03515562853900181,0.05636342927764061
4.05569605125391,0.943378391697997,-0.5314882587507718,0.9538578841641053,-0.04762214645149693,-7.024593351632752,0.5222421748753404,-2.4324384884986765,-1.9262046140161653,-0.48943938789928915,0.6040076702611055,-0.008953139706709185,0.7102260625838878,0.12817289197652684,-7.024593351632752,0.5222421748753404,-2.4324384884986765,-1.9262046140161653,-0.48943938789928915,0.6040076702611055,0.10028660778600565,0.10001282879004084,4.999998836845256,4.999998903671496,0.03345635970029906,0.05530046040221265
4.089493518347692,0.8782775546398934,-0.548030070357699,0.9742718135241473,-0.05095785121849347,-6.845109128432498,0.5251714923724705,-2.266037557814178,-2.1636180766651774,-0.4717889251789544,0.5217974104884212,-0.00894659423629568,0.9444587223833454,0.12817751736555155,-6.845109128432498,0.5251714923724705,-2.266037557814178,-2.1636180766651774,-0.4717889251789544,0.5217974104884212,0.10012465255416032,0.10000992650301505,4.9999986866943855,4.999998763083209,0.0317986985172705,0.054203032938419736
4.123290985441475,0.805152743890289,-0.5639753410316458,0.9919072443347506,-0.053710768923272804,-6.60043278269173,0.528941983747209,-2.051379421347353,-2.394965427186725,-0.4540394589469031,0.44521108069492116,-0.008943850225201543,1.1786953156625215,0.12817945479964638,-6.60043278269173,0.528941983747209,-2.051379421347353,-2.394965427186725,-0.4540394589469031,0.44521108069492116,0.10007744375732107,0.10000814511043438,4.999998481077624,4.9999985681754735,0.030181057867237727,0.05306278314636923
4.157088452535257,0.7242089786741988,-0.5793207247046827,1.0069542511843246,-0.05587336304294944,-6.285659718748953,0.5338139858293038,-1.794591153565482,-2.618043336964473,-0.4361625596566867,0.37587965220507125,-0.0089421917652125,1.412933070333212,0.12818062438717193,-6.285659718748953,0.5338139858293038,-1.794591153565482,-2.618043336964473,-0.4361625596566867,0.37587965220507125,0.10005800743856018,0.10000700765138816,4.999998190362512,4.999998286855852,0.02860268540198124,0.05187076820068267
4.19088591962904,0.6357257451430453,-0.5940619144622195,1.019658031360948,-0.05747564923073832,-5.895197300485284,0.5399393768588846,-1.5036069810550001,-2.8304827144716054,-0.4181209990364199,0.31522701674564857,-0.008940970460503003,1.6471713030861184,0.12818148458837106,-5.895197300485284,0.5399393768588846,-1.5036069810550001,-2.8304827144716054,-0.4181209990364199,0.31522701674564857,0.10004961255886291,0.10000628052246811,4.999997758537464,4.999997854501651,0.027063826550363636,0.050616714547293745
4.224683386722822,0.5400625987411707,-0.6081933451683724,1.0303119060864803,-0.05857718352274835,-5.423053372180533,0.5473541031512016,-1.1884063758359207,-3.0297254512461125,-0.3998724157143943,0.26440890928146044,-0.008939932443232428,1.881409733217891,0.12818221522323492,-5.423053372180533,0.5473541031512016,-1.1884063758359207,-3.0297254512461125,-0.3998724157143943,0.26440890928146044,0.10004805304661235,0.10000584809292354,4.999997067196591,4.999997120373152,0.025565696537683893,0.049288727129230124
4.2584808538166055,0.4376655524994847,-0.621708019980191,1.0392482574972233,-0.05925774773895384,-4.863250333033718,0.5559719947113909,-0.8612152746106875,-3.2130109191402108,-0.3813732334244947,0.22424378390010447,-0.00893892238823486,2.115648176889503,0.12818292753488514,-4.863250333033718,0.5559719947113909,-0.8612152746106875,-3.2130109191402108,-0.3813732334244947,0.22424378390010447,0.10005468302947677,0.10000566305202994,4.999995818301194,4.999995635584641,0.024110429991471838,0.04787294075788775
4.292278320910388,0.32907392168787925,-0.6345974692873048,1.0468271294045723,-0.059608710628477515,-4.210321753677316,0.5655758080943326,-0.536721129870029,-3.377376462239745,-0.36258278822817175,0.19513688899578685,-0.008937755078674737,2.349886401173345,0.12818375899810083,-4.210321753677316,0.5655758080943326,-0.536721129870029,-3.377376462239745,-0.36258278822817175,0.19513688899578685,0.10002796445671737,0.10000647698338282,4.999991443139092,4.999993050079161,0.02270097910322299,0.046353106616602566
4.32607578800417,0.21492715184201566,-0.6468518491412184,1.0534222619891906,-0.059726369784778695,-2.659032518293205,0.44252082527892783,-2.4492902457070427,-3.519674673163891,-0.34346775846506405,0.17699707427046674,-0.00893720307536706,2.5841250782565734,0.12818409495393526,-2.659032518293205,0.44252082527892783,-2.4492902457070427,-3.519674673163891,-0.34346775846506405,0.17699707427046674,0.10002236668311189,0.10000790539081432,2.6387555292715663,4.999984937813151,0.021340929749944497,0.044710110223911435
4.359873255097953,0.0959710628949391,-0.6584601894057166,1.0594043147825425,-0.059707930845282205,-0.2097818908539834,0.047120093958651695,-9.018814127885822,-3.6095432372022036,-0.328511675434386,0.0942172677880603,0.047501313184255635,2.761925335000606,0.08828255271343258,-0.2097818908539834,0.047120093958651695,-9.018814127885822,-3.6095432372022036,-0.328511675434386,0.0942172677880603,0.1000232725589579,0.10001080137713773,0.10000907176627384,0.5198372292414494,0.020034212879903784,0.042921424747226405
4.393670722191735,-0.02602235588798782,-0.6695630519461336,1.0625886197902756,-0.0574166538319172,-0.06587381510991269,0.0225684444276531,-9.416028162858831,-3.6166333337552126,-0.32691913560936253,-0.21059580592410218,0.05753635549802353,2.7719596984588954,0.08118819929195586,-0.06587381510991269,0.0225684444276531,-9.416028162858831,-3.6166333337552126,-0.32691913560936253,-0.21059580592410218,0.10003532539045465,0.10001960061942482,0.10000470692606496,0.10001848776225973,0.01878471217355716,0.04096051822381536
4.427468189285518,-0.1482554019758568,-0.6806120906742189,1.055471014969467,-0.05503210557191134,-0.4292778060271712,0.32811031764669163,-3.84387541335028,-3.6188597018537316,-0.3261563793514611,-0.5288337079124535,0.057537060741863176,2.77195894001597,0.08118823214199267,-0.4292778060271712,0.32811031764669163,-3.84387541335028,-3.6188597018537316,-0.3261563793514611,-0.5288337079124535,2.132760636310037,3.6577663001790373,0.1000032911500583,0.10001051579296698,0.01759522106265427,0.038796707963521394
4.4612656563793,-0.27056369366627414,-0.6916353501727772,1.037597775128213,-0.05291428926780518,0.22406452895836854,0.5396596330137434,0.3732190767585865,-3.6333682043770263,-0.31506708168766645,-0.6587469607077595,0.021086505884852124,2.6383343406289885,0.055417445683454886,0.22406452895836854,0.5396596330137434,0.3732190767585865,-3.6333682043770263,-0.31506708168766645,-0.6587469607077595,4.999975641838053,4.999983591092837,0.10000261612129993,0.10000816060479314,0.01646629968428075,0.036393320753036744
4.495063123473083,-0.39336233599330256,-0.7022838194984502,1.015333796400563,-0.05226436096531573,1.1312978540963496,0.5305789604749043,0.313165156576329,-3.6257953908326717,-0.2968279529990417,-0.6461331012422393,0.021086448405942242,2.4040957016831985,0.05541721765636719,1.1312978540963496,0.5305789604749043,0.313165156576329,-3.6257953908326717,-0.2968279529990417,-0.6461331012422393,4.999989309343505,4.999992390693591,0.10000223642531261,0.10000732114672292,0.015397906971414054,0.03370396645123346
4.5288605905668655,-0.5159050364037584,-0.7123158524724502,0.9934961341731249,-0.0518167736785987,1.9503472565011215,0.519717250724109,0.18829974563759463,-3.5875603888355836,-0.27889572804173773,-0.6355489121679315,0.021086496290579022,2.169856496587761,0.05541707966010084,1.9503472565011215,0.519717250724109,0.18829974563759463,-3.5875603888355836,-0.27889572804173773,-0.6355489121679315,4.999993532476786,4.999995223555659,0.10000200145839429,0.10000719570790212,0.014390025159912459,0.03081097864497725
4.562658057660649,-0.6371554905923869,-0.7217418216635374,0.9720161907276399,-0.051479725147471345,2.6787000100423763,0.5078231199355252,0.018871430549605214,-3.5216435916125377,-0.2613306013623185,-0.6291848577109773,0.02108658002346039,1.9356171142252994,0.05541696330677116,2.6787000100423763,0.5078231199355252,0.018871430549605214,-3.5216435916125377,-0.2613306013623185,-0.6291848577109773,4.999995489587613,4.999996586524716,0.10000184971362855,0.10000762629237109,0.013441848163794267,0.027842082967363027
4.596455524754431,-0.7561781239959419,-0.7305741340636788,0.9507513362032469,-0.051174205640293034,3.3163990155886123,0.49551668464733806,-0.17692929630975004,-3.4311103161690153,-0.2441674661768356,-0.6285470511579644,0.02108669187638423,1.701377659171031,0.05541684715305834,3.3163990155886123,0.49551668464733806,-0.17692929630975004,-3.4311103161690153,-0.2441674661768356,-0.6285470511579644,4.9999965773791,4.9999973706942225,0.10000175100289116,0.10000873218048859,0.012551538249710475,0.024964326534268704
4.630252991848214,-0.8721409620018021,-0.7388263759671626,0.9295080379248415,-0.050829745605098474,3.8653099042370944,0.48329087201265164,-0.3831251549525317,-3.3190244295698066,-0.22742025733304694,-0.6345268132279193,0.0210868397788442,1.4671381834466808,0.055416715773977415,3.8653099042370944,0.48329087201265164,-0.3831251549525317,-3.3190244295698066,-0.22742025733304694,-0.6345268132279193,4.999997248021942,4.999997870476766,0.1000016889528567,0.100011038964675,0.011716454094878998,0.02244191133993509
4.664050458941996,-0.9843155809436481,-0.7465126046308358,0.9080626388346482,-0.050382784290140634,4.3284689088566015,0.4715158130184812,-0.5859924166411608,-3.1883867452740815,-0.21108624998947387,-0.6474754730452279,0.021087048385152792,1.2328987334004884,0.055416547251920835,4.3284689088566015,0.4715158130184812,-0.5859924166411608,-3.1883867452740815,-0.21108624998947387,-0.6474754730452279,4.999997688995666,4.999998210666677,0.10000165410602627,0.10001647341444427,0.01093318860691026,0.020355601820422026
4.697847926035778,-1.0920749770493015,-0.753646785218805,0.8861796078403708,-0.04977694139189679,4.709514574456964,0.46044468058269905,-0.7740280220159358,-3.042095459760539,-0.1951502098147836,-0.6672805324638637,0.021087390127677394,0.9986593937443599,0.05541628800879712,4.709514574456964,0.46044468058269905,-0.7740280220159358,-3.042095459760539,-0.1951502098147836,-0.6672805324638637,4.999998100699441,4.999998390071578,0.10000171553146386,0.10001779455813803,0.010197716609228304,0.01859913616070521
4.731645393129561,-1.1948900982467037,-0.760242368013365,0.8636272160021017,-0.04896467776798217,5.012224166216433,0.45022184985741603,-0.9378358343523158,-2.882925795902641,-0.1795883458742826,-0.6934407190676128,0.021087767532436682,0.7644200730057411,0.05541601140358701,5.012224166216433,0.45022184985741603,-0.9378358343523158,-2.882925795902641,-0.1795883458742826,-0.6934407190676128,4.999998368225977,4.999998530302215,0.10000180676475742,0.10002030393913702,0.009505755629502755,0.01707426927217561
4.765442860223343,-1.2923256879675402,-0.7663119992234778,0.8401906761179251,-0.04790984109564094,5.240123006034957,0.44088936231316056,-1.0700222714083447,-2.7135253145782787,-0.16437198771882466,-0.7251371948185054,0.021088205778459396,0.5301808046808538,0.05541569608588265,5.240123006034957,0.44088936231316056,-1.0700222714083447,-2.7135253145782787,-0.16437198771882466,-0.7251371948185054,4.999998549597624,4.99999863871668,0.10000193291807853,0.10002456719383164,0.008853060002169191,0.015718381010195872
4.7992403273171265,-1.3840359704951455,-0.7718673560695445,0.8156828756375688,-0.046590487625581545,5.3961865558710835,0.4323937433592602,-1.1650681615288672,-2.5364224297144395,-0.14947104400404682,-0.7613012373260434,0.02108874465341809,0.29594163434524257,0.05541531208928849,5.3961865558710835,0.4323937433592602,-1.1650681615288672,-2.5364224297144395,-0.14947104400404682,-0.7613012373260434,4.999998674182874,4.9999987206175724,0.10000210277440007,0.1000318840862882,0.008235596671334337,0.014491478027742567
4.833037794410909,-1.4697606240993513,-0.7769190987607446,0.7899528221205859,-0.04500130055267397,5.482618902850114,0.42459175704737545,-1.2192180029295405,-2.3540449921604747,-0.13485723069130476,-0.800677590177329,0.021089455377274774,0.06170263802267015,0.055414808038146614,5.482618902850114,0.42459175704737545,-1.2192180029295405,-2.3540449921604747,-0.13485723069130476,-0.800677590177329,4.999998757866633,4.999998779539945,0.10000233062051432,0.10004540222695146,0.007649636165864034,0.013366621935665993
4.866835261504692,-1.5493213822591787,-0.7814769315773926,0.7628919476138385,-0.043154915323737435,5.500704989698562,0.41725531092782264,-1.2303928308985157,-2.1687463602036474,-0.12050710475420476,-0.8418840705114875,0.021090484357966552,-0.17253603315152194,0.05541407981629447,5.500704989698562,0.41725531092782264,-1.2303928308985157,-2.1687463602036474,-0.12050710475420476,-0.8418840705114875,4.999998809237067,4.999998817430706,0.10000263983337918,0.10007407412449457,0.007091790854081492,0.012324688861263937
4.900632728598474,-1.6226195160029222,-0.7855497664848898,0.7344383984439468,-0.04108161942473867,5.450737904779759,0.41007611463481364,-1.1981253784709724,-1.9828364643217047,-0.10640493211341566,-0.883468231726206,0.021092191586523198,-0.40677401375193534,0.055412872528780674,5.450737904779759,0.41007611463481364,-1.1981253784709724,-1.9828364643217047,-0.10640493211341566,-0.883468231726206,4.999998832244355,4.999998834649435,0.1000030701474974,0.1001507629773567,0.006559022387766009,0.011351490409931804
4.934430195692257,-1.6896343661581872,-0.7891459836766092,0.704579409953778,-0.03882720943344425,5.332051260102854,0.40267295421225385,-1.1234649712038653,-1.7986153293480773,-0.09254539812309934,-0.9239618347793046,0.021095721687139576,-0.6410101520093708,0.0554103766663593,5.332051260102854,0.40267295421225385,-1.1234649712038653,-1.7986153293480773,-0.09254539812309934,-0.9239618347793046,4.999998827133417,4.999998829696685,0.10000369361429988,0.1004303538963878,0.006048632347171779,0.010436113204519643
4.968227662786039,-1.7504230085662018,-0.7922737837243556,0.6733518402469135,-0.03644919270139981,6.422145522874748,0.49273141651052016,1.1798351077119886,-1.6184055023423893,-0.07893607220355446,-0.9619321051745846,0.021105919671730887,-0.8752395923342662,0.055403166604621266,6.422145522874748,0.49273141651052016,1.1798351077119886,-1.6184055023423893,-0.07893607220355446,-0.9619321051745846,4.999998785658676,4.999998796049054,0.1000047160836881,2.638255552499397,0.0055582448403246765,0.009569907398110257
5.002025129879822,-1.8051210152760153,-0.7949416230271678,0.6408409715758224,-0.03401186542270525,7.223724588363667,0.5702279394970341,3.436477769377767,-1.401353250361547,-0.062282998367967274,-0.9220566669455992,0.08177526109206862,-1.0488098383625712,0.012509941869274021,7.223724588363667,0.5702279394970341,3.436477769377767,-1.401353250361547,-0.062282998367967274,-0.9220566669455992,4.999998690669365,4.999998721743024,0.10000677118951293,4.998887501754751,0.005085786453728188,0.008745835773250369
5.035822596973604,-1.852483205641875,-0.7970466306150112,0.6096777917161258,-0.03035977267628872,6.7505894796662895,0.5239286916501302,3.685872938316886,-1.1572096562917777,-0.043010738346860825,-0.8059124226165387,0.1988684430138743,-1.1659561411061417,-0.07027493879965356,6.7505894796662895,0.5239286916501302,3.685872938316886,-1.1572096562917777,-0.043010738346860825,-0.8059124226165387,4.999998513840388,4.999998590180743,0.10001306966863242,4.999113839447867,0.004629466876241783,0.007958029112358801
5.069620064067387,-1.8915939609210037,-0.7985002846289685,0.5824399931322727,-0.024228088862952288,5.270066245912752,0.3544100702179572,1.852150006650786,-0.9290568304891214,-0.025303275631326987,-0.6813392532719101,0.31596688323709066,-1.283096876002315,-0.15306353861757815,5.270066245912752,0.3544100702179572,1.852150006650786,-0.9290568304891214,-0.025303275631326987,-0.6813392532719101,4.999998194867764,4.999998370931303,2.0696613648537507,0.7328788301538384,0.0041874477156722345,0.007201482630496666
5.10341753116117,-1.9229937285777137,-0.7993554712544831,0.5594124521401129,-0.015412490855605122,5.615762074849632,0.2544875395045344,4.205628249596527,-0.7509419399608308,-0.013325112945430406,-0.618741274369381,0.28401506592551695,-1.4551306771697554,-0.1304736097287972,5.615762074849632,0.2544875395045344,4.205628249596527,-0.7509419399608308,-0.013325112945430406,-0.618741274369381,4.99999751651076,4.99999797091831,4.999988272981815,0.10098914930492495,0.0037579213381264153,0.006471825275114154
5.137214998254952,-1.9483736640828813,-0.7998058263207773,0.5385005642800487,-0.00727670512297436,4.920273909644764,0.1095834240496123,4.465819764514514,-0.5611434060295882,-0.00472407870324821,-0.47660169199495994,0.16691904256429801,-1.5722271424091432,-0.04768673657023961,4.920273909644764,0.1095834240496123,4.465819764514514,-0.5611434060295882,-0.00472407870324821,-0.47660169199495994,4.999995412124814,4.999997093835491,4.9999944189179555,0.10034862840202553,0.003339406593622881,0.005765206474489364
5.171012465348735,-1.9673388898830593,-0.7999654882152988,0.5223926342780079,-0.00205746521913755,4.93015298711962,0.03017880240067514,7.415368649365187,-0.3948506104759723,-0.0010204365349074155,-0.32566829545701675,0.04980753321938021,-1.6893386992333765,0.03511104369905599,4.93015298711962,0.03017880240067514,7.415368649365187,-0.3948506104759723,-0.0010204365349074155,-0.32566829545701675,2.919251359139334,4.999994032244099,4.999996554949458,4.99780703900652,0.0029309476030347074,0.005078239567207923
5.204809932442517,-1.9806838403975808,-0.7999999763855086,0.5113858707788111,-8.380764992226801e-07,2.2423908569875497,9.837296008339453e-06,0.13980229806263617,-0.22822392712648307,-4.6945384083062546e-07,-0.07504761754182991,2.1230448573774756e-05,-1.6396569436082298,-1.3872266871367272e-05,2.2423908569875497,9.837296008339453e-06,0.13980229806263617,-0.22822392712648307,-4.6945384083062546e-07,-0.07504761754182991,0.10000413691013017,0.10003349776175288,4.999997544636937,4.999321786996981,0.002531665371159253,0.004407905387546851
5.2386073995363,-1.988397231064652,-0.7999999922518594,0.5088494513944744,-2.1573856354248776e-07,1.6879365514203672,2.440256408001731e-06,0.2492455189988722,-0.15243679592604745,-1.369781526968747e-07,-0.0703226539734228,4.376686893154208e-06,-1.4054342415602947,-2.948979779745292e-06,1.6879365514203672,2.440256408001731e-06,0.2492455189988722,-0.15243679592604745,-1.369781526968747e-07,-0.0703226539734228,0.10000198785887097,0.10000411331488789,4.999998146268417,4.999875664259026,0.0021409933065020107,0.0037514983542766647
5.272404866630082,-1.9935492086588442,-0.7999999968813739,0.5064727238108601,-8.282233902944239e-08,1.2084076552940937,9.068565725034197e-07,0.3181357597926661,-0.09538881587302474,-5.4503667047043885e-08,-0.06189878674678565,1.3983158098680073e-06,-1.1711975326279724,-9.151064536583225e-07,1.2084076552940937,9.068565725034197e-07,0.3181357597926661,-0.09538881587302474,-5.4503667047043885e-08,-0.06189878674678565,0.10000129098639256,0.10000215634073323,4.999998569669434,4.999967739339248,0.001758521363339756,0.0031065983766083364
5.306202333723865,-1.9967731090244278,-0.7999999987234598,0.5043807016026406,-3.8861767797482396e-08,0.8066600021822243,4.153622981727663e-07,0.35804032313901824,-0.05454769790734765,-2.3854211879079073e-08,-0.0511466038738375,6.407246819923538e-07,-0.9369585493620787,-4.0873631110161447e-07,0.8066600021822243,4.153622981727663e-07,0.35804032313901824,-0.05454769790734765,-2.3854211879079073e-08,-0.0511466038738375,0.10000094715357108,0.10000144869165646,4.999998876390549,4.999986196977203,0.0013846085558405865,0.002471204243772213
5.3399998008176475,-1.998616683049493,-0.7999999995296718,0.5026520759412558,-1.8205191608582387e-08,0.4843201185971686,1.9097046117443667e-07,0.37848866966595845,-0.027284633027723337,-9.81601827458709e-09,-0.039045747834299246,3.2567321647218206e-07,-0.7027190924574063,-2.0294564191024624e-07,0.4843201185971686,1.9097046117443667e-07,0.37848866966595845,-0.027284633027723337,-9.81601827458709e-09,-0.039045747834299246,0.10000074282488418,0.10000108549131234,4.999999103950218,4.999992565240809,0.0010199464372221256,0.0018437068957354254
5.3737972679114305,-1.9995388345364133,-0.7999999998614283,0.501332428563674,-7.50376019875623e-09,0.24222845860117603,7.761940240565975e-08,0.38711957737862274,-0.010915839756578656,-3.361700397159584e-09,-0.026253789475894473,1.6119438093521128e-07,-0.46847946433408894,-9.824036250905922e-08,0.24222845860117603,7.761940240565975e-08,0.38711957737862274,-0.010915839756578656,-3.361700397159584e-09,-0.026253789475894473,0.10000060769843798,0.10000086567377231,4.999999276261565,4.999995441616234,0.0006657104107469603,0.001222906839605158
5.407594735005213,-1.9999077622713872,-0.7999999999750453,0.5004451169777753,-2.1318479272307423e-09,0.08074958369675542,2.1846643015746894e-08,0.3896779679239407,-0.0027291313978277335,-7.383611985152302e-10,-0.013170128298081448,6.33724486695012e-08,-0.23423975485709517,-3.779916927935352e-08,0.08074958369675542,2.1846643015746894e-08,0.3896779679239407,-0.0027291313978277335,-7.383611985152302e-10,-0.013170128298081448,0.10000051187438516,0.10000071914293325,4.999999409092125,4.9999969650187195,0.0003240158038960649,0.0006081491649989886
