0.02673530589017,-2.0,0.8000000000000022,0.5000000000000001,-3.3886153118040475e-14,-1.059905716733396e-15,4.230611691935457e-13,1.0694115118728336,1.308244950545024e-17,4.440736449295396e-15,-3.477256959478106e-16,0.025469166759257464,0.17792021852838572,-0.0180066951548549,-1.059905716733396e-15,4.230611691935457e-13,1.0694115118728336,1.308244950545024e-17,4.440736449295396e-15,-3.477256959478106e-16,0.10000168157885637,0.10000047870687377,4.6661872198209045,6.013222131766196,1.00000001225593,1.0000000085974492
0.05347061178034,-2.0,0.8000000000000033,0.5000000000000001,0.000680925964026028,0.05683341457986583,-0.008163622314742254,2.138681742292242,-1.5254454087265266e-17,1.5751406240541258e-14,0.02859104389238902,0.05093834821239868,0.37606035771303153,-0.03601337428308254,0.05683341457986583,-0.008163622314742254,2.138681742292242,-1.5254454087265266e-17,1.5751406240541258e-14,0.02859104389238902,0.10000175295492038,0.1000005294966487,5.200891876278719,6.5479255344582405,0.999384384291165,0.9994829981225863
0.08020591767051001,-2.0,0.8000000000000047,0.5007643903041824,0.0020382308806705975,0.18592923487246962,-0.02585933149464452,2.744616084850463,0.0015194587235755452,-0.0002182569397407043,0.08576935447429385,0.07640750634911131,0.5944204037694195,-0.05402003637621381,0.18592923487246962,-0.02585933149464452,2.744616084850463,0.0015194587235755452,-0.0002182569397407043,0.08576935447429385,0.1000018382275593,0.10000059069148248,5.735595498367201,6.620421482677704,0.9987687563364915,0.9989632388696524
0.10694122356068,-1.9999593768062376,0.7999941648339591,0.5030574602320551,0.004060095833939718,0.38533970504130566,-0.052076695209388575,2.739995129779803,0.00649033369181628,-0.0009096140773653443,0.15914750505385145,0.09313744036846584,0.8242611162562953,-0.06584806637464483,0.38533970504130566,-0.052076695209388575,2.739995129779803,0.00649033369181628,-0.0009096140773653443,0.15914750505385145,0.10000194222129419,0.10000066589022631,6.270295898026119,6.085719032395887,0.998153108126561,0.9984417053833278
0.13367652945085,-1.9997858557496575,0.7999698460233599,0.5073123174613272,0.006498827788429914,0.6111809634027336,-0.07814026961686574,1.7721372121400825,0.01679250857772346,-0.0023019004535375217,0.23240211298609023,0.08964756424415582,1.0541017865827778,-0.06338068983166148,0.6111809634027336,-0.07814026961686574,1.7721372121400825,0.01679250857772346,-0.0023019004535375217,0.23240211298609023,0.10000207132715316,0.10000076074208396,5.847497113365606,5.551015066091442,0.9975373869005385,0.9979187479229601
0.16041183534102002,-1.9993369028961687,0.7999083040106068,0.5135256590415322,0.00881578633025952,0.8507126620868041,-0.09795667041491639,0.6842318122921279,0.033132618588544445,-0.004391004464084834,0.2797807434320105,0.08404183356103663,1.2658384010922141,-0.05941740319980827,0.8507126620868041,-0.09795667041491639,0.6842318122921279,0.033132618588544445,-0.004391004464084834,0.2797807434320105,0.10000223307853934,0.10000088415359114,5.312798684006917,5.01631064344668,0.9969215010059843,0.99739448658586
0.18714714123119,-1.9984510922032617,0.7997909091630954,0.5210056827993662,0.010958015118889735,1.0865445304979817,-0.11199038375986145,-0.3798833786298228,0.05587668183407614,-0.007009906011610256,0.2980738902334279,0.07843599028434772,1.4573551994828033,-0.05545403593927229,1.0865445304979817,-0.11199038375986145,-0.3798833786298228,0.05587668183407614,-0.007009906011610256,0.2980738902334279,0.13346283097527387,0.10000105105963879,4.7780971143474975,4.481606038672331,0.996305316775437,0.9968689031513475
0.21388244712136,-1.9969572120223,0.7996034971816147,0.52897477943263,0.012933316109552248,1.4410358620155348,-0.13387282577235404,-0.505958252781458,0.08492578222023085,-0.010004003178187728,0.2879175919031685,0.07346274510739396,1.6280194625292324,-0.05104334067749739,1.4410358620155348,-0.13387282577235404,-0.505958252781458,0.08492578222023085,-0.010004003178187728,0.2879175919031685,0.6681665063749589,0.5574654036351373,4.243394667439703,3.9469013706113456,0.9956886705918738,0.9963418751517134
0.24061775301153002,-1.9946866952566802,0.7993360370965207,0.5366723443233224,0.014773113881442866,1.8443033702165847,-0.15607652673552794,-0.5777777190673605,0.12345231678992107,-0.013583134125593093,0.27439064324740065,0.06994986594122134,1.7597043464652102,-0.045600107262890106,1.8443033702165847,-0.15607652673552794,-0.5777777190673605,0.12345231678992107,-0.013583134125593093,0.27439064324740065,1.2028713437356662,1.0921702289652033,3.708692001463399,3.412196706383512,0.9950713667714968,0.9958131842019693
0.2673530589017,-1.9913861598044513,0.7989728878507267,0.5440082621039424,0.016538488240561127,2.276231814626361,-0.17789017740164367,-0.6750706843707703,0.17276033154693304,-0.017755887810142753,0.2589435791916104,0.06643694922043582,1.850949395501514,-0.04015684697552806,2.276231814626361,-0.17789017740164367,-0.6750706843707703,0.17276033154693304,-0.017755887810142753,0.2589435791916104,1.7375765626642494,1.626875624243803,3.173989548608003,2.877492089159311,0.9944531759004099,0.9952825134573665
0.29408836479187,-1.986767359494857,0.798498178758772,0.5509311979019257,0.01825109512813445,2.7250958473604165,-0.199102061494237,-0.7992224727853323,0.2336160853879057,-0.022511836117832282,0.24089535794747174,0.06292398824234242,1.9017545965656026,-0.0347135601130204,2.7250958473604165,-0.199102061494237,-0.7992224727853323,0.2336160853879057,-0.022511836117832282,0.24089535794747174,2.272281967598447,2.1615811967462784,2.6392879391109694,2.342787546148883,0.9938337905554215,0.9947494385486106
0.32082367068204004,-1.9805215619911472,0.7978963179340134,0.5573716089841735,0.019933382334512414,3.179312613809724,-0.219482787460695,-0.9497609156568361,0.30647235644711873,-0.027834890635244067,0.21952790066325809,0.05941096863032613,1.9121199601387495,-0.02927023627631526,3.179312613809724,-0.219482787460695,-0.9497609156568361,0.30647235644711873,-0.027834890635244067,0.21952790066325809,2.806987475451444,2.6962868474773125,2.104588493850592,1.8080831273073517,0.993212812005554,0.9942134227706189
0.34755897657221,-1.972327929794652,0.7971521436184618,0.5632407545598327,0.021606690287231046,3.6277103752145488,-0.23880794321768267,-1.1242098931633013,0.39147225169779803,-0.033702830095632755,0.19413575206064487,0.05589785227849269,1.8820455260640891,-0.023826847864447543,3.6277103752145488,-0.23880794321768267,-1.1242098931633013,0.39147225169779803,-0.033702830095632755,0.19413575206064487,3.3416930358097536,3.2309925386482568,1.5698932276013295,1.273379013268557,0.9925897418321841,0.9936738129774842
0.37429428246238,-1.9618617993979979,0.7962510881464916,0.5684310332753925,0.0232892919491711,4.059799520389327,-0.2568787103614439,-1.3180789780724826,0.48846019826010284,-0.04008743350655959,0.16407965668216887,0.05238456616309823,1.8115313773622832,-0.018383342927058066,4.059799520389327,-0.2568787103614439,-1.3180789780724826,0.48846019826010284,-0.04008743350655959,0.16407965668216887,3.8763986191703377,3.765698247959041,1.0352076440777542,0.738675600280141,0.9919639749807321,0.993129834092734
0.40102958835255004,-1.9488026665823408,0.795179338349343,0.5728177530871444,0.024994266583454064,4.466012629495031,-0.27353932508223894,-1.5249726779302464,0.5970001802904776,-0.046955164404744794,0.12884041201599852,0.048870940554412816,1.7005777095874215,-0.012939601335229105,4.466012629495031,-0.27353932508223894,-1.5249726779302464,0.5970001802904776,-0.046955164404744794,0.12884041201599852,4.411104204246962,4.300403959229981,0.5005553547720337,0.2039744115846602,0.9913347939326251,0.9925805808179425
0.42776489424272,-1.932841684145788,0.79392397766586,0.5762623409134079,0.0267271275113449,5.128077343228273,-0.3060072221413332,-1.2525389576378045,0.7164003940493905,-0.054268321933808594,0.08806980099738179,0.0453563879909985,1.5491851942387729,-0.007495207760250529,5.128077343228273,-0.3060072221413332,-1.2525389576378045,0.7164003940493905,-0.054268321933808594,0.08806980099738179,4.94580977223724,4.835109658095371,0.10010624749117972,0.10000418630755074,0.9907013636458841,0.9920250051122909
0.45450020013289005,-1.9136885004710393,0.7924730974788144,0.5786169139827595,0.028483220204815203,6.273613730778818,-0.3669603762160277,-0.26151437951381934,0.8535011104490485,-0.062449518622357564,0.05458278882557853,0.04744752856857557,1.3680353645374828,-0.006014042734939097,6.273613730778818,-0.3669603762160277,-0.26151437951381934,0.8535011104490485,-0.062449518622357564,0.05458278882557853,5.480515303061753,5.369815329133884,0.48060910923459915,0.1000036493558271,0.9900627268877783,0.991461897692511
0.48123550602306003,-1.890869887205584,0.7908034904957528,0.58007620153835,0.030330734615920597,7.546949219788866,-0.4371539016031706,0.8086874314319354,1.0212280925782276,-0.07226031653006598,0.04759112189465229,0.04234427133491163,1.1738599410887465,0.0005535577942554884,7.546949219788866,-0.4371539016031706,0.8086874314319354,1.0212280925782276,-0.07226031653006598,0.04759112189465229,6.015220771462321,5.904520952866861,1.0149805292938856,0.10000324492317576,0.9894177995747535,0.9908898611801046
0.50797081191323,-1.8635670417668693,0.7888715888296021,0.5813485647398615,0.032149968318594124,8.845245607717604,-0.5091133045682895,1.842674048292223,1.2229980885069014,-0.08394775981050874,0.06921162774357235,0.027137337764798826,0.969568209217865,0.014264453340459851,8.845245607717604,-0.5091133045682895,1.842674048292223,1.2229980885069014,-0.08394775981050874,0.06921162774357235,6.54992614077864,6.439226500940847,1.5492315850149598,0.10000293453778318,0.9887652886433806,0.9903072729447937
0.5347061178034,-1.8308698137675419,0.7866272197922747,0.5831989587787454,0.0337975401793202,9.564513375293322,-0.5445039730750328,2.133933106174232,1.4594784355029544,-0.09755905974089704,0.11847608208059178,0.001829004990840476,0.7551578982097014,0.03511703334464204,9.564513375293322,-0.5445039730750328,2.133933106174232,1.4594784355029544,-0.09755905974089704,0.11847608208059178,7.084631349962489,6.973931926063943,1.15266973438544,0.10000269092558375,0.9881035399787891,0.9897122415322456
0.5614414236935701,-1.7918502113542605,0.7840189484877454,0.5863664530738432,0.03514435420618217,10.14664128020925,-0.5645074464165215,2.349074869725164,1.715188626281959,-0.11211654001946199,0.1755274364232078,-0.015981314986152968,0.5130296032378883,0.050668512528168105,10.14664128020925,-0.5645074464165215,2.349074869725164,1.715188626281959,-0.11211654001946199,0.1755274364232078,7.61933627963231,7.508637135592428,0.6186672518976545,0.10000249646499647,0.9874304623907647,0.9891025610697891
0.58817672958374,-1.7459941187712709,0.7810214784949789,0.5910592327787362,0.03624906415551568,10.671244545073368,-0.5768515930822915,2.6266967991628483,1.9864621846661024,-0.12720881927667585,0.23833067162411947,-0.02369495389218647,0.24058466603984674,0.059081630712418405,10.671244545073368,-0.5768515930822915,2.6266967991628483,1.9864621846661024,-0.12720881927667585,0.23833067162411947,8.15404063384079,8.04334189950061,0.10016510007432523,0.10000233882987929,0.9867434588731838,0.9884756616117352
0.61491203547391,-1.6928854446249684,0.7776205117996912,0.5974310761876153,0.03716989693969081,11.452415014584803,-0.6030701899668447,3.3645965979868455,2.271761171807451,-0.14263112307095555,0.3085562140304623,-0.021604987094038294,-0.06188381977388905,0.0605635887103653,11.452415014584803,-0.6030701899668447,3.3645965979868455,2.271761171807451,-0.14263112307095555,0.3085562140304623,8.688743231673996,8.578045298729052,0.10007786052483458,0.10000221079047297,0.986039507336925,0.9878285469881508
0.6416473413640801,-1.632149214787286,0.7738072250949325,0.6056804209540307,0.03794509201612,11.910601634076851,-0.6180168375735104,3.9376244795998914,2.577944990403556,-0.15875438907295455,0.39850973327465977,-0.019513388381235706,-0.3845738276890667,0.062044371519104656,11.910601634076851,-0.6180168375735104,3.9376244795998914,2.577944990403556,-0.15875438907295455,0.39850973327465977,8.999996504613499,8.999997268593297,0.1000468351570209,0.10000210684774445,0.9853151094930884,0.9871577080218965
0.66838264725425,-1.5632270669008166,0.7695628779416619,0.6163347005733371,0.03852118960088639,11.768689852713761,-0.6096296423615427,4.059649672344055,2.8963785684265653,-0.17527725827075027,0.5037833282173795,-0.01951424852993672,-0.7211275546270702,0.0620449592190027,11.768689852713761,-0.6096296423615427,4.059649672344055,2.8963785684265653,-0.17527725827075027,0.5037833282173795,8.999996357083786,8.999994467820112,0.1000316331512364,0.10000202252944246,0.9845661950050482,0.9864590008431439
0.69511795314442,-1.4857914999002004,0.7648767868262053,0.6298035019555946,0.038775592872784925,10.853137511442474,-0.5687088889497072,3.492559088656658,3.211018091565413,-0.1915758932389936,0.6123193040144215,-0.019514772673492765,-1.0576815148470895,0.06204538029853895,10.853137511442474,-0.5687088889497072,3.492559088656658,3.211018091565413,-0.1915758932389936,0.6123193040144215,8.512343117517121,8.465294874014567,0.10002293040892564,0.10000195381622957,0.9837878901991337,0.9857274851814279
0.7218532590345901,-1.3999439490033299,0.7597549467192806,0.6461740458508741,0.038711618420445223,9.82056716194414,-0.5283609719286575,2.947470625926239,3.5011800428019155,-0.20678049934751605,0.7056939395891509,-0.01862560126895221,-1.3749054317712563,0.06267458529717039,9.82056716194414,-0.5283609719286575,2.947470625926239,3.5011800428019155,-0.20678049934751605,0.7056939395891509,7.977640972446698,7.930590968245759,0.10001750598639965,0.10000189869345738,0.9829744177965694,0.9849572018547736
0.74858856492476,-1.3063388295824625,0.7542266068171052,0.6650409891906272,0.03840733599902985,8.724461760091252,-0.49024138154384284,2.429692083804041,3.7637359098914596,-0.22090639155245012,0.7844954683755807,-0.017736295053463087,-1.6719095810909916,0.06330374205727102,8.724461760091252,-0.49024138154384284,2.429692083804041,3.7637359098914596,-0.22090639155245012,0.7844954683755807,7.442936925962238,7.395886259482255,0.10001237991934724,0.10000188534004674,0.9821190695370062,0.9841408499914824
0.77532387081493,-1.205714198741697,0.7483206068658594,0.6860147155070985,0.03791523388097497,7.587656964049607,-0.4539089705637688,1.910335416343661,3.9969870637745983,-0.23401314484803876,0.8494540294550079,-0.016846879646887778,-1.9486939052415602,0.06393283932550646,7.587656964049607,-0.4539089705637688,1.910335416343661,3.9969870637745983,-0.23401314484803876,0.8494540294550079,6.908232278322414,6.8611812181084515,0.10000958429042218,0.10000188191481213,0.9812142608441702,0.9832692804701567
0.8020591767051001,-1.0988535269526305,0.7420641938560293,0.7087251288242136,0.03729219254483505,6.433336307937392,-0.41888888424473025,1.3634978551867376,4.19984539369815,-0.24614854002234834,0.9005274311637833,-0.015957404001968677,-2.205258342317078,0.06456190453183125,6.433336307937392,-0.41888888424473025,1.3634978551867376,4.19984539369815,-0.24614854002234834,0.9005274311637833,6.373527350213391,6.326476005512123,0.10000786459320522,0.10000188956601289,0.9802513577043567,0.98233069089903
0.82879448259527,-0.9865693756606887,0.7354833373441161,0.7328010051588644,0.036593244911047214,5.285588934876361,-0.38471361867685616,0.7672245695198701,4.371842607785201,-0.2573476624766189,0.9369809634027944,-0.015067890318122116,-2.4416028632244675,0.06519095045048948,5.285588934876361,-0.38471361867685616,0.7672245695198701,4.371842607785201,-0.2573476624766189,0.9369809634027944,5.838822272448627,5.79177069858823,0.10000673200039825,0.10000190999038126,0.9792204555728616,0.9813092722184141
0.85552978848544,-0.8696868262378724,0.7286030688676866,0.7578514778287024,0.03586759701449519,4.16959513152502,-0.35095564840000515,0.1043595153573496,4.5131544447688245,-0.2676330987520551,0.9574929469553657,-0.014178350500678517,-2.6577274520083685,0.06581998401933398,4.16959513152502,-0.35095564840000515,0.1043595153573496,4.5131544447688245,-0.2676330987520551,0.9574929469553657,5.30411711456234,5.257065342678082,0.10000595931561364,0.10000194557132555,0.9781101106269875,0.9801828249166947
0.8822650943756101,-0.7490262616273968,0.7214478161062194,0.7834503446532326,0.03515677014682246,3.111454093158136,-0.317252773066266,-0.6367350137155542,4.624629846048315,-0.27701600536590903,0.9602830305209986,-0.013288791656742738,-2.8536320991361066,0.06644900943067701,3.111454093158136,-0.317252773066266,-0.6367350137155542,4.624629846048315,-0.27701600536590903,0.9602830305209986,4.769411921760051,4.722359969903895,0.10000542892710779,0.10000199965261734,0.9769070095245995,0.9789183809825881
0.9090004002657801,-0.6253853680644845,0.7140417084662922,0.8091238052153493,0.0344943577599454,2.137684132540396,-0.28332677219850494,-1.4616306449146532,4.7078155229921235,-0.2854978552983378,0.9432597251583364,-0.01239921835907108,-3.0293167986976157,0.06707802943483256,2.137684132540396,-0.28332677219850494,-1.4616306449146532,4.7078155229921235,-0.2854978552983378,0.9432597251583364,4.234706729645555,4.187654607614107,0.10000507658248406,0.10000207698067978,0.9755955577971173,0.9774642588964111
0.93573570615595,-0.4995204799827985,0.706408835973907,0.8343421425013337,0.033906811989878424,1.274445346183615,-0.24899563983560766,-2.3695051641059393,4.764967162172157,-0.29307268321993735,0.9041825827681019,-0.011509633719731027,-3.1847815470982175,0.06770704597011701,1.274445346183615,-0.24899563983560766,-2.3695051641059393,4.764967162172157,-0.29307268321993735,0.9041825827681019,3.7000015723285613,3.652949283828678,0.10000486788493446,0.10000218445215676,0.9741573578305877,0.9757403591942679
0.9624710120461201,-0.3721276253455096,0.6985734481399725,0.8585157404322014,0.03341476661146122,0.5774223394061943,-0.22627606425508362,-2.988402875729123,4.799039848342683,-0.2997296578162594,0.8408331373973977,-0.010620039954888773,-3.320026342437916,0.06833606050425596,0.5774223394061943,-0.22627606425508362,-2.988402875729123,4.799039848342683,-0.2997296578162594,0.8408331373973977,3.165296489333534,3.1182440326879775,0.27911094750316634,0.2870787980490788,0.9725705331737178,0.973669320023989
0.9892063179362901,-0.2438238270209518,0.6905600840539022,0.880995671563111,0.0330345560995776,-0.029893551853401992,-0.2263363609231665,-2.9640804296930865,4.8144774112145265,-0.3057792176097419,0.7609372723917281,-0.009579739570915293,-3.4281275601821215,0.06885852995409514,-0.029893551853401992,-0.2263363609231665,-2.9640804296930865,4.8144774112145265,-0.3057792176097419,0.7609372723917281,2.63059153510273,2.583538902778303,0.8138122725487222,0.8217825785263823,0.9708088336296697,0.9713368613171198
1.01594162382646,-0.11510730073081644,0.6823849831362524,0.9013395623037345,0.032783752310961305,-0.6566792079639148,-0.2259073218279201,-2.995569691887045,4.8136781979615835,-0.3118303894530901,0.6816916754208293,-0.008539389439030105,-3.495788977121382,0.06938096892898911,-0.6566792079639148,-0.2259073218279201,-2.995569691887045,4.8136781979615835,-0.3118303894530901,0.6816916754208293,2.0958867976699023,2.0488339742356083,1.3485159841295844,1.3564874810027352,0.9688404203108508,0.9689489815619616
1.04267692971663,0.01358785834852999,0.6740481022883766,0.9195647977688923,0.032672090951822864,-1.290118250362079,-0.22491310032814654,-3.0866271408785555,4.796121678464953,-0.3178700908049883,0.6016042033929192,-0.007499013176780045,-3.523010534824319,0.06990339453909589,-1.290118250362079,-0.22491310032814654,-3.0866271408785555,4.796121678464953,-0.3178700908049883,0.6016042033929192,1.5611824464630806,1.5141294030361034,1.8832204752928496,1.891192750350626,0.9666261382728728,0.9666261601005279
1.0694122356068,0.14181363850876727,0.6655497481773727,0.9356488701714137,0.032703610207138786,-1.9170748184425503,-0.22333178785350824,-3.2378069952072677,4.761629972407031,-0.3238832113409677,0.5190822826126424,-0.006458618041421335,-3.5097922256733596,0.07042581268748656,-1.9170748184425503,-0.22333178785350824,-3.2378069952072677,4.761629972407031,-0.3238832113409677,0.5190822826126424,1.0264788978700345,0.9794255748545583,2.4179253428360488,2.425898196496731,0.9641173345884315,0.9644733279848132
1.0961475414969701,0.2691172723568721,0.6568906314494848,0.9495266937792305,0.03287697856345656,-2.5247775866563957,-0.22119648614196954,-3.446396185056798,4.710376390721623,-0.3298540550042301,0.4325185221824558,-0.005418206679747433,-3.4561340684333905,0.07094822683875647,-2.5247775866563957,-0.22119648614196954,-3.446396185056798,4.710376390721623,-0.3298540550042301,0.4325185221824558,0.4917778066286448,0.44472402690937346,2.9526304237858154,2.9606037420481304,0.9612527054959964,0.9625429294435597
1.1228828473871402,0.39505062602065066,0.6480718823898373,0.9610902087729432,0.033184957366603846,-3.2522341279589053,-0.22921597204935792,-3.4099250141262036,4.642875689637715,-0.335767810723067,0.3403780659562588,-0.004377777898425443,-3.362036146766183,0.07147064088445089,-3.2522341279589053,-0.22921597204935792,-3.4099250141262036,4.642875689637715,-0.335767810723067,0.3403780659562588,0.10000490529614213,0.10000467894534677,3.487335634634522,3.4953093467692424,0.9579545110376861,0.9608015811474762
1.14961815327731,0.5191793277931499,0.6390950272620869,0.9701903204845889,0.033612827439770954,-4.381762154982169,-0.25979692274173855,-2.822206722677088,4.55592621540028,-0.34189596985072,0.24921267764105806,-0.004227010087564769,-3.2337929840472053,0.07136405409372999,-4.381762154982169,-0.25979692274173855,-2.822206722677088,4.55592621540028,-0.34189596985072,0.24921267764105806,0.10000488319405779,0.10000494167776934,4.022040925180208,4.030014985825239,0.9541228339452976,0.9592215819045742
1.17635345916748,0.6409834087749218,0.6299543339255149,0.9768530976530317,0.034125867854853775,-5.613083000466255,-0.28897605665112047,-2.3736211959367823,4.438778463848857,-0.3488417200495465,0.17376011762499702,-0.00407624107274932,-3.0853298624230887,0.07125745883667546,-5.613083000466255,-0.28897605665112047,-2.3736211959367823,4.438778463848857,-0.3488417200495465,0.17376011762499702,0.10000493840555194,0.10000538376230966,4.556746260908808,4.5647206413672485,0.9496274414412169,0.9577798462812567
1.20308876505765,0.7596555087846206,0.6206279438327407,0.981498627549249,0.03470389475856646,-6.919164722099811,-0.3168131300579699,-2.06433255594259,4.288710972844474,-0.3565675833190512,0.11030062888424044,-0.0039254733258687275,-2.9166467855807485,0.0711508541328817,-6.919164722099811,-0.3168131300579699,-2.06433255594259,4.288710972844474,-0.3565675833190512,0.11030062888424044,0.10000506011334052,0.10000607250447079,5.091451614626448,5.099426298385491,0.9442967738684097,0.9564569864468174
1.22982407094782,0.8743155085181468,0.6110950004221906,0.9844475486023484,0.035317364580266575,-8.273944989598782,-0.3434624936026114,-1.8877292725110082,4.103724987494657,-0.36503767926117575,0.05511006654208257,-0.0037747105655532285,-2.7277437590731237,0.07104423779475212,-8.273944989598782,-0.3434624936026114,-1.8877292725110082,4.103724987494657,-0.36503767926117575,0.05511006654208257,0.10000524098746176,0.10000714510478025,5.626156961384003,5.634131941934853,0.9379047559589161,0.9552364526094492
1.2565593768379901,0.984029851347951,0.6013356064057085,0.9859209330889798,0.03592310724919411,-9.653458008628677,-0.36916062459634286,-1.8307640108572436,3.8825185372792883,-0.3742202540894454,0.004641047003675637,-0.003623959054001999,-2.5186207916629937,0.07093760556892653,-9.653458008628677,-0.36916062459634286,-1.8307640108572436,3.8825185372792883,-0.3742202540894454,0.004641047003675637,0.10000547501537145,0.100008900880029,6.160862274167802,6.168837554340236,0.9301517465136032,0.9541039884932616
1.2832946827281602,1.0878301720663686,0.5913307134423332,0.986045012900275,0.0364588365481719,-11.036705898707543,-0.3942074053643398,-1.874508881576889,3.6244303845206827,-0.384089876310639,-0.04430498883930517,-0.003473230649880701,-2.2892778985037645,0.07083094899567335,-11.036705898707543,-0.3942074053643398,-1.874508881576889,3.6244303845206827,-0.384089876310639,-0.04430498883930517,0.10000575576801193,0.10001211042794707,6.695567518381922,6.703543110934011,0.9206389738878626,0.9530472094451105
1.31002998861833,1.1847304270741554,0.5810619531098539,0.984860505471197,0.036836623665278595,-12.406215918800907,-0.4189418202644641,-1.9948506701182176,3.329360676298886,-0.3946291318772299,-0.09442055718210252,-0.0033225517158244657,-2.039715110317945,0.07072424909551864,-12.406215918800907,-0.4189418202644641,-1.9948506701182176,3.329360676298886,-0.3946291318772299,-0.09442055718210252,0.1000060745663171,0.10001949400789549,7.230272641827015,7.2382485711980245,0.9088350699051692,0.9520552680577945
1.3367652945085,1.2737419031737094,0.5705114225559469,0.9823361429926145,0.036936287149090856,-13.74823466501164,-0.4437124055935787,-2.1632544215762497,2.99767669877024,-0.40582966959219097,-0.1477535000529233,-0.0031719999912034756,-1.769932510850507,0.0706174502533364,-13.74823466501164,-0.4437124055935787,-2.1632544215762497,2.99767669877024,-0.40582966959219097,-0.1477535000529233,0.10000717709603213,0.10002681888094628,7.764977550986883,7.772953855012037,0.8940342910787018,0.9511185825413389
1.36350060039867,1.3538857066751666,0.5596614422000957,0.9783859079723578,0.03660117036678187,-15.052566973543595,-0.4688438800225315,-2.3475066398627664,2.6301134395513075,-0.41769245648300546,-0.20558876873202755,-0.0030215588321830873,-1.4799301211977567,0.07051056322478136,-15.052566973543595,-0.4688438800225315,-2.3475066398627664,2.6301134395513075,-0.41769245648300546,-0.20558876873202755,0.1000087873289988,0.10004150091626107,8.299681993540762,8.307658775735748,0.8753091279628015,0.9502286102941812
1.39023590628884,1.4242025940074177,0.5484943066080087,0.9728894293527249,0.03564122905818848,-16.369993136123988,-0.4963567120298655,-2.486470735798321,2.2276784570813417,-0.43022714103015014,-0.26835007682796497,-0.0028713557881681136,-1.1697081057527414,0.07040349506490078,-16.369993136123988,-0.4963567120298655,-2.486470735798321,2.2276784570813417,-0.43022714103015014,-0.26835007682796497,0.10001127030276333,0.16361813788499818,8.834384979101772,8.842362589242473,0.851467821604205,0.9493776540344345
1.4169712121790101,1.4837602589824286,0.5369920523903167,0.9657150079630801,0.033851187338050384,-17.384505136792693,-0.5170609212058089,-2.6765621241402346,1.7900216831670672,-0.4434973895569171,-0.3348266325364873,-0.003923169942450068,-0.8404683316979643,0.0694465786104423,-17.384505136792693,-0.5170609212058089,-2.6765621241402346,1.7900216831670672,-0.4434973895569171,-0.3348266325364873,0.1000153990328788,0.6982421580253807,8.9999972749432,8.999997923798645,0.821044572940581,0.9485586910804639
1.4437065180691802,1.531617036231936,0.5251350140190226,0.9567633155220429,0.031078063369671748,-18.03941166262824,-0.5291030938080429,-2.8774254299968334,1.3252416205856723,-0.4573211714492179,-0.40638533965942103,-0.015234172803843534,-0.5152252498784079,0.0614496822400886,-18.03941166262824,-0.5291030938080429,-2.8774254299968334,1.3252416205856723,-0.4573211714492179,-0.40638533965942103,0.10002303345079881,1.2328786285535598,8.999997493021873,8.99999802218328,0.7823839019191091,0.947765218374815
1.4704418239593502,1.5670477763366772,0.5129083926102785,0.945898479156969,0.02751203121581148,-18.634894342322582,-0.5355894000532038,-2.941823108629946,0.8429524317065954,-0.4714669045096225,-0.48331418870654214,-0.036653710793362965,-0.20009098363690456,0.04630605473420657,-18.634894342322582,-0.5355894000532038,-2.941823108629946,0.8429524317065954,-0.4714669045096225,-0.48331418870654214,0.10003978598806756,1.767475585550423,8.999997635326404,8.999998081011958,0.7339436952226007,0.9469910903550545
1.49717712984952,1.589584367449214,0.5003035807011236,0.9329769264808415,0.023573686381840084,-18.612142090662473,-0.5145694017965121,-3.0631795748743476,0.3447428312335922,-0.48578605095158955,-0.5619647293905369,-0.06818086371980563,0.1049350395493544,0.024016345699672283,-18.612142090662473,-0.5145694017965121,-3.0631795748743476,0.3447428312335922,-0.48578605095158955,-0.5619647293905369,0.10009013321877815,1.7038581133806816,8.999997717116749,8.999998102373448,0.6749092455336569,0.9462304495141252
1.52391243573969,1.5988011724956854,0.4873159420317559,0.9179526275411002,0.019797494236572972,-18.479227241922683,-0.4754401762159835,-3.052698604000597,-0.15285848083157969,-0.49954322131035317,-0.6438597723213292,-0.09850421395073491,0.4111629646363265,0.0025777267864498334,-18.479227241922683,-0.4754401762159835,-3.052698604000597,-0.15285848083157969,-0.49954322131035317,-0.6438597723213292,0.5124318411082889,1.1692644496079927,8.999997746368606,8.999998085807665,0.6061273376291667,0.9454776636483794
1.55064774162986,1.5947144542527443,0.4739605012046631,0.9007388395777154,0.016380337766982552,-18.404571113874685,-0.4231992148010099,-2.8497365715549967,-0.646906273758297,-0.5122542598539748,-0.7254746032898047,-0.11092331694361027,0.7197023775418476,-0.006202588104519874,-18.404571113874685,-0.4231992148010099,-2.8497365715549967,-0.646906273758297,-0.5122542598539748,-0.7254746032898047,1.0466428562800965,0.6346368110457502,8.999997727126475,8.999998028883018,0.5310535039489611,0.944727174292479
1.5773830475200301,1.5774192171415453,0.46026522687392435,0.8813430541432131,0.013019777649041714,-17.390186474464045,-0.34653504433896987,-2.8480777160827544,-1.138958112265076,-0.523568620314171,-0.8016631822367574,-0.10313327754089577,1.028249666343721,-0.0006950383143540257,-17.390186474464045,-0.34653504433896987,-2.8480777160827544,-1.138958112265076,-0.523568620314171,-0.8016631822367574,0.6351088306833026,0.10007729461079606,8.999997661977103,8.999997927828321,0.4554683009491643,0.943973498299143
1.6041183534102001,1.5469688236140484,0.4462674596553302,0.8599103437452261,0.009414779322413882,-16.70295920584817,-0.28516735659237646,-2.58442254875017,-1.6038900671469707,-0.5328333407262485,-0.877807411175213,-0.09301712557102436,1.3546852831536316,0.006457074020731603,-16.70295920584817,-0.28516735659237646,-2.58442254875017,-1.6038900671469707,-0.5328333407262485,-0.877807411175213,0.1010524275472659,0.10002737997091042,8.999997551235953,8.999997775478231,0.38563048348373835,0.9432110863519034
1.6308536593003702,1.5040883320546692,0.4320219973025318,0.8364418940947981,0.005740560584621094,-16.43015821655418,-0.23768667355850145,-1.9845347784119112,-2.050448790786366,-0.5404573772346476,-0.946902738565502,-0.09299774017095082,1.6912195483014298,0.006470773503397802,-16.43015821655418,-0.23768667355850145,-1.9845347784119112,-2.050448790786366,-0.5404573772346476,-0.946902738565502,0.10011049431018969,0.10001817837867662,8.999997390651073,8.999997557467857,0.3259205426229392,0.9424341285598272
1.65758896519054,1.4492689564208665,0.41757270400156327,0.8111261597310093,0.0023459791836747267,-16.060169662878323,-0.189061724281905,-1.2497667529390253,-2.489714096529834,-0.546812003158261,-0.9999598829160299,-0.09299599154678893,2.02777178994057,0.006472005320782624,-16.060169662878323,-0.189061724281905,-1.2497667529390253,-2.489714096529834,-0.546812003158261,-0.9999598829160299,0.10005767817485609,0.10001348274560302,8.999997170822024,8.99999724771962,0.2776435287088704,0.9416366455920213
1.68432427108071,1.3827056884710731,0.40295351783270894,0.7843919263833501,-0.0007035752795463024,-15.129385010266603,-0.13509736486246068,-0.6604301314077183,-2.9190876451149164,-0.5518666261890697,-1.0333727793472234,-0.0929951544646103,2.3643251089745543,0.006472595082002201,-15.129385010266603,-0.13509736486246068,-0.6604301314077183,-2.9190876451149164,-0.5518666261890697,-1.0333727793472234,0.1000373920954618,0.10001073690856217,8.675684347037715,8.805646734884618,0.23992550455522185,0.9408122121013183
1.71105957697088,1.30466298735871,0.3881991947709662,0.7567643890289263,-0.0034024412238899083,-13.64328401193554,-0.07991231965832679,-0.3331039541082335,-3.3235763812945485,-0.5554784955636316,-1.0510295809294976,-0.09053737735861622,2.691072199441917,0.004735659302639532,-13.64328401193554,-0.07991231965832679,-0.3331039541082335,-3.3235763812945485,-0.5554784955636316,-1.0510295809294976,0.10002293371488717,0.10000956357058602,8.140981437992776,8.270943903124678,0.21097075660389403,0.9399536067786541
1.73779488286105,1.2158061561554558,0.373348307276659,0.7286647916831582,-0.005652840563968096,-12.094836061940475,-0.030582258844341483,-0.04861611395039965,-3.6883337527001125,-0.5576149758740971,-1.0599352170358092,-0.08807984997924129,2.9975997201197853,0.0029985449003190026,-12.094836061940475,-0.030582258844341483,-0.04861611395039965,-3.6883337527001125,-0.5576149758740971,-1.0599352170358092,0.10001667514942951,0.1000086725086196,7.606277039178081,7.736239553779965,0.18886289201736714,0.9390525591711828
1.7645301887512201,1.1171974250519796,0.358440300327723,0.7003270994319414,-0.007545700618370353,-10.591870760362214,0.012741554087546752,0.24019642474883954,-4.011692894507552,-0.5584326019191189,-1.0612349837134667,-0.08562242315096438,3.2839074537706456,0.0012613580857770616,-10.591870760362214,0.012741554087546752,0.24019642474883954,-4.011692894507552,-0.5584326019191189,-1.0612349837134667,0.2280609754189645,0.10000801464392378,7.0715721602285155,7.20153471685427,0.1719251125524396,0.9380996130605374
1.7912654946413902,1.0099435883798986,0.34351043389636937,0.6719546575210114,-0.009172233396904358,-9.544124567181509,0.05310461500560736,0.9876526313254456,-4.294869799234988,-0.5580919525730773,-1.0548132588240797,-0.0807439763460691,3.547574252610449,0.0012358312711832965,-9.544124567181509,0.05310461500560736,0.9876526313254456,-4.294869799234988,-0.5580919525730773,-1.0548132588240797,0.7627537877219794,0.4447408540737626,6.536867056712383,6.666829653461727,0.15882712178759012,0.9370839860920077
1.8180008005315602,0.8951189305388979,0.3285896748294833,0.6437539023893416,-0.010591271234790842,-8.478684277684337,0.09185153431764391,1.8427065993912486,-4.550034888992476,-0.556672184446727,-1.0284080636123605,-0.07227384704161992,3.7743932991581013,0.003749622911057687,-8.478684277684337,0.09185153431764391,1.8427065993912486,-4.550034888992476,-0.556672184446727,-1.0284080636123605,1.297453796320376,0.9794394070631172,6.002161834350408,6.132124472066757,0.14857190510181606,0.935993218050519
1.84473610642173,0.7734723559707379,0.31370687369774825,0.616259098228747,-0.011818913176061522,-7.261647988513189,0.126963603272109,2.6372597891634584,-4.776715106702546,-0.554216505580267,-0.9791427390117978,-0.0638036894405523,3.9607726625875586,0.006263433461375874,-7.261647988513189,0.126963603272109,2.6372597891634584,-4.776715106702546,-0.554216505580267,-0.9791427390117978,1.8321561100872747,1.514141811868576,5.467456550058524,5.597419231601001,0.14043134136771168,0.9348126915537565
1.8714714123119,0.6457654164428489,0.2988897258916759,0.590081417591127,-0.01289236732527124,-5.9052830590731835,0.1579415406915502,3.334752309075183,-4.970857486942187,-0.5508220948098721,-0.9086347918366642,-0.05533353273215713,4.1067122241973655,0.00877724220886973,-5.9052830590731835,0.1579415406915502,3.334752309075183,-4.970857486942187,-0.5508220948098721,-0.9086347918366642,2.366859518675987,2.0488454778111387,4.932751241270286,5.062713971473311,0.13388031403933073,0.9335247706513726
1.89820671820207,0.5128680209930072,0.28416332869586686,0.5657887884889221,-0.01384131302089522,-4.429283262744772,0.18430939085825682,3.9023754988062795,-5.12873703589455,-0.5465994794067213,-0.8194791687855847,-0.04686337996964543,4.212211938607134,0.011291046865669303,-4.429283262744772,0.18430939085825682,3.9023754988062795,-5.12873703589455,-0.5465994794067213,-0.8194791687855847,2.9015635439284915,2.5835497554172844,4.398045937638575,4.528008723674707,0.1285377856614447,0.9321079052877913
1.9249420240922401,0.375749667508122,0.2695498244145175,0.5438797622408168,-0.014688301723985622,-2.8601169581470804,0.20566004555189302,4.313000933521736,-5.247155278798243,-0.5416719114636966,-0.71514796612669,-0.03839323092285977,4.277271782922788,0.013804847402735396,-2.8601169581470804,0.20566004555189302,4.313000933521736,-5.247155278798243,-0.5416719114636966,-0.71514796612669,3.436267949231353,3.118254382839976,3.8633406673374804,3.9933035194910946,0.12412436410859715,0.9305355370140392
1.9516773299824102,0.23546536607623003,0.2550680601694195,0.5247600626096863,-0.015449387098067703,-1.2297494515375638,0.2216958820393543,4.54688906325469,-5.323621380555969,-0.5361735272364817,-0.5998385668643933,-0.029923084825699595,4.30189174479917,0.01631864408674514,-1.2297494515375638,0.2216958820393543,4.54688906325469,-5.323621380555969,-0.5361735272364817,-0.5998385668643933,3.970972599532108,3.6529592266409,3.3286354620499186,3.4585983950896435,0.12043296829758778,0.9287746537870707
1.9784126358725802,0.09313672002361639,0.24073329690853779,0.5087231950398453,-0.01613457843283022,0.4261557760811527,0.2322600478652715,4.592990455736453,-5.3564991083110955,-0.5302464200155692,-0.47827609690960626,-0.021452940857797746,4.286071818250516,0.01883243710285433,0.4261557760811527,0.2322600478652715,4.592990455736453,-5.3564991083110955,-0.5302464200155692,-0.47827609690960626,4.505677408696458,4.187664207345838,2.793930363026767,2.923893398628576,0.11730844662292232,0.9267838645901725
2.00514794176275,-0.0500709221375043,0.22655699667225093,0.4959363372890102,-0.01674792286419801,2.0703914699578627,0.23735487098306732,4.44969271651154,-5.345105703280703,-0.5240368765898256,-0.35548109212485646,-0.012982798194111881,4.229812002112819,0.02134622645485413,2.0703914699578627,0.23735487098306732,4.44969271651154,-5.345105703280703,-0.5240368765898256,-0.35548109212485646,5.040382315613981,4.722369270961475,2.259225431356028,2.3891886026132365,0.11463331163779877,0.924510811160334
2.03188324765292,-0.19297395813000684,0.21254671047888965,0.4864324415528804,-0.01728710249647269,3.6665083894314,0.23714524394267072,4.124927326916203,-5.28975315401898,-0.5176911215095709,-0.23651719623165454,-0.004512655928292631,4.133112299924337,0.02386001189877365,3.6665083894314,0.23714524394267072,4.124927326916203,-5.28975315401898,-0.5176911215095709,-0.23651719623165454,5.575087271232528,5.257074375393436,1.7245207698099076,1.8544841304462754,0.1123176693165064,0.9218887244422965
2.05861855354309,-0.33439712678619654,0.19870607998870307,0.4801090819633418,-0.017742445729072024,5.181038247574195,0.23194646549227144,3.6356246255529596,-5.191727930678656,-0.5113509708723635,-0.12623600237182436,0.003957487104526354,3.9959727212230978,0.026373792821852236,5.181038247574195,0.23194646549227144,3.6356246255529596,-5.191727930678656,-0.5113509708723635,-0.12623600237182436,6.109792229529309,5.791779482044993,1.189816580143223,1.319780226303228,0.1102920432991788,0.9188314072138288
2.08535385943326,-0.47319956111143036,0.18503495536519204,0.476734123825579,-0.018095237840057444,6.585421432742444,0.22219770384546425,3.0065809382474566,-5.053211288301088,-0.5051498111672821,-0.02903646590582717,0.01242763273087536,3.8183932855785447,0.02888756794499477,6.585421432742444,0.22219770384546425,3.0065809382474566,-5.053211288301088,-0.5051498111672821,-0.02903646590582717,6.644497138211325,6.326484548110074,0.6551133627881474,0.7850774989270821,0.10850221277624085,0.9152267796304974
2.11208916532343,-0.6082987106318205,0.17152962064327018,0.47595782502761746,-0.018315207596086246,7.857459959602439,0.2084237600889504,2.2688689932288897,-4.877148031881035,-0.49920928758687794,0.05134539516177675,0.020897784645804433,3.600374035330018,0.03140133441442686,7.857459959602439,0.2084237600889504,2.2688689932288897,-4.877148031881035,-0.49920928758687794,0.05134539516177675,7.179201923604574,6.861189515187733,0.12041311417164373,0.2503783835737845,0.10690546304031712,0.9109274944396096
2.1388244712136,-0.7386907551358012,0.15818310763641827,0.4773305598733196,-0.018357111398432168,9.54224949599889,0.20311034528187097,2.1605740348512956,-4.667076436341298,-0.49363701460611775,0.11200430172047678,0.02936795455277749,3.3419150991064375,0.03391508330609558,9.54224949599889,0.20311034528187097,2.1605740348512956,-4.667076436341298,-0.49363701460611775,0.11200430172047678,7.713906454698846,7.395894284249639,0.10000612820135568,0.10000769642417703,0.10546783600387288,0.9057377579461907
2.1655597771037702,-0.8634664712741907,0.14498557105221058,0.4803250291408319,-0.018156521340925384,11.310982264400453,0.19440429975813522,2.0349515981172908,-4.411961477185445,-0.48820679739554546,0.1697679094405886,0.03538082200728812,3.060007239197185,0.03816613866951778,11.310982264400453,0.19440429975813522,2.0349515981172908,-4.411961477185445,-0.48820679739554546,0.1697679094405886,8.248610421348,7.930598638806029,0.10000654141562411,0.10000877461297783,0.10416209499197317,0.8993944643954184
2.1922950829939403,-0.9814216109423903,0.1319332129861777,0.4848638261300613,-0.0176546423828534,13.040519210769833,0.18093378773216334,1.7816729559925804,-4.109558906428408,-0.4830093389751432,0.22417296288794808,0.04139369470046841,2.7578794933503046,0.0424171799583819,13.040519210769833,0.18093378773216334,1.7816729559925804,-4.109558906428408,-0.4830093389751432,0.22417296288794808,8.783312608368956,8.465301870380847,0.10000712483203834,0.10001044082443232,0.10296620435179855,0.8915398473846166
2.2190303888841103,-1.0912919253794267,0.11901981056086582,0.49085715886517695,-0.01673670613108643,14.455968776083559,0.16004668772133565,1.2462120806819192,-3.7609166363618343,-0.47817201881425175,0.2718065343626564,0.0474065681166965,2.435531930783287,0.04666819280958422,14.455968776083559,0.16004668772133565,1.2462120806819192,-3.7609166363618343,-0.47817201881425175,0.2718065343626564,8.999996758719853,8.999995627643818,0.10000818104325045,0.10001244754822187,0.10186184696516984,0.8816890866529327
2.2457656947742803,-1.1918411820799897,0.10623573536974419,0.4981239897043103,-0.015263040579746479,15.14489693097433,0.13027086966298157,0.2823653927486299,-3.374431889194494,-0.4738931216613077,0.30512439554371307,0.04740667017184453,2.098977694729237,0.04666815089625842,15.14489693097433,0.13027086966298157,0.2823653927486299,-3.374431889194494,-0.4738931216613077,0.30512439554371307,8.999997178246048,8.999997170076812,0.10000971350412084,0.10001551892130069,0.10083358519176835,0.869189201220751
2.27250100066445,-1.2820576508431492,0.09356605780287924,0.5062815837537255,-0.013408846666945903,15.687230641429412,0.1023048886874319,-0.5827940889151577,-2.969528437069799,-0.4704102901122833,0.3126735206916463,0.04740678009264452,1.7624235086266227,0.04666807340065994,15.687230641429412,0.1023048886874319,-0.5827940889151577,-2.969528437069799,-0.4704102901122833,0.3126735206916463,8.999997480204684,8.999997436359466,0.10001202147679053,0.10002054484162821,0.09986826404243794,0.853174204827054
2.29923630655462,-1.361448901957769,0.08098949480284157,0.5146410059731739,-0.011094622402729319,16.104532873732676,0.07597499841864255,-1.3318082152217114,-2.5501255273015366,-0.46767513761915847,0.2970923424535175,0.04740694207777998,1.4258694504460505,0.046667960049384595,16.104532873732676,0.07597499841864255,-1.3318082152217114,-2.5501255273015366,-0.46767513761915847,0.2970923424535175,8.99999770257534,8.999997635849835,0.10001573554464821,0.10002978257522853,0.09895463634583047,0.8325231980090125
2.32597161244479,-1.4296272879885068,0.06848605694136403,0.5225838606262966,-0.008260797983644484,16.41604094329251,0.05102357602666146,-1.951660653060246,-2.1195659147039954,-0.46564392279642386,0.2614860424325248,0.04740720893463025,1.0893156291762212,0.046667773165518366,16.41604094329251,0.05102357602666146,-1.951660653060246,-2.1195659147039954,-0.46564392279642386,0.2614860424325248,8.999997867393848,8.999997784384107,0.10002235940337725,0.10005069477894751,0.09808318758461108,0.8058225420610134
2.35270691833496,-1.4862945310724964,0.05603692422950113,0.5295747699567409,-0.004889692436408346,17.078022346579395,0.02784874657839701,-2.2378659160317143,-1.680678038579516,-0.4642797918837332,0.20930779787915163,0.04740774625727828,0.7527623226217173,0.046667395497697176,17.078022346579395,0.02784874657839701,-2.2378659160317143,-1.680678038579516,-0.4642797918837332,0.20930779787915163,8.999997987386283,8.999997891042533,0.10003640585911777,0.5814247614553637,0.09724574711814106,0.7714022406239514
2.37944222422513,-1.531227972536811,0.04362426197486346,0.5351706779582388,-0.001030281920156275,17.82957440215286,0.004180616751995197,-2.3302929357716704,-1.2240918871445372,-0.46353524712529376,0.1494777680728691,0.056509632759848154,0.4253108918783325,0.040232364316160035,17.82957440215286,0.004180616751995197,-2.3302929357716704,-1.2240918871445372,-0.46353524712529376,0.1494777680728691,8.999998069576224,8.999997960325713,0.21893620176143883,1.116003985908202,0.09643518039990469,0.7275249948595457
2.4061775301153,-1.5639544435772954,0.03123150535209181,0.539167011811448,0.003016586387988612,18.904052719079733,-0.02624942801231854,-2.1311850662901173,-0.7474127616114238,-0.46342347705761067,0.0871766736213186,0.07347100796087931,0.1102151594746327,0.028240674969876933,18.904052719079733,-0.02624942801231854,-2.1311850662901173,-0.7474127616114238,-0.46342347705761067,0.0871766736213186,8.99999811728601,8.999997993445376,0.7535635588851478,1.6505599375431246,0.09564514131993689,0.6728465772286005
2.43291283600547,-1.583936752385193,0.01884173693626929,0.5414977068472028,0.0068614722798840695,19.47199070575234,-0.06814961416711916,-1.967333678593609,-0.24200712960291526,-0.4641252635449523,0.030198788965497565,0.09043103333340018,-0.1846649147598123,0.016249940342421994,19.47199070575234,-0.06814961416711916,-1.967333678593609,-0.24200712960291526,-0.4641252635449523,0.030198788965497565,8.999998131766294,8.99999798955604,1.2881985475755078,1.7039581830336907,0.09486972873190082,0.607335240011602
2.45964814189564,-1.5904068870227281,0.006433206044038379,0.5423050807077096,0.010273677955056543,19.432869677098047,-0.11909541464242851,-1.8714700059847404,0.27858249820591174,-0.4659472643259973,-0.022398478719736936,0.098292040994506,-0.4684267088625471,0.010692211728054929,19.432869677098047,-0.11909541464242851,-1.8714700059847404,0.27858249820591174,-0.4659472643259973,-0.022398478719736936,8.999998113601558,8.999997946870792,1.8227844301867906,1.1693815226417175,0.09410327403537232,0.5333629700846448
2.48638344778581,-1.5829588987175447,-0.0060240365964056046,0.5417062505276645,0.013286302796874762,18.72946425504148,-0.16935731395625186,-1.8838138252908003,0.7981262133469282,-0.4691313166665696,-0.07243280179401845,0.08593778205169335,-0.752188327444987,0.019426677258221624,18.72946425504148,-0.16935731395625186,-1.8838138252908003,0.7981262133469282,-0.4691313166665696,-0.07243280179401845,8.999998063130617,8.999997862698406,1.7035324798593636,0.6347591424475534,0.09334006890800468,0.4562011109452789
2.5131187536759803,-1.5616207502647512,-0.018566405850144817,0.5397697374152208,0.016179671549343563,17.5899464679473,-0.20565721148497634,-1.945439240716694,1.2988641693644676,-0.47365913625991873,-0.12279714065329687,0.06572987770632759,-1.048313119040499,0.03371367098901183,17.5899464679473,-0.20565721148497634,-1.945439240716694,1.2988641693644676,-0.47365913625991873,-0.12279714065329687,8.999997979979147,8.99999773234907,1.168975543085237,0.10017059153586302,0.09257434436048793,0.3825086429285411
2.5398540595661503,-1.5268952193870102,-0.031229827745727474,0.5364867182974182,0.018938399623344312,16.88050882032254,-0.23444560556939043,-1.6876870649051068,1.7691367687767543,-0.4791574447174811,-0.17480905384459552,0.04552137650679717,-1.36465285119214,0.04800108795754578,16.88050882032254,-0.23444560556939043,-1.6876870649051068,1.7691367687767543,-0.4791574447174811,-0.17480905384459552,8.999997861534014,8.99999754630225,0.6343887801250129,0.10003627670580004,0.0918002649545456,0.3176169206842858
2.5665893654563203,-1.4795968067122163,-0.044040248599801345,0.5318131447705133,0.02138599229209303,16.100067041150638,-0.2524450007840112,-1.3266237493514117,2.2204423356697904,-0.48542541969697783,-0.21992988377171463,0.03541807438213379,-1.691102854517727,0.05514413098750055,16.100067041150638,-0.2524450007840112,-1.3266237493514117,2.2204423356697904,-0.48542541969697783,-0.21992988377171463,8.999997701821622,8.99999728683749,0.1000790982834532,0.10002370900482412,0.09101194206018687,0.2638924671840096
2.5933246713464904,-1.4202326016566005,-0.0570182456822638,0.5259332520534886,0.02329518321354668,15.699907447461115,-0.2735087394441184,-0.6078290368198521,2.650882552867196,-0.4921746140133761,-0.25539757551178727,0.03541703495173814,-2.0276555859752903,0.05514487695951812,15.699907447461115,-0.2735087394441184,-0.6078290368198521,2.650882552867196,-0.4921746140133761,-0.25539757551178727,8.99999749010569,8.9999969218863,0.10003903656702712,0.1000174110892147,0.09020339294206962,0.22111566821264156
2.62005997723666,-1.349360445726781,-0.07017668453928717,0.5191051197485749,0.02460231801745129,14.816913430227807,-0.2889177740135841,-0.009668330030216896,3.0706243809224265,-0.4994869538260434,-0.2716480707400919,0.03541663681012212,-2.3642091830775294,0.05514517363715998,14.816913430227807,-0.2889177740135841,-0.009668330030216896,3.0706243809224265,-0.4994869538260434,-0.2716480707400919,8.639838993682133,8.927252466077796,0.10002335439857092,0.10001488917042066,0.08936822128058283,0.18778841505966956
2.64679528312683,-1.2672663636290056,-0.08353062103797493,0.5118425254828657,0.025426721196548898,13.315166737820297,-0.29334377334788325,0.2614440601136953,3.466759093827729,-0.5072112588913981,-0.2719065565008989,0.029982186016687555,-2.6925779809175006,0.05130324324666582,13.315166737820297,-0.29334377334788325,0.2614440601136953,3.466759093827729,-0.5072112588913981,-0.2719065565008989,8.105135808486295,8.39254994537481,0.10001672452818,0.10001297200302948,0.08849943830137066,0.16205654950021234
2.673530589017,-1.1745814988079923,-0.09709106919537377,0.5045730205212731,0.02562159629563027,11.75179613505657,-0.29354145753713995,0.48820057962460317,3.822744149541966,-0.5150538944028257,-0.26491676958059374,0.0245478117650752,-3.0007270756738587,0.047461240975683675,11.75179613505657,-0.29354145753713995,0.48820057962460317,3.822744149541966,-0.5150538944028257,-0.26491676958059374,7.570431265028257,7.857845766259595,0.10001315528149024,0.10001151744561283,0.0875890747845594,0.14221602919511833
2.70026589490717,-1.07237926463013,-0.11086119261215562,0.49749038965110176,0.0253802705836057,10.246035939402262,-0.29229195981040457,0.7356424501863635,4.136932013971616,-0.5229018150615234,-0.25186457774857474,0.019113470608263256,-3.288656343692825,0.043619205565860825,10.246035939402262,-0.29229195981040457,0.7356424501863635,4.136932013971616,-0.5229018150615234,-0.25186457774857474,7.035726284378084,7.32314105473491,0.247490292074358,0.10001043638501925,0.08662806127259608,0.12684957541443473
2.72700120079734,-0.9617771217897618,-0.12484113258834942,0.4907567131220966,0.02485633269225324,9.266408653024008,-0.3055489543437021,1.5777320039528366,4.410862918973205,-0.5307163300162884,-0.23219695181705247,0.010890669436174946,-3.5535772576073468,0.0417486041916861,9.266408653024008,-0.3055489543437021,1.5777320039528366,4.410862918973205,-0.5307163300162884,-0.23219695181705247,6.501021099993053,6.788436096433433,0.7821853978654341,0.6130477216485113,0.08560618300691462,0.11484167518018641
2.75373650668751,-0.8438513524114053,-0.13902999601224209,0.48454885658850405,0.02413429557226462,8.143970100997693,-0.3152198234162364,2.405405724010348,4.658603188815112,-0.5388852747750857,-0.19001580407867055,0.0022583672024625145,-3.7784681480051407,0.04016751402366662,8.143970100997693,-0.3152198234162364,2.405405724010348,4.658603188815112,-0.5388852747750857,-0.19001580407867055,5.966315808828177,6.253731010231428,1.316886371388848,1.1477441822513483,0.08451180808332566,0.10535032714190104
2.78047181257768,-0.7193021711375123,-0.15343725867306102,0.47946872594249534,0.023285348781526948,6.870195781736511,-0.3201420336036475,3.1644936791792366,4.876334720625677,-0.5473127731767616,-0.125706546257297,-0.006374024234967842,-3.96291937710127,0.03858648144293063,6.870195781736511,-0.3201420336036475,3.1644936791792366,4.876334720625677,-0.5473127731767616,-0.125706546257297,5.431610463581415,5.7190258609855436,1.8515892401270686,1.6824456004691732,0.08333151293099299,0.09775309804096846
2.80720711846785,-0.5889318707587287,-0.16806983308153758,0.47610792297591065,0.022354925950716482,5.45923218066563,-0.3198189415353005,3.818424630804216,5.060011506375753,-0.555871868373454,-0.04110283975694029,-0.015006446804116669,-4.106930813110802,0.03700546563217617,5.45923218066563,-0.3198189415353005,3.818424630804216,5.060011506375753,-0.555871868373454,-0.04110283975694029,4.89690509960843,5.1843206923849285,2.3862930165129908,2.2171486400084874,0.08204928379733488,0.09159616291512329
2.8339424243580202,-0.4536509153279937,-0.18293123751824075,0.47500902598205486,0.021366827537952417,3.932611547532561,-0.3138764475776515,4.334802433430724,5.2059657486513045,-0.5644223256048689,0.060983910766159576,-0.02363888699926234,-4.210502407497054,0.03542445705966139,3.932611547532561,-0.3138764475776515,4.334802433430724,5.2059657486513045,-0.5644223256048689,0.060983910766159576,4.362199745919101,4.649615540285751,2.9209973080015534,2.7518524645549394,0.08064590779932465,0.0865456105363352
2.8606777302481903,-0.31446782858405403,-0.1980212410445266,0.47663944949076736,0.02032941904015231,2.3184896219269944,-0.3020994687674216,4.687333710391217,5.3111053213218,-0.5728139084425761,0.1768761797973725,-0.032271339834729455,-4.2736341361845485,0.03384345203427951,2.3184896219269944,-0.3020994687674216,4.687333710391217,5.3111053213218,-0.5728139084425761,0.1768761797973725,3.827494431548491,4.114910440216645,3.455701918904957,3.286556737175224,0.07909823856240236,0.08235336550530062
2.8874130361383603,-0.17247380320360697,-0.21333559610488118,0.48136828826233496,0.01923981724878571,0.6502599880806337,-0.2844544359375025,4.857500288446837,5.373090850567201,-0.5808906301493301,0.3021934803539761,-0.04090380311822977,-4.296325986389121,0.03226244866624081,0.6502599880806337,-0.2844544359375025,4.857500288446837,5.373090850567201,-0.5808906301493301,0.3021934803539761,3.292789191410078,3.5802054337818126,3.9904067365666362,3.821261286373876,0.07737830929799396,0.07883333035025968
2.9141483420285303,-0.028822575738020096,-0.2288658847906556,0.4894475233976134,0.01808642765349672,-1.0353389924562404,-0.2610951924825837,4.835791573566398,5.390475750256675,-0.5884956065059346,0.4320602364271801,-0.04953627589648107,-4.278577952145998,0.030681445762854326,-1.0353389924562404,-0.2610951924825837,4.835791573566398,5.390475750256675,-0.5884956065059346,0.4320602364271801,2.758084074822902,3.0455005769932866,4.525111688413328,4.3559660101450435,0.07545228182054786,0.07584455845732538
2.9408836479187004,0.1152934423386348,-0.2445994948456113,0.5009987859814727,0.016850231181024532,-2.700448943667917,-0.23235128813342992,4.6223562312126605,5.362795645593339,-0.5954760663434092,0.5613466033675732,-0.05816875789924813,-4.220390032782826,0.029100442435404102,-2.700448943667917,-0.23235128813342992,4.6223562312126605,5.362795645593339,-0.5954760663434092,0.5613466033675732,2.223379162711067,2.510795954926989,5.05981672234729,4.890670839208504,0.07327923974571379,0.07327929053547594
2.96761895380887,0.25866942435004353,-0.260519729629576,0.5160065591329119,0.015505145218621435,-4.308432105531046,-0.19869950122139196,4.226996951639339,5.290598317043593,-0.6016880491056319,0.6849267111423663,-0.06680124925967554,-4.121762233060873,0.027519437969363562,-4.308432105531046,-0.19869950122139196,4.226996951639339,5.290598317043593,-0.6016880491056319,0.6849267111423663,1.6886746120374756,1.976091713398076,5.5945217959941305,5.425375719383645,0.07091699602040866,0.07105430915696032
2.99435425969904,0.4001151886982218,-0.2766060436728731,0.5343182842676502,0.014017708040678188,-5.82609773681766,-0.16072124410131985,3.6685081434846705,5.1754110667951965,-0.6070003410510109,0.7979367676412499,-0.07543375012335797,-3.9826945652918235,0.02593843195704676,-5.82609773681766,-0.16072124410131985,3.6685081434846705,5.1754110667951965,-0.6070003410510109,0.7979367676412499,1.1539708100566346,1.4413881425027777,6.129226869057737,5.960080600454001,0.06842754585341643,0.06910494418175168
3.02108956558921,0.5384813866763618,-0.2928343834663079,0.5556513678315511,0.012346305339574063,-7.225598534569564,-0.11905004793773989,2.9734331031515633,5.019648561655355,-0.6112972726751095,0.8960154550178826,-0.08406625898643287,-3.803187056305793,0.024357425422157776,-7.225598534569564,-0.11905004793773989,2.9734331031515633,5.019648561655355,-0.6112972726751095,0.8960154550178826,0.6192692981247873,0.9066859683980021,6.663931895255688,6.494785425449484,0.0658131035699651,0.06738034490360675
3.04782487147938,0.6726832264333691,-0.30917760304110214,0.5796066151037724,0.01044020805362245,-8.494738450571333,-0.0743924413803343,2.186974748530372,4.826469974594081,-0.6144801121229658,0.9755110985745883,-0.09269875913367594,-3.583239777758318,0.022776430428571443,-8.494738450571333,-0.0743924413803343,2.186974748530372,4.826469974594081,-0.6144801121229658,0.9755110985745883,0.10000465637282827,0.3719881037209391,7.198636809037462,7.029490113666556,0.06310751634824562,0.06584022403636562
3.07456017736955,0.8017203775738625,-0.32560591680213413,0.605687202723418,0.008238871684846202,-10.124149988036018,-0.028580233502237894,1.9234919435103297,4.599360543661075,-0.6164690167991875,1.0339805374506195,-0.10103945878216733,-3.323144689566238,0.021401744418143864,-10.124149988036018,-0.028580233502237894,1.9234919435103297,4.599360543661075,-0.6164690167991875,1.0339805374506195,0.10000481109058315,0.10000940008736715,7.733341494014478,7.564194520182078,0.0603919138855222,0.06445239232669202
3.10129548325972,0.9246856886078197,-0.3420874045380714,0.6333309886766407,0.0056754345805966055,-11.892779458310121,0.02490175060184688,1.723660959877597,4.3286882968529765,-0.6172331180842846,1.0854056829376437,-0.10423770402547841,-3.0376872188539266,0.023662781116931954,-11.892779458310121,0.02490175060184688,1.723660959877597,4.3286882968529765,-0.6172331180842846,1.0854056829376437,0.10000520537633857,0.10001066454395995,8.268045677283762,8.098898296524382,0.0577688358976525,0.06319091527720384
3.12803078914989,1.0404144943273832,-0.3585893207555968,0.6623496416249055,0.002711564527110291,-13.614440281925573,0.08496525830917727,1.4007639531913658,4.010731200150731,-0.6165673621647463,1.1314882859509143,-0.10743597341560764,-2.73200987220483,0.025923811623236964,-13.614440281925573,0.08496525830917727,1.4007639531913658,4.010731200150731,-0.6165673621647463,1.1314882859509143,0.10000578247530761,0.10001258154481593,8.802748269186276,8.633600103716638,0.055302633206571604,0.062034719074104565
3.1547660950400602,1.1476426198066618,-0.37507343778496527,0.6926003270609452,-0.0007619369442525056,-14.85588639928941,0.14719596786988126,0.7029225634110495,3.6467449746900047,-0.6142957899938163,1.168938138719409,-0.11063428297699258,-2.406112732734255,0.02818483470793295,-14.85588639928941,0.14719596786988126,0.7029225634110495,3.6467449746900047,-0.6142957899938163,1.168938138719409,0.10000661526115083,0.10001557226382746,8.99999707287562,8.999996348411884,0.05300418725431509,0.06096629820922941
3.1815014009302303,1.2451394622084395,-0.39149682363749244,0.7238522457662925,-0.0048539141399299695,-15.50039736433546,0.20591880341910387,-0.27395783517284966,3.2495683075353887,-0.610360460767019,1.1877309884693092,-0.11063446603000968,-2.0695585065879554,0.02818472465820952,-15.50039736433546,0.20591880341910387,-0.27395783517284966,3.2495683075353887,-0.610360460767019,1.1877309884693092,0.10000783297831609,0.10002053469902543,8.999997431885655,8.99999675941739,0.050857924746694705,0.059970882658461844
3.2082367068204003,1.3320176649214006,-0.4078149972593627,0.7556065970582515,-0.009473233327103701,-16.003371431750946,0.26258497681871384,-1.146028824053011,2.8351604425806975,-0.6048551585690752,1.1804066419449584,-0.11063471890344204,-1.7330043827342034,0.028184563855337626,-16.003371431750946,0.26258497681871384,-1.146028824053011,2.8351604425806975,-0.6048551585690752,1.1804066419449584,0.1000096848952225,0.10002975809477785,8.999997690239429,8.999997057924144,0.048842539241359804,0.05903586806081897
3.2349720127105703,1.4078165466015058,-0.42398598494295325,0.7871651297054364,-0.014633758159706014,-16.386716497940302,0.3176138672337512,-1.8969232424619007,2.40730541207883,-0.5978348688916677,1.1497672107749535,-0.11063511039444132,-1.396450457758836,0.02818430397634374,-16.386716497940302,0.3176138672337512,-1.8969232424619007,2.40730541207883,-0.5978348688916677,1.1497672107749535,0.10001269776505473,0.10005093754098508,8.99999787860752,8.999997274141414,0.04693831177415297,0.05815050348319297
3.2617073186007404,1.4721765931644955,-0.4399692830345808,0.8179045077879905,-0.02028336748069089,-16.719344668234104,0.3725824907754953,-2.4928916222796995,1.969201533970903,-0.5893433649962179,1.099052387637566,-0.11063584484471935,-1.0598969825516835,0.028183800880583535,-16.719344668234104,0.3725824907754953,-2.4928916222796995,1.969201533970903,-0.5893433649962179,1.099052387637566,0.10001813608199782,0.1541744046792839,8.999998014493556,8.999997425055593,0.04512862713152839,0.057305645732783086
3.2884426244909104,1.5248237985346,-0.4557255581720961,0.8472880095608009,-0.026275857851284137,-17.414413376833537,0.4384007607844635,-2.769824703110685,1.5222047399824719,-0.5793822581360177,1.0324041675648858,-0.11165981950217033,-0.7243669480638855,0.027459866556570043,-17.414413376833537,0.4384007607844635,-2.769824703110685,1.5222047399824719,-0.5793822581360177,1.0324041675648858,0.10002982977562824,0.6887492954684158,8.999998107394019,8.99999751859075,0.04339984816159506,0.05649340285759481
3.31517793038108,1.5655204078854983,-0.4712155200706994,0.874889650782933,-0.03233476697564485,-18.46080043681512,0.5193365687211591,-2.7598266833725087,1.056625071454949,-0.5676614796939665,0.9583520568650824,-0.12279108593826833,-0.3989446440403835,0.01959007692808437,-18.46080043681512,0.5193365687211591,-2.7598266833725087,1.056625071454949,-0.5676614796939665,0.9583520568650824,0.5447586750280736,1.2232957634208086,8.99999816177028,8.999997556080856,0.04174078563967602,0.055706848655428826
3.34191323627125,1.593769602382069,-0.4863921233723837,0.9005114861736935,-0.03789077557768379,-19.484994890464918,0.613508478046281,-2.6061753242535564,0.5630699247993037,-0.55377685766926,0.8845672462812749,-0.1356205858034101,-0.09203805613650455,0.010519636716721303,-19.484994890464918,0.613508478046281,-2.6061753242535564,0.5630699247993037,-0.55377685766926,0.8845672462812749,1.0793987806297445,1.7036877706934914,8.99999817937048,8.99999753434525,0.040142191712256685,0.05493977620248323
3.36864854216142,1.6088234490591333,-0.5011975170570683,0.9241606620834478,-0.04252860667802046,-19.500642622892478,0.6886540835366467,-2.6551862914637208,0.04213262613432192,-0.5373745208424855,0.814890351783951,-0.14742438662248591,0.19567673959156384,0.0021743667825817156,-19.500642622892478,0.6886540835366467,-2.6551862914637208,0.04213262613432192,-0.5373745208424855,0.814890351783951,1.6140427168549303,1.1691439613820613,8.999998153682556,8.99999746293641,0.03859639648916166,0.05418638186571066
3.39538384805159,1.6099498777067902,-0.5155643892493756,0.9459470049053393,-0.04602230849266164,-19.460318710651627,0.7708781509008037,-2.5544735639557565,-0.4792230194435973,-0.5189631432666238,0.7439031340862896,-0.1390124447197928,0.48338964032700316,0.008121628175095392,-19.460318710651627,0.7708781509008037,-2.5544735639557565,-0.4792230194435973,-0.5189631432666238,0.7439031340862896,2.1486450462021156,0.6345479716468926,8.999998091263055,8.999997319426061,0.037097036551729766,0.05344099411577906
3.42211915394176,1.5971377036923542,-0.5294390276303331,0.965835482747792,-0.048726345349972146,-19.15552464931516,0.8398097618921556,-2.384807271276491,-0.9995005928930681,-0.49835348009824737,0.6756085019655865,-0.1103845608440201,0.7711024173021432,0.028361562710564902,-19.15552464931516,0.8398097618921556,-2.384807271276491,-0.9995005928930681,-0.49835348009824737,0.6756085019655865,2.5008574668627928,0.10008251310301994,8.960504810307002,8.999997086184454,0.03563884986449044,0.052697916190886
3.44885445983193,1.5704157496039515,-0.5427626603621908,0.9838980827098412,-0.051041142791504214,-17.567198523452895,0.833841645912208,-2.5803092431603623,-1.5116294038791993,-0.4759009092245146,0.6118499500789136,-0.0642450340843957,1.061514430157389,0.05992637005373662,-17.567198523452895,0.833841645912208,-2.5803092431603623,-1.5116294038791993,-0.4759009092245146,0.6118499500789136,1.9662572728722987,0.10003302805845513,8.42580078791139,8.52290783980929,0.03421748437597085,0.0519515262953
3.4755897657221,1.5300018750986653,-0.5554860167437188,1.0002560782840861,-0.0531283082492243,-15.889511110597224,0.7949632159131667,-2.736658520619264,-1.9812938300370528,-0.45360789775709326,0.5428645931717929,-0.027123207506367188,1.342904816545083,0.08357531470782048,-15.889511110597224,0.7949632159131667,-2.736658520619264,-1.9812938300370528,-0.45360789775709326,0.5428645931717929,1.4316133641956783,0.1000217256876038,7.891095750596937,7.988205076511058,0.03282944401095866,0.05119610840958371
3.5023250716122702,1.4770313784943179,-0.5676133626444523,1.0147697292394768,-0.054582519624135205,-14.18501763900392,0.7353245201951527,-2.874459275477341,-2.4061047700241223,-0.4323543130082252,0.46969919050610065,-0.0001099420824576921,1.6141843301904952,0.10007744582942292,-14.18501763900392,0.7353245201951527,-2.874459275477341,-2.4061047700241223,-0.4323543130082252,0.46969919050610065,0.896963392105907,0.1000158947187133,7.356390379863847,7.453500760149522,0.031472050334135214,0.05042573874647349
3.5290603775024403,1.4127034314639255,-0.5791724874556622,1.0273272807740228,-0.05523396829998721,-12.464420682061764,0.6634685283515667,-3.033692523353002,-2.7853455556603475,-0.4126951870322684,0.3928496425073808,0.016794521031474482,1.8753529466183274,0.10943262552892538,-12.464420682061764,0.6634685283515667,-3.033692523353002,-2.7853455556603475,-0.4126951870322684,0.3928496425073808,0.3623345342151739,0.10001243137871986,6.821684846484172,6.9187959497387705,0.030143326493675206,0.049634468827338976
3.5557956833926103,1.3382363660235204,-0.5902060195203717,1.0378302361353018,-0.05506684518171715,-10.973466066956757,0.5987105026831396,-3.1100021836633918,-3.1185856553390283,-0.3949571529782909,0.3117429449188192,0.023590530021522966,2.12641020942772,0.11164110883404675,-10.973466066956757,0.5987105026831396,-3.1100021836633918,-3.1185856553390283,-0.3949571529782909,0.3117429449188192,0.10002418180183824,0.1000121816965567,6.286979219216629,6.384090916645791,0.02884196304658275,0.048816204353251715
3.5825309892827804,1.254860024583335,-0.6007653198187579,1.046164779126809,-0.054192669663304646,-9.696107671000698,0.5450847123736579,-3.1041697702405164,-3.4119646273145157,-0.3789504445494019,0.22859608521948363,0.02542690326251804,2.3622071702981526,0.11034311377914864,-9.696107671000698,0.5450847123736579,-3.1041697702405164,-3.4119646273145157,-0.3789504445494019,0.22859608521948363,0.10001444501119644,0.10001175006550486,5.7522735366295406,5.849385757018643,0.02756727660930532,0.0479645812257544
3.6092662951729504,1.1636401065856414,-0.610896675871003,1.0522763653904477,-0.05282632248989053,-8.414690623370324,0.4919827770921892,-3.166766342778186,-3.671193031842741,-0.3643774380280387,0.14560515687708608,0.027263110453446624,2.577784361626154,0.10904498734535951,-8.414690623370324,0.4919827770921892,-3.166766342778186,-3.671193031842741,-0.3643774380280387,0.14560515687708608,0.1000104199310507,0.10001120501564996,5.217567821490339,5.314680525928821,0.026319158291672057,0.04707284750647753
3.6360016010631204,1.0654896378974652,-0.6206384181361602,1.0561691637987431,-0.051176204992188376,-7.145949373071605,0.43924101385183145,-3.3205265546915887,-3.89616235962969,-0.3512241279897852,0.0609406900202173,0.029099260997652355,2.773141675594958,0.1077468079211291,-7.145949373071605,0.43924101385183145,-3.3205265546915887,-3.89616235962969,-0.3512241279897852,0.0609406900202173,0.10000827080597025,0.10001061824554248,4.682862089530591,4.779975260908697,0.025098046098289584,0.046133662266327445
3.6627369069532905,0.9613245454149989,-0.6300285026339764,1.0577984317875921,-0.0493903851002105,-5.909736529730763,0.38677729506085445,-3.5832282426134223,-4.087211501994426,-0.3394808851249493,-0.027834603135894084,0.030935390830214238,2.9482790765640634,0.1064486013699928,-5.909736529730763,0.38677729506085445,-3.5832282426134223,-4.087211501994426,-0.3394808851249493,-0.027834603135894084,0.1000069783308224,0.1000100510728808,4.148156353488979,4.245269992351598,0.02390489867496404,0.045138872009551745
3.68947221284346,0.8520516956713567,-0.6391046279416587,1.057054265158423,-0.04756810665940284,-4.728551931229129,0.33461245069851453,-3.967066239685829,-4.2452101158470885,-0.32914027583012573,-0.12363330627646005,0.03277151578806441,3.1031965478217067,0.10515037887409383,-4.728551931229129,0.33461245069851453,-3.967066239685829,-4.2452101158470885,-0.32914027583012573,-0.12363330627646005,0.10000615953961645,0.10000955124013294,3.613450625592038,3.7105647497452194,0.022741129444641413,0.04407933344245615
3.71620751873363,0.7385547046561409,-0.6479042938967531,1.053748890896909,-0.045772174337401945,-3.626770728416581,0.2828802728036513,-4.4781501152493695,-4.371629398146052,-0.32019430960604217,-0.22969403568102728,0.034607643890850734,3.2378940797831017,0.10385214562727305,-3.626770728416581,0.2828802728036513,-4.4781501152493695,-4.371629398146052,-0.32019430960604217,-0.22969403568102728,0.10000564327581649,0.10000917346702225,3.078744919818564,3.1758595673337253,0.021608520124064286,0.04294470329869933
3.7429428246238,0.6216778554582466,-0.6564647867083636,1.0476079505918297,-0.044039521576743595,-3.056867396412783,0.26949286377269044,-4.353576867143427,-4.468592222963783,-0.31263141898234226,-0.3494187488343196,0.03644377927061846,3.352371665976779,0.10255390353303548,-3.056867396412783,0.26949286377269044,-4.353576867143427,-4.468592222963783,-0.31263141898234226,-0.3494187488343196,0.4447300538886284,0.6302373858902632,2.544039255092831,2.6411544921365135,0.020509108902287545,0.04172318226992445
3.76967813051397,0.5022086754788753,-0.6648230833257356,1.0382661334579841,-0.04238927980769689,-2.5558157101809122,0.26370763508983075,-4.101433975461584,-4.550318507872564,-0.3054264448341619,-0.4658129580937696,0.03477249942834676,3.4300860631532375,0.09877590311559067,-2.5558157101809122,0.26370763508983075,-4.101433975461584,-4.550318507872564,-0.3054264448341619,-0.4658129580937696,0.9794308190613785,1.164934617094475,2.009333661593653,2.106449599968841,0.019445053064251806,0.04040119498321802
3.79641343640414,0.3805545182732005,-0.6729887527553252,1.0258124815357426,-0.04090105245884592,-2.0219032152967857,0.2574922427300911,-3.8909624142543633,-4.618649022683151,-0.29837614054446226,-0.5754660500160738,0.033101299665312826,3.467360786349547,0.09499794056385463,-2.0219032152967857,0.2574922427300911,-3.8909624142543633,-4.618649022683151,-0.29837614054446226,-0.5754660500160738,1.5141342905751518,1.6996363088132813,1.474628196911398,1.5717450365904073,0.018418473338252077,0.03896298075211446
3.8231487422943102,0.25707352385243204,-0.6809659301431109,1.0104272206591551,-0.03958807851209954,-1.46489875270142,0.2508013789268857,-3.728836333588095,-4.672705223624427,-0.29149200667072755,-0.6794921203683214,0.031430150595345555,3.4641957087100943,0.09121998975548334,-1.46489875270142,0.2508013789268857,-3.728836333588095,-4.672705223624427,-0.29149200667072755,-0.6794921203683214,2.0488386432606625,2.234339463379737,0.9399230019746934,1.0370411601344394,0.01743141461338507,0.03738983289793333
3.8498840481844803,0.132147320364238,-0.6887590581059935,0.9922607909711482,-0.03845170562536752,-0.8958085904919136,0.24364556566596182,-3.619073056180865,-4.711869739876027,-0.2847867550874409,-0.7791837003611821,0.029759049108168414,3.420590804003434,0.08744203733815886,-0.8958085904919136,0.24364556566596182,-3.619073056180865,-4.711869739876027,-0.2847867550874409,-0.7791837003611821,2.583543419716073,2.7690433263397733,0.40521863590142226,0.5023393940156509,0.016485704615635813,0.03565938086997078
3.8766193540746503,0.006174041554016976,-0.6963729191167264,0.9714290763973574,-0.037485264042904004,-0.3451635594728,0.2497354677340026,-3.201717136196205,-4.73581945656187,-0.2782728163605778,-0.875940725557053,0.02808801405179514,3.3365461063962494,0.0836640623768343,-0.3451635594728,0.2497354677340026,-3.201717136196205,-4.73581945656187,-0.2782728163605778,-0.875940725557053,3.118248435341362,3.3037475918324977,0.10000159395248369,0.1000041981584843,0.015582800183175614,0.0337447464840765
3.9033546599648203,-0.12043954025778297,-0.7038126279830467,0.9480105331579323,-0.036676269535733684,0.2849134744223926,0.2804268109294598,-2.128984870074569,-4.745047509906516,-0.2715960622390844,-0.9615396125670599,0.024580724754119952,3.2189033820822077,0.08118433921913377,0.2849134744223926,0.2804268109294598,-2.128984870074569,-4.745047509906516,-0.2715960622390844,-0.9615396125670599,3.652953595640832,3.838452102456418,0.10000148078783282,0.10000415520531515,0.014723676333930506,0.0316134816856849
3.9300899658549904,-0.24729983689852278,-0.7110738317855754,0.9223034774904364,-0.03605548745633881,1.0758028522430063,0.3086853010299784,-1.1209638110124376,-4.737430261015602,-0.2640987656690801,-1.0184586743040496,0.02107344906776018,3.0810407151600328,0.0787046238075078,1.0758028522430063,0.3086853010299784,-1.1209638110124376,-4.737430261015602,-0.2640987656690801,-1.0184586743040496,4.187658843746694,4.373156762783558,0.10000139671602151,0.10000420741345674,0.013908784100055985,0.029315153209558412
3.9568252717451604,-0.3739564840601225,-0.7181345930709557,0.8950746732964204,-0.03559916054886162,2.0057299402745126,0.3348415121510925,-0.19239236186926026,-4.708668342683368,-0.2558459697222439,-1.0484279846832798,0.0175661870715915,2.9229581034883387,0.07622491443136067,2.0057299402745126,0.3348415121510925,-0.19239236186926026,-4.708668342683368,-0.2558459697222439,-1.0484279846832798,4.722364140220764,4.907861505937445,0.10000133468565156,0.10000435478308238,0.013138025081627756,0.026944804919206863
3.9835605776353304,-0.4998441725371218,-0.7249747133322483,0.8670446304220983,-0.0352846393237994,3.0501448110631673,0.35932755638492675,0.6479963648106171,-4.655044539197058,-0.2468938794701566,-1.0535716533287889,0.014058939496608995,2.74465554680257,0.07374520965261926,3.0501448110631673,0.35932755638492675,0.6479963648106171,-4.655044539197058,-0.2468938794701566,-1.0535716533287889,5.2570694532490005,5.442566277065089,0.10000128998356601,0.10000460805529182,0.012410737452215692,0.024599437688360787
4.0102958835255,-0.6242982122249203,-0.7315754967222948,0.8388770699931409,-0.035088903848410014,4.182835421258192,0.38266535903944504,1.397839284890698,-4.5734979846639705,-0.23728714733543732,-1.0362472722998608,0.010551707801620876,2.5461330465908087,0.07126550813459992,4.182835421258192,0.38266535903944504,1.397839284890698,-4.5734979846639705,-0.23728714733543732,-1.0362472722998608,5.791774752319651,5.9772710221028955,0.10000125938702804,0.10000499099991736,0.01172571340626764,0.022463564462901944
4.0370311894156705,-0.7465720798329873,-0.7379194411901147,0.8111726821903495,-0.03498725472479934,5.376961531185478,0.40545070800225297,2.0612003555354654,-4.461668600188395,-0.2270564719079449,-0.9988756114330133,0.007044494401107358,2.327390606328746,0.06878580849462464,5.376961531185478,0.40545070800225297,2.0612003555354654,-4.461668600188395,-0.2270564719079449,-0.9988756114330133,6.326480002063875,6.511975675671338,0.1000012406781947,0.10000554705072716,0.011081154031902156,0.02065974856064882
4.06376649530584,-0.8658561546395905,-0.7439898654209175,0.784467437172457,-0.03495221409237269,6.605919815676207,0.42833396239495536,2.648347827471696,-4.317913888892477,-0.2162166232061173,-0.943768789426847,0.0035373031401389325,2.088428232176274,0.06630610914093286,6.605919815676207,0.42833396239495536,2.648347827471696,-4.317913888892477,-0.2162166232061173,-0.943768789426847,6.861185152819712,7.046680140115751,0.10000123235666897,0.10000635411310987,0.01047466778435907,0.019139885959832424
4.090501801196011,-0.9812969032665443,-0.7497704829808737,0.7592354898975345,-0.034952766984910996,7.843964236127701,0.45199811588379984,3.1752934614229607,-4.1413026019344406,-0.204764983698338,-0.8729644001558255,3.0140272582133737e-05,1.8292459345233165,0.06382640806184489,7.843964236127701,0.45199811588379984,3.1752934614229607,-4.1413026019344406,-0.204764983698338,-0.8729644001558255,7.39589012004107,7.581384233236996,0.10000123360930152,0.10000755303515377,0.009903452020727592,0.017825072228415305
4.11723710708618,-1.0920158951130183,-0.7552449374556455,0.7358965196281394,-0.034954168534368245,9.066522539928982,0.4771345170203615,3.6631406657020933,-3.931591818690015,-0.19268067580840234,-0.7880719581736272,-0.0034769834228445262,1.5498437314510225,0.06134670265739457,9.066522539928982,0.4771345170203615,3.6631406657020933,-3.931591818690015,-0.19268067580840234,-0.7880719581736272,7.930594723503704,8.11608750328417,0.10000125642439742,0.10000872494885629,0.009364501411170104,0.016659997950485082
4.143972412976351,-1.1971282050209855,-0.7603963142625088,0.7148271747629018,-0.03491862293191235,10.250170028471874,0.5044160849382786,4.13728785566413,-3.689195565224895,-0.17992433854510248,-0.6901367719573617,-0.006984060179959352,1.2502216452965493,0.058866999716827996,10.250170028471874,0.5044160849382786,4.13728785566413,-3.689195565224895,-0.17992433854510248,-0.6901367719573617,8.465298372314301,8.650788233625669,0.10000128978256156,0.10001038655260897,0.008854761744975593,0.01560866593251641
4.17070771886652,-1.2957599769459318,-0.7652066464905994,0.6963761570585668,-0.03480716141435262,11.257503413731605,0.5290747688014686,4.480866643583505,-3.4151541340874494,-0.16643862021835346,-0.5795251155804964,-0.010491050969741816,0.9303797515879086,0.05638731402352156,11.257503413731605,0.5290747688014686,4.480866643583505,-3.4151541340874494,-0.16643862021835346,-0.5795251155804964,8.999995434819112,8.999995139955645,0.10000133448337066,0.10001283354483584,0.008371231018625233,0.014646792878368481
4.19744302475669,-1.3870651673828385,-0.7696564339140758,0.6808823758224857,-0.03458294167341838,11.535317786174762,0.5278032851945519,4.106661643866118,-3.1141813367617037,-0.15229364443567284,-0.4597277752112308,-0.010490827975264502,0.5938254276330442,0.056387164249690924,11.535317786174762,0.5278032851945519,4.106661643866118,-3.1141813367617037,-0.15229364443567284,-0.4597277752112308,8.887907390434611,8.995647374696022,0.1000013911539916,0.10001661122335388,0.007911021499538998,0.013757185346274651
4.22417833064686,-1.4703237580186213,-0.7737280510831931,0.6685914131260057,-0.03406993406977939,11.059711968416426,0.49987203897043,3.1095598570315532,-2.8057810872080045,-0.13818266215615743,-0.34993491997504034,-0.012527641640484652,0.25947269455505567,0.05494673007516986,11.059711968416426,0.49987203897043,3.1095598570315532,-2.8057810872080045,-0.13818266215615743,-0.34993491997504034,8.353204150050454,8.46094593471091,0.10000146001402767,0.10002277464844479,0.007471394446676816,0.012927136977323343
4.25091363653703,-1.5453371736459813,-0.7774224068246567,0.6592357959988204,-0.03335070464778842,10.448281871489256,0.4733238284008236,2.225168525804646,-2.5100963046752183,-0.12481843028833774,-0.266799886013507,-0.01456437411345458,-0.05466007538849092,0.05350619036350873,10.448281871489256,0.4733238284008236,2.225168525804646,-2.5100963046752183,-0.12481843028833774,-0.266799886013507,7.8184994451776895,7.926242119858177,0.10000154199073363,0.10003381052267114,0.0070497919658208084,0.012146924010812755
4.2776489424272,-1.6124453661652587,-0.7807594657391469,0.6521028194347865,-0.0324569333975523,9.731017086406013,0.4474285886091987,1.4320798578035896,-2.2307582928142367,-0.11216397295093322,-0.20730932481893977,-0.01660091630294281,-0.3485727172305094,0.052065492326468295,9.731017086406013,0.4474285886091987,1.4320798578035896,-2.2307582928142367,-0.11216397295093322,-0.20730932481893977,7.283794262056304,7.391537529529398,0.1000016388954193,0.10005716610341579,0.006643921343162502,0.011408889671075687
4.30438424831737,-1.6720853714906811,-0.7837582038658475,0.6465603412218672,-0.03143499376266581,8.933977118761627,0.421538094560218,0.7078364168802583,-1.9705965743867022,-0.10020183277045722,-0.16902223176140824,-0.01863702993562238,-0.6222649740481295,0.05062447545127252,8.933977118761627,0.421538094560218,0.7078364168802583,-1.9705965743867022,-0.10020183277045722,-0.16902223176140824,6.749088846991014,6.856832563462106,0.10000175310268745,0.10054359700558649,0.0062518129600384635,0.010706873789736957
4.3311195542075405,-1.724769873693031,-0.7864371305157218,0.6420414801534865,-0.0303401473943528,8.41828614550247,0.41163597722712386,0.4417452952065879,-1.7317439633008178,-0.0889318828680278,-0.15009800863589504,-0.020663956990140585,-0.8757280783947068,0.04917695166121785,8.41828614550247,0.41163597722712386,0.4417452952065879,-1.7317439633008178,-0.0889318828680278,-0.15009800863589504,6.214383298620919,6.322127382227914,0.10000188855384644,0.6350836947177764,0.005871787345649526,0.010035843340616827
4.35785486009771,-1.7710685782753337,-0.7888147516075878,0.6380285639791007,-0.02923017232836989,7.8462444924879655,0.4012217849910044,0.21498283970510765,-1.5066785081298162,-0.07792666910145905,-0.13828781304298499,-0.0125840385099496,-1.0988643654694126,0.040583878262633134,7.8462444924879655,0.4012217849910044,0.21498283970510765,-1.5066785081298162,-0.07792666910145905,-0.13828781304298499,5.679677666705573,5.787422067343711,0.10000205073436959,1.1696486833978823,0.0055024239976700865,0.009391630466135817
4.3845901659878805,-1.811350089068329,-0.7908981449430178,0.6343313969965145,-0.028045470941063452,7.231150495652684,0.38671547420663677,0.010636919719861027,-1.2969067615340761,-0.06719988194992214,-0.13254018106231255,0.005603196574674071,-1.291673360032473,0.024844923548789966,7.231150495652684,0.38671547420663677,0.010636919719861027,-1.2969067615340761,-0.06719988194992214,-0.13254018106231255,5.144971980382653,5.252716667174891,0.10000224794090722,1.7041120800814487,0.005142533245345592,0.00877074211582509
4.41132547187805,-1.8460232880489713,-0.7926947543427326,0.6307878947130763,-0.026693358992348343,6.427249164719536,0.3565344871671577,-0.4181506039567986,-1.1035797410949342,-0.056860925454543486,-0.13225579975985324,0.03389582732736028,-1.4541569796383145,0.0019614464472092258,6.427249164719536,0.3565344871671577,-0.4181506039567986,-1.1035797410949342,-0.056860925454543486,-0.13225579975985324,4.6102662588516425,4.71801121442652,0.10000249182209066,1.9578292800537624,0.00479109624426906,0.008170220991723732
4.438060777768221,-1.875527830001338,-0.7942149485779583,0.6272519954507493,-0.025040851517501482,5.365665369576766,0.30356362399633086,-1.2754036392111023,-0.9317452686438383,-0.04732886687973484,-0.1434351840648259,0.06698562444820402,-1.5916234504904345,-0.024313634462644923,5.365665369576766,0.30356362399633086,-1.2754036392111023,-0.9317452686438383,-0.04732886687973484,-0.1434351840648259,4.075560516273148,4.18330573443374,0.4033119888959934,1.4235468594392664,0.004447250172237702,0.007587538958331337
4.46479608365839,-1.9004383247702492,-0.7954803003114235,0.6234172119293644,-0.02298854818109221,4.805168165401424,0.27095341527700906,-1.3921994296831743,-0.7882925636839305,-0.03921300053506507,-0.17753349049260034,0.08423858765756043,-1.7132370893803064,-0.039392080817386925,4.805168165401424,0.27095341527700906,-1.3921994296831743,-0.7882925636839305,-0.03921300053506507,-0.17753349049260034,3.540854764459308,3.64860025021071,0.9380153038775427,1.569045720351788,0.004110275432249572,0.007020518175252892
4.491531389548561,-1.9215135675912853,-0.7965286718756002,0.6186707997552953,-0.020736408474443524,4.414834264601027,0.24520662400941837,-1.1808266741215716,-0.6598249229282145,-0.03196897809564773,-0.2147543681052964,0.09413263482205496,-1.8017697878475778,-0.049267780682533735,4.414834264601027,0.24520662400941837,-1.1808266741215716,-0.6598249229282145,-0.03196897809564773,-0.2147543681052964,3.006149016098658,3.113894783541667,1.4727199460954008,2.1032931930611856,0.00377959969814722,0.0064672714532179884
4.51826669543873,-1.9391541887397288,-0.7973833722839837,0.6129292760327503,-0.018382564656234807,3.9941296609249552,0.2167325735445555,-0.9786167868042404,-0.5417929784097006,-0.025413303996459857,-0.24632413044120532,0.10401803269534425,-1.8498712290795443,-0.05913737302990981,3.9941296609249552,0.2167325735445555,-0.9786167868042404,-0.5417929784097006,-0.025413303996459857,-0.24632413044120532,2.471443287171985,2.5791893600325464,2.007425029640416,2.636960333196615,0.0034548088983364896,0.005926155564011805
4.5450020013289,-1.9536391897466583,-0.7980628047400092,0.6063437250572749,-0.015905540313318436,3.1616926872457984,0.16537755328814674,-1.7846719075302515,-0.4350087001598715,-0.019618892346382425,-0.27248774958567307,0.11388379980485089,-1.8575523785948327,-0.06899309459272333,3.1616926872457984,0.16537755328814674,-1.7846719075302515,-0.4350087001598715,-0.019618892346382425,-0.27248774958567307,1.9367376008487953,2.044484019763875,2.5421303286161097,2.103903777564902,0.0031355894068542285,0.00539573330555084
4.57173730721907,-1.9652692804103176,-0.7985873218281164,0.5990586817207783,-0.013276413526704462,2.735108566109119,0.1347763655201097,-1.7099750859561598,-0.35047987903564864,-0.015197472871856375,-0.32020149894710576,0.10356077691953709,-1.8449823890889954,-0.06457535088107233,2.735108566109119,0.1347763655201097,-1.7099750859561598,-0.35047987903564864,-0.015197472871856375,-0.32020149894710576,1.402031999008498,1.509778837923476,3.076835750741508,2.56175615987095,0.0028217080801452962,0.004874741484521346
4.59847261310924,-1.9746394671846856,-0.7989936309141034,0.5904979966999363,-0.010869599751718386,2.3325500426537467,0.10842807426179416,-1.5848535148329645,-0.27735591487789635,-0.011594185512910981,-0.3659182059347116,0.09178464175914272,-1.7934255813801019,-0.059130268019765196,2.3325500426537467,0.10842807426179416,-1.5848535148329645,-0.27735591487789635,-0.011594185512910981,-0.3659182059347116,0.8673265816349711,0.9750739966506503,3.6115412478525455,3.0962383503969373,0.002513013334915644,0.004362067600969042
4.62520791899941,-1.9820546624093942,-0.7993036050103387,0.5807150615334895,-0.008716287589375859,1.935773653231465,0.08524901151133893,-1.4823415013055312,-0.21499447598341903,-0.00869532778043994,-0.40828974944488117,0.08000427352089239,-1.7014330804109719,-0.053682207774642485,1.935773653231465,0.08524901151133893,-1.4823415013055312,-0.21499447598341903,-0.00869532778043994,-0.40828974944488117,0.3326217419698803,0.44037021580999547,4.146246789978139,3.6308713744204018,0.002209470230668405,0.0038567342231311114
4.65194322488958,-1.9878026054895077,-0.7995360772583644,0.5697993101902596,-0.006818844392365304,1.6454768520031644,0.06904748800557323,-0.9146787765986287,-0.16324097523014375,-0.006416169380849749,-0.44792060291597774,0.06822251412165313,-1.5690020644086335,-0.04823319228669588,1.6454768520031644,0.06904748800557323,-0.9146787765986287,-0.16324097523014375,-0.006416169380849749,-0.44792060291597774,0.10000107135551427,0.10000197947607943,4.68095235505592,4.165541225050156,0.0019111260428047415,0.0033578859164604116
4.6786785307797505,-1.9921669028960953,-0.7997076155094048,0.5578240158567915,-0.005180551066750309,1.4213182955719423,0.057313436678551474,0.20537374635378808,-0.11924864825664501,-0.004570163668072973,-0.4723748197995881,0.058477324235667885,-1.4055179277915109,-0.04134336731618595,1.4213182955719423,0.057313436678551474,0.20537374635378808,-0.11924864825664501,-0.004570163668072973,-0.4723748197995881,0.10000092083126098,0.10000171544885245,5.21565792341153,4.700225056827542,0.0016181151752704922,0.002864778972447237
4.70541383666992,-1.995355051984226,-0.7998298002330393,0.5451949305546355,-0.0037463919984386525,1.1544768864032053,0.04482877256503083,1.3154521865883004,-0.08124926885723396,-0.0030378714068550676,-0.466884089869009,0.048731725509844455,-1.2218142269513175,-0.03445325026137383,1.1544768864032053,0.04482877256503083,1.3154521865883004,-0.08124926885723396,-0.0030378714068550676,-0.466884089869009,0.10000080454740673,0.10000151194879986,5.750363473132973,5.234915291155005,0.0013306724577539992,0.002376775934069601
4.732149142560091,-1.997527276040477,-0.7999110186543569,0.5327126415967339,-0.0025264261083553516,0.8661141368281285,0.03245890876707082,2.413991399828759,-0.05038397615611315,-0.001839360459648152,-0.4317150732766774,0.038985838856162996,-1.0178908429755327,-0.027562927309814456,0.8661141368281285,0.03245890876707082,2.413991399828759,-0.05038397615611315,-0.001839360459648152,-0.4317150732766774,0.10000071199021685,0.1000013510965722,6.285068973495864,5.769608601084664,0.0010491505551589284,0.001893344235400823
4.75888444845026,-1.9988743070549737,-0.7999601945188882,0.5211706070552848,-0.001531471475546713,0.5797179489600954,0.0210200371326172,3.501445197466817,-0.02722814977221252,-0.0009715616048994254,-0.3671762747860154,0.029239723002288616,-0.7937477199002193,-0.020672440487830075,0.5797179489600954,0.0210200371326172,3.501445197466817,-0.02722814977221252,-0.0009715616048994254,-0.3671762747860154,0.10000063653219071,0.100001221467807,6.8197743699221,6.304303026850795,0.0007740672586358359,0.0014140629864722158
4.785619754340431,-1.9996022599679573,-0.7999861695155867,0.5113540370332675,-0.0007723935798527204,0.320978852634694,0.011290588762810094,4.579893974847485,-0.011729213076742372,-0.0004095844823361937,-0.27356406637407293,0.01949340074411261,-0.5493848395064728,-0.013781806289733266,0.320978852634694,0.011290588762810094,4.579893974847485,-0.011729213076742372,-0.0004095844823361937,-0.27356406637407293,0.10000057379120299,0.10000111544230506,7.3544795332067165,6.838996589005663,0.0005062272068650666,0.000938653580338478
4.8123550602306,-1.999915844067415,-0.79999711988201,0.504040218038198,-0.00025919747054770125,0.11773739489681045,0.004029396129765245,5.6524208338136654,-0.0031477452672780105,-0.00010772713808236116,-0.15111920001197846,0.009746859955153054,-0.28480222321795523,-0.0068910164331478785,0.11773739489681045,0.004029396129765245,5.6524208338136654,-0.0031477452672780105,-0.00010772713808236116,-0.15111920001197846,0.10000052075810585,0.10000102777092686,7.889183957030448,7.373684097853242,0.0002470491903528931,0.0004670795472058304
