0.02866204240524595,-2.0,0.8000000000000002,0.4999999999999999,-4.740073854729178e-16,-1.6809941650818638e-15,6.715252951682167e-15,3.128358408152795e-05,-2.606059819165447e-17,1.2462329176823846e-16,-2.4156172888834077e-15,0.040054751107084445,0.19074241425661148,-0.028318707902536037,-1.6809941650818638e-15,6.715252951682167e-15,3.128358408152795e-05,-2.606059819165447e-17,1.2462329176823846e-16,-2.4156172888834077e-15,0.10000084170300545,0.10000071825182971,4.103597265212509,5.506432458416741,1.0,1.0
0.0573240848104919,-2.0,0.8000000000000002,0.4999999999999998,0.0011480509747621168,0.054477059135312346,-0.011486089589513486,0.1561883835870488,-7.424131920365434e-17,3.170961596679182e-16,8.966514114049296e-07,0.06849048330903172,0.3814854314148823,-0.04842276703094993,0.054477059135312346,-0.011486089589513486,0.1561883835870488,-7.424131920365434e-17,3.170961596679182e-16,8.966514114049296e-07,0.21457532890516648,0.14174030503394786,4.390215155518422,5.219813102731394,0.9991995488560071,0.9993276229379175
0.08598612721573785,-2.0,0.8000000000000002,0.5000000256998605,0.0031036089523054,0.17279810520664318,-0.033088670391515966,0.7281094603684739,0.0015614237790493402,-0.0003292147868847684,0.004477574724990378,0.08678296710330817,0.5690599035817517,-0.05926795253071921,0.17279810520664318,-0.033088670391515966,0.7281094603684739,0.0015614237790493402,-0.0003292147868847684,0.004477574724990378,0.5011948035173116,0.4283599064281177,4.6768300432964125,4.933193276450748,0.9983990977160745,0.9986518596150953
0.1146481696209838,-1.9999552464054322,0.7999905640318181,0.5001283621365008,0.005563949962446564,0.3632824216913796,-0.0632244421667361,1.2966652416869644,0.006514170398028304,-0.001277603660779594,0.025346678953732507,0.09345587429479855,0.7450146131938761,-0.061898101006150515,0.3632824216913796,-0.0632244421667361,1.2966652416869644,0.006514170398028304,-0.001277603660779594,0.025346678953732507,0.7878147240808003,0.7149798916347617,4.963416808988191,4.646573295558497,0.9975986465770428,0.9979740221113775
0.14331021202622973,-1.999768536977249,0.7999539453015158,0.5008548497235048,0.008188408438245148,0.6001760947789802,-0.09429241489143682,1.286179140408243,0.016926586573627094,-0.0030897453032105865,0.06251175309637347,0.08850977304896936,0.909348970257877,-0.05631361236920173,0.6001760947789802,-0.09429241489143682,1.286179140408243,0.016926586573627094,-0.0030897453032105865,0.06251175309637347,1.074434790546274,1.0016000022514793,4.676810619399041,4.359953241620339,0.9967981691259248,0.9972945749608577
0.1719722544314757,-1.9992833864350996,0.7998653868906138,0.5026465642415793,0.010649459204785007,0.8889363463925813,-0.12447453858042656,1.2664957973207032,0.03412885925279719,-0.005792358497321966,0.09937627415949801,0.08356338987525895,1.0504442402188368,-0.05072892567470577,0.8889363463925813,-0.12447453858042656,1.2664957973207032,0.03412885925279719,-0.005792358497321966,0.09937627415949801,1.3610549275388908,1.2882201733259842,4.390197916947393,4.073333148352619,0.9959975734905917,0.9966136399519382
0.20063429683672165,-1.9983051836239534,0.7996993660657372,0.5054948912256141,0.012953519952998436,1.221733618407237,-0.15376275273771442,1.2343796694933529,0.05960759050866584,-0.009360053000487534,0.1356766304083705,0.07861685619748901,1.168300287607518,-0.04514413355069622,1.221733618407237,-0.15376275273771442,1.2343796694933529,0.05960759050866584,-0.009360053000487534,0.1356766304083705,1.6476751045465248,1.574840378522867,4.103583832307147,3.786713033546926,0.9951966755518238,0.9959311064227234
0.2292963392419676,-1.9965967083371194,0.7994310878297219,0.5093836605597798,0.015111605603548421,1.5905542299968285,-0.18208343009355527,1.1868956808793352,0.09462497128736876,-0.013767207539803188,0.17105647283956318,0.07367019971574508,1.2629170824673432,-0.03955925541223854,1.5905542299968285,-0.18208343009355527,1.1868956808793352,0.09462497128736876,-0.013767207539803188,0.17105647283956318,1.9342953059444807,1.8614606043102202,3.816969534523267,3.5000929083762355,0.994395203173019,0.995246674656603
0.2579583816472135,-1.9938845633974855,0.7990364915434143,0.5142864884379992,0.01713819770793859,1.9872260936317263,-0.20931097817249616,1.1216968578060589,0.14021350407538136,-0.018986090534437214,0.20507532717553065,0.06872342461741152,1.3342946193559824,-0.0339742941109019,1.9872260936317263,-0.20931097817249616,1.1216968578060589,0.14021350407538136,-0.018986090534437214,0.20507532717553065,2.2209155224072448,2.1480808425610967,3.5303556445043696,3.2134727809992643,0.9935927770201614,0.9945598705611356
0.28662042405245947,-1.989865757997889,0.7984923114114064,0.520164366161774,0.019050045594927636,2.4034794617711994,-0.2352828589535233,1.0372562687601607,0.19717146263986537,-0.024985370666700688,0.23722545007979973,0.06377652264502319,1.382432905936181,-0.02838924373410036,2.4034794617711994,-0.2352828589535233,1.0372562687601607,0.19717146263986537,-0.024985370666700688,0.23722545007979973,2.5075357476627476,2.4347010877532895,3.243742733347567,2.9268526583048877,0.9927888935640214,0.9938700526034855
0.3152824664577054,-1.9842144211746007,0.7977761796578468,0.5269637320715648,0.02086497824430164,2.8310382972871007,-0.2598152709480902,0.9330425093196844,0.2660600928932895,-0.031729057947253905,0.26695533324011134,0.05882947408930955,1.4073319618256406,-0.02280409029431407,2.8310382972871007,-0.2598152709480902,0.9330425093196844,0.2660600928932895,-0.031729057947253905,0.26695533324011134,2.794155977018658,2.7213213356924837,2.9571315488958603,2.640232546992227,0.9919829099036034,0.9931764155893933
0.3439445088629514,-1.9765885955097495,0.7968667600534841,0.5346152171531996,0.022600762342812875,3.2617338110039897,-0.2827187409233207,0.8096363566351673,0.34720343262100806,-0.03917589426069832,0.2936982372081299,0.05388224420778114,1.4089918221169049,-0.017218809189811616,3.2617338110039897,-0.2827187409233207,0.8096363566351673,0.34720343262100806,-0.03917589426069832,0.2936982372081299,3.0807762065847344,3.007941582831195,2.6705232909592906,2.3536124544884296,0.9911740299518558,0.9924779922210152
0.37260655126819736,-1.966637036000719,0.7957438989109206,0.5430332084824051,0.024274006986731073,3.6876288134899924,-0.30381289007043016,0.6687875862166782,0.44069138542662933,-0.047279190801800014,0.3169040687948365,0.048934774081178245,1.3874125465242038,-0.011633358735709094,3.6876288134899924,-0.30381289007043016,0.6687875862166782,0.44069138542662933,-0.047279190801800014,0.3169040687948365,3.367396432793081,3.294561825838743,2.3839201692140652,2.066992390042439,0.9903612914323348,0.9917736522476637
0.4012685936734433,-1.9540059208239944,0.7943887807392738,0.5521163263405978,0.025899093872595674,4.1011399224569125,-0.32293969999311656,0.5134132539447968,0.5463863588536868,-0.055987088740258685,0.3360728869510816,0.04398696018236374,1.3425942398796273,-0.006047665716152386,4.1011399224569125,-0.32293969999311656,0.5134132539447968,0.5463863588536868,-0.055987088740258685,0.3360728869510816,3.6540166520392994,3.581182061267105,2.0973268287665743,1.7803723664291284,0.9895435530509302,0.9910620986240517
0.42993063607868925,-1.9383453718368822,0.7927840764276542,0.5617488616776433,0.02748710546308295,4.495144856063917,-0.3399747453583552,0.34754236768570906,0.6639334052209946,-0.0652432001157984,0.3507883594070633,0.039038605082811234,1.2745371015743368,-0.0004615905314871976,4.495144856063917,-0.3399747453583552,0.34754236768570906,0.6639334052209946,-0.0652432001157984,0.3507883594070633,3.9406368603448283,3.867802285221532,1.8107548227602972,1.493752403150958,0.9887194811296379,0.9903418599153063
0.4585926784839352,-1.9193156844221784,0.7909140730592814,0.5718031725102354,0.029044733764547057,4.863067102953866,-0.35483629186291993,0.17622189452915166,0.7927734377032225,-0.0749875706839718,0.3607496334872913,0.03408927756325159,1.1832415657387678,0.005125171705593645,4.863067102953866,-0.35483629186291993,0.17622189452915166,0.7927734377032225,-0.0749875706839718,0.3607496334872913,4.227257052958805,4.154422492956217,1.524241423932594,1.207132533487056,0.9878875349170041,0.9896112780516988
0.48725472088918115,-1.896593178532976,0.7887647761284712,0.5821429938029252,0.03057317983515503,5.198978290888376,-0.36749548874132587,0.005482271689219553,0.9321588732276437,-0.08515790352826648,0.36580051290101917,0.029137791553584085,1.0687088228957329,0.010713459561790366,5.198978290888376,-0.36749548874132587,0.005482271689219553,0.9321588732276437,-0.08515790352826648,0.36580051290101917,4.5138772237964595,4.4410426782885475,1.237988009535587,0.920512823164238,0.9870459497174812,0.9888684903479255
0.515916763294427,-1.8698756013800988,0.7863239766864022,0.5926275836155551,0.03206709670806393,5.586963504296171,-0.3841231886760356,-0.000975364550988633,1.0811722094650404,-0.09569107481030631,0.3659576460046532,0.024178880363714718,0.9309441471032722,0.016306996604942777,5.586963504296171,-0.3841231886760356,-0.000975364550988633,1.0811722094650404,-0.09569107481030631,0.3659576460046532,4.800497364536631,4.727662832643131,1.1330194577347814,0.6338934356002348,0.9861927169027366,0.9881114043977907
0.544578805699673,-1.8388869976650382,0.7835812750423858,0.6031166771838647,0.0335136538922435,5.903959529055761,-0.3964208446634274,-0.05921794028086361,1.2413059943416798,-0.10670082993297218,0.3659296900644269,0.01553787274690879,0.7736222239487321,0.024503775431722486,5.903959529055761,-0.3964208446634274,-0.05921794028086361,1.2413059943416798,-0.10670082993297218,0.3659296900644269,5.087117463017274,5.014282943341549,0.9570967225109605,0.34727502304424457,0.9853255597718817,0.987337663966752
0.5732408481049189,-1.8033086326173327,0.7805230113301723,0.6136049694778271,0.03483401438263243,6.140255732136035,-0.4030661731243793,-0.15891438684232784,1.4105255327223563,-0.11806306099303948,0.36423238294898447,0.0046530429602829725,0.5953048204720199,0.03428693618237849,6.140255732136035,-0.4030661731243793,-0.15891438684232784,1.4105255327223563,-0.11806306099303948,0.36423238294898447,5.373737500061198,5.3009029902010845,0.6712589061081666,0.10000189223018845,0.9844419040806016,0.9865446032355446
0.6019028905101649,-1.762880089984763,0.777139082869497,0.6240446134832729,0.03597035747010467,6.462234364132568,-0.41454842655034396,-0.025773515736840884,1.5865178028959122,-0.12961576073925166,0.3596775720545345,-0.005450073691713266,0.39456147628167976,0.04351742546551588,6.462234364132568,-0.41454842655034396,-0.025773515736840884,1.5865178028959122,-0.12961576073925166,0.3596775720545345,5.660357442351039,5.5875229378739935,0.3851230341497506,0.10000179614812334,0.9835387970576749,0.9857291873984508
0.6305649329154108,-1.7174072494414832,0.7734240304388005,0.634353707305715,0.036905956695916634,6.73408540665595,-0.42250553180826184,0.13915221461174496,1.7717386382733327,-0.1414975653200668,0.3589388504535764,-0.009753165175716517,0.1763984239696004,0.0486472968005925,6.73408540665595,-0.42250553180826184,0.13915221461174496,1.7717386382733327,-0.1414975653200668,0.3589388504535764,5.946977223472566,5.874142715439197,0.10019470551520239,0.10000171351228208,0.9826128724266975,0.9848879356779215
0.6592269753206569,-1.66662560146028,0.7693684212213578,0.6446416278583055,0.03769557421715728,7.107852347943507,-0.4388659533621318,0.5777773670221541,1.964751279759453,-0.15360743678920663,0.3629272371295624,-0.008280708165217133,-0.05915985234938329,0.04969385545198726,7.107852347943507,-0.4388659533621318,0.5777773670221541,1.964751279759453,-0.15360743678920663,0.3629272371295624,6.233596677606956,6.160762144935513,0.1000862056436999,0.10000164293019333,0.9816603080553471,0.9840168183766423
0.6878890177259028,-1.6103118169640531,0.7649657183543447,0.6550438637189316,0.038388111343605695,7.412962206588427,-0.45584008392704395,1.063232968162767,2.1684768451664365,-0.16618623135469118,0.37948751652394286,-0.006806052773480927,-0.3063399879625,0.050738860554025114,7.412962206588427,-0.45584008392704395,1.063232968162767,2.1684768451664365,-0.16618623135469118,0.37948751652394286,6.520215141671398,6.447380512430573,0.10005228840876511,0.10000158342786902,0.9806766778822293,0.9831111213125729
0.7165510601311488,-1.5481588416730987,0.7602024815440886,0.6659207510098022,0.03895371037510578,7.246419140514333,-0.4496521498145256,1.0222196094808125,2.380947482280159,-0.1792515391702194,0.40996194494407967,-0.005330709121742224,-0.5651404292454126,0.051783381824116896,7.246419140514333,-0.4496521498145256,1.0222196094808125,2.380947482280159,-0.1792515391702194,0.40996194494407967,6.405690099784123,6.43458572463009,0.10003548644631566,0.10000153368015807,0.9796568447843156,0.9821652620363738
0.7452131025363947,-1.4799160239713212,0.7550647663271863,0.6776710976603263,0.039370764937449905,6.759125140223749,-0.42951079053787095,0.6569716618445919,2.5886446549717665,-0.1921394881558138,0.4392608467384931,-0.0059171170285915,-0.8213604155402717,0.051369764589597765,6.759125140223749,-0.42951079053787095,0.6569716618445919,2.5886446549717665,-0.1921394881558138,0.4392608467384931,6.119071697029962,6.147967551498755,0.10002579258116853,0.1000014923588763,0.978594727922593,0.9811725464408648
0.7738751449416407,-1.405720181098407,0.7495576561699423,0.690261210676509,0.03955263065221662,6.2113392132522085,-0.41004619253509544,0.3247977217627511,2.7823749863632234,-0.2044501446477214,0.45809099636932804,-0.006503333931082624,-1.0659609873966995,0.05095600573353826,6.2113392132522085,-0.41004619253509544,0.3247977217627511,2.7823749863632234,-0.2044501446477214,0.45809099636932804,5.832452304238238,5.861348320828698,0.10001973910991,0.10000145905903085,0.9774831105991235,0.9801248317243186
0.8025371873468866,-1.3259716312519685,0.7436976974542908,0.7033910342399079,0.03952010372559333,5.614339565034262,-0.39115100525399954,0.01250489283031175,2.960404654286825,-0.21620290600627234,0.4674003624436196,-0.007089432089818295,-1.298942029355889,0.05054215827890553,5.614339565034262,-0.39115100525399954,0.01250489283031175,2.960404654286825,-0.21620290600627234,0.4674003624436196,5.545832584401683,5.574728749849638,0.1000118340210675,0.10000147393892729,0.9763136741939595,0.9790120133373122
0.8311992297521326,-1.241120387514112,0.7375008805942017,0.7167876832484942,0.03930351075135483,4.97901552713765,-0.3726628663706338,-0.29287512914330305,3.121323092977287,-0.22741409270571744,0.46775877821219536,-0.007675372726686878,-1.5203035644464742,0.050128195189752985,4.97901552713765,-0.3726628663706338,-0.29287512914330305,3.121323092977287,-0.22741409270571744,0.46775877821219536,5.259212709546631,5.288109009333233,0.10000850349446591,0.10000149478918721,0.9750769574727576,0.9778212250699775
0.8598612721573785,-1.1516568926627235,0.73098272822552,0.730194605185038,0.03893895682393288,4.316233211000709,-0.3543867115185799,-0.6036624475675002,3.2640318471524843,-0.2380953715844934,0.45936437884124837,-0.008261248153593867,-1.7300454932414016,0.049714182146737576,4.316233211000709,-0.3543867115185799,-0.6036624475675002,3.2640318471524843,-0.2380953715844934,0.45936437884124837,4.972592746762992,5.001489171630806,0.10000670002290667,0.10000152283074162,0.9737621297886573,0.976535551930165
0.8885233145626245,-1.0581030734475656,0.7241584285886726,0.7433609264908452,0.03846489219802548,3.7334299218022746,-0.34501526797766346,-0.6960108123555148,3.3877439064771173,-0.24825281853789494,0.4420621801706144,-0.00884708899080955,-1.9281677808889057,0.0493001410637274,3.7334299218022746,-0.34501526797766346,-0.6960108123555148,3.3877439064771173,-0.24825281853789494,0.4420621801706144,4.685972729535625,4.714869274882854,0.2422902752035197,0.2119341041484026,0.9723567139989165,0.9751318451298854
0.9171853569678704,-0.9610034139420048,0.7170429957765178,0.7560313314446507,0.03791940088606287,3.2239503993783374,-0.3467623628667397,-0.5036522290916057,3.494751633212828,-0.2581416607791283,0.42211308875237114,-0.010048152548200037,-2.109517380431465,0.04932105899069473,3.2239503993783374,-0.3467623628667397,-0.5036522290916057,3.494751633212828,-0.2581416607791283,0.42211308875237114,4.399352677377658,4.428249342453184,0.5289050972978262,0.49855296117276077,0.970846246508726,0.9735768613457084
0.9458473993731163,-0.8608366944350562,0.7096441285487058,0.7681299546942804,0.037326986545022985,2.655327663325647,-0.3481340393678501,-0.32579228339102734,3.5871566362722196,-0.2680805783281584,0.4076773872046511,-0.0112491367437244,-2.267627746052067,0.04934191737716517,2.655327663325647,-0.3481340393678501,-0.32579228339102734,3.5871566362722196,-0.2680805783281584,0.4076773872046511,4.112732603066482,4.14162939055908,0.8155229148483056,0.7851725911387344,0.9692138574898524,0.9718203381404956
0.9745094417783623,-0.7580214588119624,0.7019603916446413,0.7798148212539998,0.03672144464846798,2.033316302438667,-0.3489080214185068,-0.17329831769343196,3.663263750358282,-0.27805881092722956,0.3983395149627957,-0.012450086682667125,-2.4024988005209913,0.049362748035509094,2.033316302438667,-0.3489080214185068,-0.17329831769343196,3.663263750358282,-0.27805881092722956,0.3983395149627957,3.8261125158514115,3.8550094318484196,1.1021417041279506,1.071792477228444,0.9674396193082941,0.9697842461240311
1.0031714841836081,-0.6530248378575929,0.6939906582146929,0.7912320453235485,0.03612976629204835,1.3649943173518493,-0.34887600788695955,-0.05617039002387406,3.7215427484420567,-0.28805922743265755,0.3933724312323089,-0.01365101699387453,-2.5141305185496954,0.0493835611338453,1.3649943173518493,-0.34887600788695955,-0.05617039002387406,3.7215427484420567,-0.28805922743265755,0.3933724312323089,3.5394924230955134,3.5683894773773286,1.3887609627548525,1.3584124900233714,0.9654996954873162,0.967363585784171
1.031833526588854,-0.546357821788811,0.6857342924227957,0.8025069026285836,0.03557240859778486,0.6587395257611186,-0.3478551084548829,0.01685946286544771,3.760666273448915,-0.2980587263648868,0.39176247313152557,-0.01485193482101481,-2.602522888029708,0.04940436144242105,0.6587395257611186,-0.3478551084548829,0.01685946286544771,3.760666273448915,-0.2980587263648868,0.39176247313152557,3.252872331247231,3.2817695379443528,1.6753804918126887,1.6450325775593495,0.9633654339526374,0.9645291829788464
1.0604955689941,-0.43856944558723987,0.6771913205684718,0.8137356152462633,0.03506392404260793,-0.07590555437312649,-0.34569766021418097,0.038697180898861205,3.7795470936702915,-0.3080289642343023,0.39224569977110485,-0.01605284441718606,-2.667675902287552,0.04942515156316772,-0.07590555437312649,-0.34569766021418097,0.038697180898861205,3.7795470936702915,-0.3080289642343023,0.39224569977110485,2.9662522465201406,2.995149625228343,1.9620001930478674,1.9316527136630406,0.961002222294477,0.9614712205683694
1.089157611399346,-0.33023990651583784,0.6683625813335443,0.824978178126378,0.034613687065065984,-0.8284712117256068,-0.34229898362026034,0.004202586865769461,3.7773714854520555,-0.3179373652307557,0.39335484001099164,-0.017253748685188395,-2.709589557534589,0.04944593298671008,-0.8284712117256068,-0.34229898362026034,0.004202586865769461,3.7773714854520555,-0.3179373652307557,0.39335484001099164,2.6796321754809505,2.708529753029215,2.2486200110259835,2.218272883184161,0.9583680376679751,0.9583997913375899
1.117819653804592,-0.2219727248194441,0.6592498470890882,0.8362525312310817,0.034226541090773534,-1.5878834068647196,-0.33760269333157045,-0.08956992737722981,3.7536258084500504,-0.3277483532145524,0.39347529473395015,-0.018454649857873755,-2.7282638518257825,0.049466706522701055,-1.5878834068647196,-0.33760269333157045,-0.08956992737722981,3.7536258084500504,-0.3277483532145524,0.39347529473395015,2.393012125692433,2.4219099389235637,2.535239911496583,2.5048930764495907,0.955411603983613,0.9554116168132162
1.1464816962098379,-0.11438614272422311,0.6498559098910032,0.8475303368141627,0.03390325515631447,-2.3428483435968452,-0.33160326836042175,-0.24322315160890237,3.7081138269079075,-0.3374247359269474,0.3909080376772293,-0.019655549872889005,-2.7236987846160132,0.04948747248506694,-2.3428483435968452,-0.33160326836042175,-0.24322315160890237,3.7081138269079075,-0.3374247359269474,0.3909080376772293,2.106392106574516,2.1352902068005717,2.82185987180362,2.7915132867880055,0.9520701010687822,0.9526861638214331
1.1751437386150838,-0.008104026973909773,0.6401846278012862,0.8587345595666188,0.03364072261824702,-3.08227013200498,-0.3243457210358041,-0.4549723910570155,3.640963008334674,-0.3469291628664121,0.38393676539187754,-0.02085645063716223,-2.695894356629815,0.04950823075129752,-3.08227013200498,-0.3243457210358041,-0.4549723910570155,3.640963008334674,-0.3469291628664121,0.38393676539187754,1.8197721307477626,1.8486705911456776,3.1084798760983143,3.078133509278431,0.948265989787442,0.9502223211470353
1.2038057810203298,0.09625340916691057,0.6302409294235926,0.8697389714172137,0.033431858646523684,-3.79567016631829,-0.31592237165601916,-0.720707959592194,3.5526188511067245,-0.35622557367670066,0.37089632742618533,-0.022057354279317903,-2.644850569967577,0.049528980728929896,-3.79567016631829,-0.31592237165601916,-0.720707959592194,3.5526188511067245,-0.35622557367670066,0.37089632742618533,1.5331522164070668,1.5620511449617558,3.395099912730793,3.3647537400516505,0.9439033433222058,0.9479833127718944
1.2324678234255757,0.19807872132700768,0.6200307769250379,0.880369617681853,0.03326516526113129,-4.473576609072377,-0.30646691538089127,-1.0341601895201042,3.4438271918433823,-0.36528055408987153,0.35023936532655564,-0.023258263475829426,-2.570567428487454,0.04954972121516255,-4.473576609072377,-0.30646691538089127,-1.0341601895201042,3.4438271918433823,-0.36528055408987153,0.35023936532655564,1.2465323920132294,1.2754319558677853,3.681719972718388,3.6513739758609622,0.9388628623652925,0.9459376088538641
1.2611298658308217,0.29678584233596184,0.6095610901939023,0.890408193222829,0.03312394134436123,-5.107854713724304,-0.29614613821298647,-1.3871543825418493,3.3156053493710336,-0.3740645218143237,0.3205982221207133,-0.02445918198604832,-2.4730449386484517,0.04957045007719459,-5.107854713724304,-0.29614613821298647,-1.3871543825418493,3.3156053493710336,-0.3740645218143237,0.3205982221207133,0.9599127068538807,0.9888131829656126,3.9683400487812617,3.9379942137879467,0.9329955529732883,0.9440581897503144
1.2897919082360678,0.39181786345869474,0.5988396370073621,0.8995971930602993,0.03298513153971459,-5.691953375521611,-0.2851497800102543,-1.7699363718166867,3.169203800966432,-0.3825526749859343,0.28083954438567615,-0.025660115706873904,-2.3522831113403893,0.04959116354597171,-5.691953375521611,-0.2851497800102543,-1.7699363718166867,3.169203800966432,-0.3825526749859343,0.28083954438567615,0.673293259436789,0.7021951567627304,4.2549601346874555,4.224614451010314,0.9261146144042885,0.9423218838760009
1.3184539506413138,0.48265371719286126,0.587874896014675,0.9076466279905515,0.0328178477977563,-6.221049821627857,-0.2736791411875869,-2.171544464005692,3.0060607919485487,-0.3907256500724349,0.23010955304207922,-0.026861075168768345,-2.2082819663328364,0.049611854478782566,-6.221049821627857,-0.2736791411875869,-2.171544464005692,3.0060607919485487,-0.3907256500724349,0.23010955304207922,0.3866742985998376,0.41557873351548624,4.54158022476372,4.511234684583391,0.9179850407933371,0.9407087851108811
1.3471159930465597,0.5688135590844379,0.5766759008634815,0.9142420377576956,0.03258168282138512,-6.692083010441874,-0.26193511084054594,-2.5802000477509637,2.827752798155903,-0.3985698532225849,0.16786865352987104,-0.028062083159370064,-2.041041545970515,0.04963250698888569,-6.692083010441874,-0.26193511084054594,-2.5802000477509637,2.827752798155903,-0.3985698532225849,0.16786865352987104,0.10005685642569892,0.12896744016720832,4.828200313481109,4.797854911191194,0.9083103234909784,0.9392017478754423
1.3757780354518057,0.6498627296967352,0.5652520748289631,0.9190534962236803,0.03222509532945885,-7.495938965880143,-0.26391710186707584,-2.6067418498282926,2.6359440311311917,-0.4060774484769195,0.09391485034721532,-0.029263212992748783,-1.8505619851897375,0.049653069403924575,-7.495938965880143,-0.26391710186707584,-2.6067418498282926,2.6359440311311917,-0.4060774484769195,0.09391485034721532,0.10000279734204813,0.10001325392486993,5.11482039504452,5.084475126810081,0.8967155193883715,0.9377859539574364
1.4044400778570516,0.7254142692948724,0.5536130657809035,0.9217452876468145,0.0316844133867581,-8.30127769104661,-0.2653817920633943,-2.639537803227102,2.4210951106239995,-0.4136418516421033,0.01920030490790741,-0.029878529168105274,-1.6478747346891085,0.05008779823288141,-8.30127769104661,-0.2653817920633943,-2.639537803227102,2.4210951106239995,-0.4136418516421033,0.01920030490790741,0.10000277911945687,0.10002571340169641,5.401440462928779,5.371095326191865,0.8827258619553328,0.9364485433729646
1.4331021202622976,0.7948078000227111,0.5417572454885531,0.9222956076002785,0.030899035858187207,-9.081761666113982,-0.2658951550453327,-2.6856214747833183,2.1831635374254996,-0.42124823581980453,-0.05645423953843765,-0.030494095603265315,-1.433568049777576,0.05052234635916952,-9.081761666113982,-0.2658951550453327,-2.6856214747833183,2.1831635374254996,-0.42124823581980453,-0.05645423953843765,0.10000296522219353,0.10003691347775753,5.688060509254315,5.657715501974219,0.8657401431279415,0.9351783010783241
1.4617641626675435,0.8573817259099876,0.5296834106903509,0.9206775137926718,0.029798218805661626,-9.832104313442514,-0.2656012440399986,-2.7296520608919335,1.9228616994370036,-0.4288693340290633,-0.13342963613311642,-0.031109882669594847,-1.2076419099839295,0.050956734788724,-9.832104313442514,-0.2656012440399986,-2.7296520608919335,1.9228616994370036,-0.4288693340290633,-0.13342963613311642,0.10000319067638432,0.10006254857286417,5.9746805198018285,5.944335644709597,0.8450198806488359,0.9339651632207597
1.4904262050727894,0.9124948694786743,0.5173911396521003,0.9168531479037079,0.0283115447399831,-10.566564678542685,-0.26506862782226054,-2.74292868661404,1.6410535086723126,-0.4364820081486238,-0.21166703925396815,-0.03172618211458864,-0.9700966101014405,0.05139075717778865,-10.566564678542685,-0.26506862782226054,-2.74292868661404,1.6410535086723126,-0.4364820081486238,-0.21166703925396815,0.10000345646302712,0.12253672824755954,6.261300473505359,6.23095573935695,0.8196888234713949,0.9328000003523085
1.5190882474780354,0.9595308147335178,0.5048806738254175,0.9107863382488177,0.026377863864556816,-11.48667616961667,-0.26905834563586023,-2.581523056446082,1.3381941837781501,-0.4440794163995657,-0.29028497758426697,-0.032798029107765435,-0.7213871892391964,0.05150270341055009,-11.48667616961667,-0.26905834563586023,-2.581523056446082,1.3381941837781501,-0.4440794163995657,-0.29028497758426697,0.10000376012479602,0.40899832173952744,6.547920334943242,6.517575759642294,0.7887685963002408,0.9316744366134329
1.5477502898832813,0.9978861931754207,0.4921524507612762,0.9024661779116915,0.02395975515483547,-12.37068583027041,-0.27159345298369186,-2.377801496395223,1.008962584309271,-0.4517911781116659,-0.36427670089824615,-0.03967649638643181,-0.46686472541045915,0.047509364548577765,-12.37068583027041,-0.27159345298369186,-2.377801496395223,1.008962584309271,-0.4517911781116659,-0.36427670089824615,0.10000409134985055,0.6954282092358314,6.834540034599388,6.80419565302579,0.7512876494903497,0.9305806850210473
1.5764123322885273,1.0268051215521996,0.47920319285592355,0.8920252636633027,0.02109051811890844,-12.945218167024176,-0.26451485669559577,-2.2665361449950825,0.654393462460087,-0.4595756011780715,-0.43242934821918455,-0.05236093999843695,-0.20652858233919533,0.03941119486631338,-12.945218167024176,-0.26451485669559577,-2.2665361449950825,0.654393462460087,-0.4595756011780715,-0.43242934821918455,0.10000442734253384,0.6730964075828177,7.121159400067502,7.090815288106451,0.7065175282739985,0.929511383973925
1.6050743746937732,1.0455613747229466,0.46603081748654124,0.8796309553473713,0.017866064125191823,-13.23860004896187,-0.24657150187619298,-2.2002021101517863,0.28335707041167846,-0.4671571372174982,-0.4973929033200557,-0.06459270157094893,0.06587988460603862,0.03163306365832439,-13.23860004896187,-0.24657150187619298,-2.2002021101517863,0.28335707041167846,-0.4671571372174982,-0.4973929033200557,0.10000473161631915,0.38666449729439845,7.407777743606061,7.377434139062984,0.6544213836365812,0.928459336043097
1.6337364170990192,1.0536829670909125,0.4526411398097,0.8653746588603434,0.014379023747501767,-13.162530424622698,-0.21727824571812976,-2.210832670070458,-0.09608824557775889,-0.4742243800601988,-0.5604551895013373,-0.07101841871372529,0.35571399767197764,0.02795979131852299,-13.162530424622698,-0.21727824571812976,-2.210832670070458,-0.09608824557775889,-0.4742243800601988,-0.5604551895013373,0.10000496058340551,0.10022094008282068,7.499998017446058,7.499998485636837,0.5961981035378308,0.9274173609020742
1.6623984595042651,1.0509288817215172,0.43904890051881307,0.8493108684526158,0.010701637721219895,-13.084578887136772,-0.18619769978442194,-2.0769326313378267,-0.4733532507686355,-0.48045201835270923,-0.6238221692417996,-0.07102278716794587,0.6557080942733765,0.02795668940208509,-13.084578887136772,-0.18619769978442194,-2.0769326313378267,-0.4733532507686355,-0.48045201835270923,-0.6238221692417996,0.10000508306215596,0.10003812635744676,7.499997992714032,7.499998441412368,0.5345482637159837,0.9263782675146284
1.691060501909511,1.0373616107753256,0.4252781643951017,0.8314308509844747,0.006969895890584429,-12.626367917008222,-0.15098359040830264,-2.0239739763780116,-0.8483840056865356,-0.4857888247196896,-0.6833513003940435,-0.07102344786647496,0.9557058926624874,0.02795620942761432,-12.626367917008222,-0.15098359040830264,-2.0239739763780116,-0.8483840056865356,-0.4857888247196896,-0.6833513003940435,0.10000509461358299,0.10002122834592078,7.250598813570357,7.384136879112321,0.4732700825170878,0.9253347918682472
1.719722544314757,1.0130451924284058,0.41135446450099133,0.8118446070349006,0.0033251626254924217,-11.929168993709599,-0.11493286765700236,-1.9951037118618904,-1.2102814983480628,-0.49011632279046863,-0.741362528332104,-0.06831693353015399,1.248300130330385,0.026042241366114983,-11.929168993709599,-0.11493286765700236,-1.9951037118618904,-1.2102814983480628,-0.49011632279046863,-0.741362528332104,0.10000501662837745,0.10001395227993858,6.963980543371691,7.09751816428237,0.416133155459373,0.9242795691781917
1.748384586720003,0.9783560528004691,0.3973067296736677,0.7905956428101855,4.602112484362614e-05,-11.190135181026472,-0.08163160607218031,-1.8931964021018206,-1.5521958459051128,-0.49341053351701014,-0.7985462755243529,-0.06561028230015856,1.529274897000391,0.024128382832484238,-11.190135181026472,-0.08163160607218031,-1.8931964021018206,-1.5521958459051128,-0.49341053351701014,-0.7985462755243529,0.11944930600318765,0.10001014182616237,6.677361226005372,6.8108986221111785,0.36580853181099715,0.9232049111377564
1.777046629125249,0.9338669496438902,0.3831645760388081,0.7677076755985551,-0.0028148900066585743,-10.74972810677354,-0.052431671452154764,-1.4748120996495822,-1.8729279749841288,-0.4957502620718593,-0.8528091510828538,-0.06250941903436262,1.7982359434924535,0.02249323865153125,-10.74972810677354,-0.052431671452154764,-1.4748120996495822,-1.8729279749841288,-0.4957502620718593,-0.8528091510828538,0.4060648391406618,0.2816630674096726,6.390741565352375,6.524278808642493,0.3233724967032237,0.9221027725176767
1.8057086715304949,0.8801850086029237,0.3689553610048926,0.7432644235466366,-0.005250887727947684,-10.306195036109377,-0.023954674227870194,-0.932146681699519,-2.1810371378253373,-0.49725306086239884,-0.8950802780227793,-0.057280947332451516,2.0460854309063428,0.02236231801492142,-10.306195036109377,-0.023954674227870194,-0.932146681699519,-2.1810371378253373,-0.49725306086239884,-0.8950802780227793,0.6926828591426639,0.5682755835165435,6.104121737709393,6.237658863294691,0.28859745015283567,0.9209646500152139
1.8343707139357408,0.8176720296711576,0.3547030726883162,0.7176095946618484,-0.007279248887637675,-9.7682647064645,0.003631759042226354,-0.3434596749247748,-2.4764337369870404,-0.49793965075092195,-0.9217975057415595,-0.052052366451463244,2.270695752396774,0.022231477941579664,-9.7682647064645,0.003631759042226354,-0.3434596749247748,-2.4764337369870404,-0.49793965075092195,-0.9217975057415595,0.9793017078784657,0.8548924451247201,5.817501813985874,5.951038842287675,0.26054913305120175,0.9197813704216984
1.8630327563409868,0.7466923808878534,0.34043110530323983,0.6911889954632339,-0.008939809554368,-9.132015357963114,0.030288935991559934,0.2716518214036924,-2.7564121542293942,-0.497835557119248,-0.9316417615087446,-0.0468237472629838,2.472066799599845,0.022100667739977892,-9.132015357963114,0.030288935991559934,0.2716518214036924,-2.7564121542293942,-0.497835557119248,-0.9316417615087446,1.2659209695618314,1.1415107018942054,5.530881830065872,5.6644187742280305,0.2380848850102872,0.9185426324915551
1.8916947987462327,0.667687978836995,0.32616212145424867,0.6644862397883722,-0.010281880860082221,-8.395450927061425,0.05591047665246686,0.8926892423062927,-3.018154365664691,-0.49696741435144814,-0.9238556654842087,-0.04159510941023968,2.6501985336908933,0.02196987314562526,-8.395450927061425,0.05591047665246686,0.8926892423062927,-3.018154365664691,-0.49696741435144814,-0.9238556654842087,1.5525404791785782,1.4281296190121855,5.244261807423904,5.377798675686737,0.2201071602780226,0.9172366422349403
1.9203568411514786,0.5811815104227355,0.31191802035008204,0.6380066495279372,-0.0113553879017957,-7.559105251983013,0.08033020050556285,1.498745352477342,-3.2587851361472877,-0.4953649058987376,-0.898269368566518,-0.03636646108592902,2.8050909348561066,0.021839088130099864,-7.559105251983013,0.08033020050556285,1.498745352477342,-3.2587851361472877,-0.4953649058987376,-0.898269368566518,1.8391601538572788,1.7147489088155699,4.957641760483281,5.091178557333793,0.20566910824182288,0.915849723195903
1.9490188835567246,0.48777807266089657,0.2977198504111417,0.6122604147947502,-0.012205890077012076,-6.626484309071897,0.10333344078881124,2.069109843336474,-3.475444531425343,-0.49306247828542527,-0.8553122657191461,-0.03113780640766528,2.936743991301123,0.02170830965364228,-6.626484309071897,0.10333344078881124,2.069109843336474,-3.475444531425343,-0.49306247828542527,-0.8553122657191461,2.125779944661729,2.0013684333490445,4.6710216996358085,4.804558426900135,0.19399957947237456,0.9143658316210314
1.9776809259619705,0.3881647341241032,0.2835876727500891,0.5877454183649812,-0.012872362079517394,-5.604317834854045,0.12467103497855694,2.5839615931266136,-3.665373105689659,-0.4901007308236564,-0.7960073516483231,-0.025909147742564354,3.045157695387256,0.021577535990360792,-5.604317834854045,0.12467103497855694,2.5839615931266136,-3.665373105689659,-0.4901007308236564,-0.7960073516483231,2.4123998202063883,2.2879881161754985,4.384401633126537,4.517938290480296,0.1844901088271918,0.9127659470751941
2.0063429683672163,0.283107654737778,0.2695403848203794,0.5649302218971496,-0.013386643199315268,-4.502600989379153,0.14407515562476503,3.025108848742176,-3.8260043011247222,-0.4865274043323951,-0.7219457348926003,-0.020680486588129814,3.1303320419520713,0.021446766090817825,-4.502600989379153,0.14407515562476503,3.025108848742176,-3.8260043011247222,-0.4865274043323951,-0.7219457348926003,2.699019759071411,2.574607910676286,4.097781568150081,4.231318153293767,0.17666856552339355,0.911027299543452
2.0350050107724624,0.17344655721628768,0.25559551572609,0.5442377826293716,-0.013773745681135032,-3.3344186869943853,0.16127602872723257,3.3767291486773336,-3.95505804161621,-0.4823979161123357,-0.6352399367894661,-0.015451823971117013,3.1922670274639233,0.02131599929500586,-3.3344186869943853,0.16127602872723257,3.3767291486773336,-3.95505804161621,-0.4823979161123357,-0.6352399367894661,2.9856397458818313,2.861227786352184,3.811161511594432,3.944698020189953,0.17017139183036262,0.909122381211789
2.063667053177708,0.060086515912274714,0.24176900619827596,0.5260305086236063,-0.014052507281991996,-2.115559654344115,0.1760184885608838,3.626056073534029,-4.050629291419688,-0.4777754157380061,-0.5384559827390452,-0.010223160653032318,3.2309626495589643,0.02118523518887845,-2.115559654344115,0.1760184885608838,3.626056073534029,-4.050629291419688,-0.4777754157380061,-0.5384559827390452,3.2722597691005326,3.147847722107143,3.5245414706501297,3.6580778960384994,0.16471917099823724,0.9070176737630522
2.0923290955829543,-0.05601279260632789,0.22807498697220918,0.5105972604129817,-0.014236294939897956,-0.8639427906626788,0.18807727738890292,3.7639605550276856,-4.111265551943326,-0.4727303663547668,-0.434525809795612,-0.004994497248665733,3.246418906779289,0.021054473528639244,-0.8639427906626788,0.18807727738890292,3.7639605550276856,-4.111265551943326,-0.4727303663547668,-0.434525809795612,3.558879819693169,3.4344677026310473,3.237921453424067,3.3714577860899633,0.160096781291462,0.9046719986029725
2.1209911379882,-0.17385006019535454,0.21452556916550136,0.49814286322644635,-0.01433360897721647,0.40110670537581217,0.19727004072181956,3.7853805975597368,-4.1360279168450065,-0.4673396874547828,-0.32664301275573426,0.00023416569650531704,3.2386357984312157,0.020923714201364248,0.40110670537581217,0.19727004072181956,3.7853805975597368,-4.1360279168450065,-0.4673396874547828,-0.32664301275573426,3.8454998902629,3.7210877162974443,2.951301469684933,3.0848376963741795,0.15613792469054466,0.9020343659539193
2.149653180393446,-0.29239706773724733,0.20113065922601794,0.4887806073434645,-0.014348519489401801,1.6596814640783402,0.20346710308129234,3.6895643462987207,-4.124531379446497,-0.46168552518232947,-0.21814627354848065,0.00546282764695114,3.2076133245269096,0.020792957208325764,1.6596814640783402,0.20346710308129234,3.6895643462987207,-4.124531379446497,-0.46168552518232947,-0.21814627354848065,4.132119974444257,4.007707753854156,2.664681531906398,2.7982176342111567,0.15271332620803557,0.899041156828494
2.178315222798692,-0.4106145610367105,0.18789780912535373,0.48252808960047194,-0.01428091011750571,2.892157738530896,0.2065973300691264,3.480106350149743,-4.0769615189438815,-0.4558537424457409,-0.11239582379798205,0.010691488021190517,3.1533514857963283,0.020662202666022783,2.892157738530896,0.2065973300691264,3.480106350149743,-4.0769615189438815,-0.4558537424457409,-0.11239582379798205,4.418740066430694,4.294327807541762,2.3780616568776227,2.511597608940242,0.14972183165196606,0.8956124664030002
2.206977265203938,-0.5274686049772361,0.1748321098287838,0.479306595732602,-0.014126526477720605,4.080040638992147,0.20664967145650665,3.1647740103587556,-3.9940663711994486,-0.449932241010489,-0.012648868015223316,0.015920146126318264,3.0758502837740447,0.020531450825704442,4.080040638992147,0.20664967145650665,3.1647740103587556,-3.9940663711994486,-0.449932241010489,-0.012648868015223316,4.70536016055357,4.580947870443009,2.0914418684081,2.2249776330565556,0.1470837223897666,0.8916470686181338
2.235639307609184,-0.6419467046779217,0.16193613285745379,0.47894405334117174,-0.013876839669664702,5.206728383716135,0.20367030897910443,2.755138680636607,-3.8771240733895285,-0.44400923936417247,0.07806001887270066,0.021148801065394345,2.97510972098565,0.020400702118660293,5.206728383716135,0.20367030897910443,2.755138680636607,-3.8771240733895285,-0.44400923936417247,0.07806001887270066,4.99198025083655,4.867567935935151,1.8048222022519511,1.9383577241210848,0.14473569737563075,0.8870161216049833
2.26430135001443,-0.7530729992798124,0.14920992121047683,0.4811814129122558,-0.013518749305522802,6.258142150660588,0.19775566846438503,2.2660417543281466,-3.727888603662858,-0.43817163233152384,0.15702792056944145,0.026377451585803395,2.8511298012928306,0.020269957246169777,6.258142150660588,0.19775566846438503,2.2660417543281466,-3.727888603662858,-0.43817163233152384,0.15702792056944145,5.278600330429339,5.154187997140677,1.5182027159402964,1.6517379082298436,0.14262709848215843,0.8815546418076025
2.2929633924196757,-0.8599219005200304,0.13665102730381481,0.4856821538304252,-0.013034174726948497,7.223179453665019,0.18904186566894304,1.7149386099437252,-3.5485174679625664,-0.43250355097611987,0.22197730542405367,0.0316060957982863,2.703910530530673,0.020139217360399555,7.223179453665019,0.18904186566894304,1.7149386099437252,-3.5485174679625664,-0.43250355097611987,0.22197730542405367,5.565220390760812,5.440808046257811,1.2315835109087363,1.3651182269213604,0.14071705996082087,0.8750504316908801
2.321625434824922,-0.9616296586625296,0.12425459218531779,0.49204447677149216,-0.012399628338164709,8.09396324804365,0.17769141033233496,1.1211711905358666,-3.3414863921609177,-0.4270852250059498,0.27113094858465514,0.036834730583864335,2.5334519177642596,0.02000848446087696,8.09396324804365,0.17769141033233496,1.1211711905358666,-3.3414863921609177,-0.4270852250059498,0.27113094858465514,5.851840420087686,5.727428073583969,0.9449647915365453,1.078498752685088,0.13897234478434983,0.8672298110723018
2.3502874772301676,-1.057403483331198,0.1120134573555432,0.49981564351720065,-0.011585944549037218,8.865874538154122,0.16387817388605072,0.5052225708750587,-3.1094968743189875,-0.42199222626795646,0.30326600479133503,0.04206335010876223,2.339753978105564,0.019877762407999815,8.865874538154122,0.16387817388605072,0.5052225708750587,-3.1094968743189875,-0.42199222626795646,0.30326600479133503,6.138460400678395,6.014048065862216,0.658347071849666,0.7918796302731094,0.13736569257981493,0.8577396689400869
2.378949519635414,-1.1465280146019088,0.09991829827156685,0.5085078666066,-0.010558465536019168,9.537371847187387,0.1477717295806926,-0.11199556008081797,-2.855382802346823,-0.41729514309874016,0.317746715541844,0.047291940963253475,2.1228167406482554,0.01974706029011146,9.537371847187387,0.1477717295806926,-0.11199556008081797,-2.855382802346823,-0.41729514309874016,0.317746715541844,6.425080302554543,6.30066800308797,0.37173241556664716,0.5052612212158916,0.1358745498673529,0.8461258261939507
2.4076115620406595,-1.2283691175659834,0.08795776718456755,0.5176151364415884,-0.009278166722833908,10.120672675578527,0.12966385671348207,-0.6998254455770394,-2.582022246028138,-0.4130597035192018,0.314536694049609,0.05252045503177222,1.8826402846594148,0.019616411446713767,10.120672675578527,0.12966385671348207,-0.6998254455770394,-2.582022246028138,-0.4130597035192018,0.314536694049609,6.71170006687518,6.5872878514224125,0.1000067204655317,0.21864497072584718,0.13448008715469928,0.8318089098271821
2.4362736044459057,-1.3023751486729302,0.07611863244640182,0.5266304005044448,-0.007704416276106161,10.95123135516957,0.11301657254441685,-0.9733892802723899,-2.2919430966310914,-0.40934327255965225,0.2944782674522102,0.05744713307624419,1.6195264604899178,0.019699158264309874,10.95123135516957,0.11301657254441685,-0.9733892802723899,-2.2919430966310914,-0.40934327255965225,0.2944782674522102,6.9983195478535,6.873907544381021,0.10000810117975346,0.10000449869026659,0.13316643221186997,0.8140615325599566
2.4649356468511514,-1.3680669188989811,0.06438601820999489,0.535070749093584,-0.005801359579695644,11.811959803077961,0.09381713523517211,-1.152119612758361,-1.9780584391395615,-0.40610398676488857,0.26657894262423126,0.059968914451451624,1.3423881354872513,0.021482160951287986,11.811959803077961,0.09381713523517211,-1.152119612758361,-1.9780584391395615,-0.40610398676488857,0.26657894262423126,7.284938164424911,7.160526917129642,0.10001017979838732,0.10000488933130654,0.1319200669693974,0.7919954964679241
2.4935976892563976,-1.4247621137616537,0.05274624852040017,0.542711446051426,-0.003547032798575495,12.552119018533414,0.07146995363738026,-1.3320443503292438,-1.6395035463746797,-0.4034149960564394,0.23355684142743569,0.062490646283187616,1.0536302201138898,0.023265176991917165,12.552119018533414,0.07146995363738026,-1.3320443503292438,-1.6395035463746797,-0.4034149960564394,0.23355684142743569,7.4999983907557874,7.447145312460219,0.10001346800568034,0.10000532897582126,0.13072934061779362,0.7645768895889827
2.5222597316616433,-1.471753633931396,0.041183550796518344,0.5494056621444551,-0.0009272393043152177,12.847170910129504,0.04510082626543584,-1.6866499044311,-1.2797341787897805,-0.40136652121458377,0.19537772977263054,0.06356182300888498,0.7547032615439092,0.02402273221820418,12.847170910129504,0.04510082626543584,-1.6866499044311,-1.2797341787897805,-0.40136652121458377,0.19537772977263054,7.499998482174251,7.499998152696466,0.10001899935220243,0.10000578858088228,0.12958385269269312,0.730736582029168
2.5509217740668895,-1.508433429231311,0.029679566545419856,0.5550055869202395,0.0019517915000187255,13.019957966514214,0.018042216700085715,-1.9664460636409682,-0.9115080213762061,-0.4000738394196522,0.1470348986890221,0.06356156190267453,0.4547050856787234,0.024022926263801203,13.019957966514214,0.018042216700085715,-1.9664460636409682,-0.9115080213762061,-0.4000738394196522,0.1470348986890221,7.499998544646228,7.499998219953725,0.1000289085099346,0.10000621251018446,0.1284741137877728,0.6896150395106942
2.5795838164721356,-1.5345591107927177,0.018212633194744192,0.5592199074215158,0.004958772881034207,13.121133916477966,-0.009138752390572082,-2.136845648937132,-0.5383294340254557,-0.39955671263950965,0.09067253822531543,0.06356110843212504,0.15470711663749379,0.02402325617382999,13.121133916477966,-0.009138752390572082,-2.136845648937132,-0.5383294340254557,-0.39955671263950965,0.09067253822531543,7.49999858171382,7.499998249335545,0.1000471861429241,0.10000652437162234,0.1273913434539038,0.6409637440704062
2.6082458588773814,-1.5499887318587473,0.0067605217537698575,0.5618187675571217,0.007995563431738977,13.155065996104057,-0.036611147403818184,-2.195191796073468,-0.16225093730645337,-0.39981864794805927,0.029426177622013817,0.06356029094784418,-0.14529047693817593,0.024023843661856777,13.155065996104057,-0.036611147403818184,-2.195191796073468,-0.16225093730645337,-0.39981864794805927,0.029426177622013817,7.499998595254579,7.499998241671386,0.10007564762367219,0.100006650786402,0.1263274716102256,0.5855541126528517
2.6369079012826275,-1.5546391751041155,-0.004699097288125554,0.5626621819079487,0.010949281426594805,13.123232557881252,-0.06454893301706108,-2.140614510780591,0.21480012211769026,-0.40086799820745217,-0.03349250272469218,0.06355889953634544,-0.44528749115101784,0.02402483752420285,13.123232557881252,-0.06454893301706108,-2.140614510780591,0.21480012211769026,-0.40086799820745217,-0.03349250272469218,7.499998586087458,7.499998195006782,0.1000911677899149,0.10000656118933138,0.12527493955770574,0.5254498295869833
2.6655699436878733,-1.5484825648953262,-0.01618879285165364,0.5617022183745963,0.013710038832362501,13.024206594064527,-0.09311442516164552,-1.973954645732435,0.590938770185587,-0.4027181024628005,-0.0948468866059705,0.06355719247212847,-0.7452841914516397,0.024026055627775163,13.024206594064527,-0.09311442516164552,-1.973954645732435,0.590938770185587,-0.4027181024628005,-0.0948468866059705,7.499998553907051,7.499998104257297,0.10007055690686611,0.10000628787997423,0.12422649648891657,0.46383362702775627
2.6942319860931194,-1.531545052805363,-0.027731516181802644,0.558983712888691,0.016189364216941504,12.50557496120689,-0.11912490507729652,-1.9175281490680511,0.9642391318793485,-0.4053869520653236,-0.15142445836798601,0.0635558988415105,-1.0452813125869056,0.024026983112502398,12.50557496120689,-0.11912490507729652,-1.9175281490680511,0.9642391318793485,-0.4053869520653236,-0.15142445836798601,7.220952757251469,7.367326366224459,0.10004509631635061,0.1000059013224375,0.12317501131269794,0.40428760341072295
2.722894028498365,-1.5039079899186394,-0.03935073419243239,0.5546435786417568,0.018333503859901595,11.788019105753564,-0.14272716141596167,-1.8670493543991125,1.3226744517194418,-0.4088013151461699,-0.206384731489828,0.0605880841343179,-1.336933366815403,0.021929861523094864,11.788019105753564,-0.14272716141596167,-1.8670493543991125,1.3226744517194418,-0.4088013151461699,-0.206384731489828,6.93433390619955,7.080708054171517,0.1000228135361221,0.1000057654400532,0.12211329118521326,0.34985051275773194
2.7515560709036113,-1.4659974386951213,-0.05106781482247225,0.5487281707160006,0.019960222745387213,11.160267051998453,-0.16582432043844414,-1.6515661872378031,1.660543155202399,-0.4128921670990545,-0.25989817925830316,0.05762070742324525,-1.61696625179884,0.01983241482161899,11.160267051998453,-0.16582432043844414,-1.6515661872378031,1.660543155202399,-0.4128921670990545,-0.25989817925830316,6.6477142937916485,6.794088722582583,0.28349542757364204,0.10000808626492246,0.12103389869214728,0.3023765740854672
2.780218113308857,-1.418402880364969,-0.06290214762465927,0.5412789580810533,0.02112392492154322,10.77007739704964,-0.19226730215452673,-1.1435878661967094,1.9804192027006469,-0.41764503080328225,-0.3072354393519845,0.0509343481287154,-1.8816604060294475,0.020364280757802222,10.77007739704964,-0.19226730215452673,-1.1435878661967094,1.9804192027006469,-0.41764503080328225,-0.3072354393519845,6.3610944311408275,6.507469057009798,0.5701011257180535,0.38661054168604386,0.11992917983532815,0.2623991899542403
2.808880155714103,-1.3616400211969997,-0.07487270720788324,0.5324729628899528,0.02189345625982017,10.287000222414674,-0.21649342234334665,-0.5758929264780596,2.289111617762663,-0.42315580437077743,-0.34001300326704076,0.044247919108773945,-2.1231158529963805,0.020896190341192424,10.287000222414674,-0.21649342234334665,-0.5758929264780596,2.289111617762663,-0.42315580437077743,-0.34001300326704076,6.074474446376192,6.220849229383725,0.8567153457375836,0.6732268501987563,0.11879117782034428,0.22949540567396814
2.837542198119349,-1.2960294069383451,-0.08700121681678444,0.5227274957719782,0.02234485359729171,9.706119555178294,-0.2382518419694779,0.03237359454126843,2.5839580543602856,-0.4293609480224391,-0.3565192707466377,0.03756152923774905,-2.341332133394791,0.021428067742386498,9.706119555178294,-0.2382518419694779,0.03237359454126843,2.5839580543602856,-0.4293609480224391,-0.3565192707466377,5.787854391100729,5.934229309063292,1.1433321991176466,0.9598449927984097,0.11761136665882584,0.20276921663498815
2.866204240524595,-1.2219678916108938,-0.0993075785161602,0.512508925315551,0.02254851895881639,9.023990998978345,-0.2572499891978121,0.6608720059166786,2.862155264641191,-0.4361897324200962,-0.35559137740708724,0.03087516276388098,-2.536309153360491,0.02195992473370389,9.023990998978345,-0.2572499891978121,0.6608720059166786,2.862155264641191,-0.4361897324200962,-0.35559137740708724,5.501234291486118,5.6476093313632285,1.4299502629058163,1.2464638576219609,0.11638023810698706,0.18120177828795953
2.894866282929841,-1.13993267604535,-0.1118096671235179,0.5023169501773695,0.02256337629570445,8.239345693486,-0.2731720007407793,1.288479689715409,3.1208012773184652,-0.44356304251923284,-0.3366494359490652,0.024188810055918244,-2.708046871656812,0.022491768498206288,8.239345693486,-0.2731720007407793,1.288479689715409,3.1208012773184652,-0.44356304251923284,-0.3366494359490652,5.214614162892335,5.360989317170964,1.7165689925843766,1.5330831062453132,0.11508705124708875,0.1638212047268584
2.923528325335087,-1.0504841374965026,-0.12452308985760409,0.49266788976849557,0.022435229171318877,7.353660270332706,-0.2856995833588889,1.8938329181574218,3.3569577529766406,-0.4513927099883908,-0.29971897644414586,0.01750246554812273,-2.8565452656792223,0.02302360318620928,7.353660270332706,-0.2856995833588889,1.8938329181574218,3.3569577529766406,-0.4513927099883908,-0.29971897644414586,4.927994015371546,5.074369280343477,2.0031881291953013,1.8197025908202515,0.11371953722979083,0.1497807312435614
2.9521903677403327,-0.9542668720280671,-0.13746092685271025,0.4840773317559967,0.022197474434569743,6.371551376430285,-0.29453376659029545,2.4559773096884223,3.567728675478688,-0.45958144356178426,-0.24543785703546905,0.010816125849848568,-2.9818043215538705,0.023555431301184558,6.371551376430285,-0.29453376659029545,2.4559773096884223,3.567728675478688,-0.45958144356178426,-0.24543785703546905,4.641373856140488,4.787749231044438,2.289807532339816,2.106322233275777,0.11226354901194258,0.13838012832547333
2.980852410145579,-0.8520084814410852,-0.15063346967674227,0.4770425814897935,0.021872797495913067,5.300968090810316,-0.29941610970271143,2.9550961392542168,3.7503503512171354,-0.468023382869572,-0.17504453123885963,0.004129788774110575,-3.083824030187633,0.024087254411150574,5.300968090810316,-0.29941610970271143,2.9550961392542168,3.7503503512171354,-0.468023382869572,-0.17504453123885963,4.354753690850169,4.501129177475894,2.5764271187601118,2.3929419871407056,0.1107026449617356,0.12905800270116197
3.0095144525508246,-0.7445157806399708,-0.1640479757231966,0.47202544771261895,0.02147503020207683,4.153165732302509,-0.3001478895969207,3.373273470860661,3.902286923424796,-0.47660526010268484,-0.09034544038397871,-0.002556547172114757,-3.1626043853978203,0.024619073520376882,4.153165732302509,-0.3001478895969207,3.373273470860661,3.902286923424796,-0.47660526010268484,-0.09034544038397871,4.068133524322545,4.214509126904817,2.8630468356788836,2.679561822311272,0.10901759493781554,0.1213722980030776
3.038176494956071,-0.6326682673633327,-0.17770845589882303,0.46943596286921274,0.021010769732407408,2.942457712652543,-0.2966058444294192,3.6952407468427753,4.021325135760065,-0.4852081116421567,0.006339466882318659,-0.009242883071814974,-3.218145382926802,0.025150889273158488,2.942457712652543,-0.2966058444294192,3.6952407468427753,4.021325135760065,-0.4852081116421567,0.006339466882318659,3.7815133610400817,3.9278890863707927,3.1496666478158724,2.966181717970105,0.10718579870691225,0.11497825916214392
3.0668385373613165,-0.5174088757968965,-0.19161551137007984,0.46961766493782037,0.020480608771839635,1.6857573996823656,-0.2887532137427246,3.909052219564136,4.105661983495755,-0.4937094409328364,0.11225261386591688,-0.01592921976664555,-3.2504470198876123,0.025682702069876294,1.6857573996823656,-0.2887532137427246,3.909052219564136,4.105661983495755,-0.4937094409328364,0.11225261386591688,3.4948932055307638,3.6412690632693825,3.436286530497285,3.2528016589068347,0.10518061075930253,0.1096080987149997
3.0955005797665627,-0.3997322179243353,-0.20576623230196706,0.47283505411654486,0.01987995543292909,0.4019378686010824,-0.2766451050860366,4.006636974965144,4.153979233570407,-0.5019856977897814,0.22429403434738285,-0.022615557964562893,-3.2595092944434363,0.026214512134195383,0.4019378686010824,-0.2766451050860366,4.006636974965144,4.153979233570407,-0.5019856977897814,0.22429403434738285,3.208273062737155,3.35464906593293,3.722906465738868,3.5394216334269446,0.10297057504417269,0.10505386661338305
3.1241626221718084,-0.28067068898122943,-0.22015416765884474,0.47926377924025304,0.01919947512801151,-0.8889478580585254,-0.26042761241880824,3.9841831906965095,4.165499593804526,-0.509914911522961,0.339132433226258,-0.029301898314740758,-3.245332205628139,0.02674631955106348,-0.8889478580585254,-0.26042761241880824,3.9841831906965095,4.165499593804526,-0.509914911522961,0.339132433226258,2.921652938446221,3.0680291043117305,4.009526439882936,3.8260416320612185,0.1005185915428298,0.10115370273458507
3.1528246645770546,-0.1612789629845695,-0.2347693704759831,0.4889840074223781,0.018425202455880012,-2.1665317045786066,-0.24033057846376826,3.8423229691437504,4.140020532600801,-0.5173792987936058,0.4533272607882674,-0.03598824146584332,-3.2079157532633684,0.027278124285738517,-2.1665317045786066,-0.24033057846376826,3.8423229691437504,4.140020532600801,-0.5173792987936058,0.4533272607882674,2.635032839876246,2.7814091908741356,4.296146442087596,4.112661646694028,0.09778106933604698,0.09778110340644242
3.1814867069823003,-0.04261751892057664,-0.24959851787760182,0.501977292594545,0.01753837241088505,-3.4110188125597953,-0.21665438553206376,3.586102271140291,4.077923309011859,-0.5242676640248115,0.563456084664514,-0.04267458811769268,-3.1472599379540966,0.027809926189169408,-3.4110188125597953,-0.21665438553206376,3.586102271140291,4.077923309011859,-0.5242676640248115,0.563456084664514,2.348412776578784,2.494789341892968,4.582766463292848,4.39928166990099,0.094774337542783,0.09483662088772128
3.2101487493875465,0.07426409188766196,-0.2646250998955802,0.5181270947866928,0.016515021259131443,-4.604035373773196,-0.18975162664499953,3.2247383880968794,3.980156543161179,-0.5304774212102139,0.6662411000294839,-0.04936093907319806,-3.0633647611629033,0.028341724992542398,-4.604035373773196,-0.18975162664499953,3.2247383880968794,3.980156543161179,-0.5304774212102139,0.6662411000294839,2.061792761960762,2.2081695793805576,4.869386495442748,4.685901694357136,0.0916323193302371,0.09224172129225613
3.238810791792792,0.18834350750726467,-0.27982966623733285,0.5372229254478552,0.015325418666772218,-5.729375741484895,-0.16000490353538693,2.7711850423621462,3.8481954860428407,-0.5359160903795773,0.7586686884549392,-0.05604729529488477,-2.956230225382096,0.028873520293243863,-5.729375741484895,-0.16000490353538693,2.7711850423621462,3.8481954860428407,-0.5359160903795773,0.7586686884549392,1.7751728161018592,1.9215499341293785,5.1560065308198455,4.972521712198733,0.08834453997211608,0.08993385581345709
3.2674728341980384,0.29864064971190046,-0.2951901159454459,0.5589679195678825,0.013933424364797413,-6.7735972093564145,-0.12780228278691957,2.241540645399502,3.6839798755848143,-0.5405021577097557,0.8380965116519046,-0.0627336579653937,-2.8258563344510037,0.02940531153723132,-6.7735972093564145,-0.12780228278691957,2.241540645399502,3.6839798755848143,-0.5405021577097557,0.8380965116519046,1.4885529715367198,1.634930450653263,5.442626561362098,5.259141714183228,0.08492729631533025,0.08786287904837185
3.296134876603284,0.404231037125985,-0.3106820117098498,0.5829894773245377,0.012295927648267334,-7.726423581759675,-0.0935120935878684,1.6543468057340962,3.4898347451341865,-0.5441652321584817,0.9023436446834258,-0.06942002853411518,-2.67224309412151,0.029937098015706126,-7.726423581759675,-0.0935120935878684,1.6543468057340962,3.4898347451341865,-0.5441652321584817,0.9023436446834258,1.2019332868287702,1.348311195439956,5.7292465778034245,5.545761688376916,0.08143869021822193,0.08598828495733431
3.3247969190085302,0.5042568285783217,-0.3262788986694367,0.6088524891325575,0.010362643023955485,-8.580933905027733,-0.05745876575731159,1.0298306924189098,3.2683796647928993,-0.5468454797503005,0.949760602982358,-0.07610640866514025,-2.495390513110033,0.030468878944535902,-8.580933905027733,-0.05745876575731159,1.0298306924189098,3.2683796647928993,-0.5468454797503005,0.949760602982358,0.9153138852950451,1.0616922709575114,6.015866568369458,5.832381617792861,0.07797589281046317,0.08427709538722374
3.353458961413776,0.5979352651270593,-0.34195260699915686,0.6360745678100692,0.008076718686363282,-9.333528743705369,-0.019901297684626486,0.3891458134389077,3.0224325733303834,-0.5484923653309897,0.979277653958691,-0.08279279970560695,-2.2952986052926923,0.031000653913076878,-9.333528743705369,-0.019901297684626486,0.3891458134389077,3.0224325733303834,-0.5484923653309897,0.979277653958691,0.6286950636746803,0.775073909891238,6.302486513216584,6.119001479905454,0.0746375823980539,0.08270223945647161
3.382121003819022,0.6845643557108514,-0.35767351843322737,0.6641426654543424,0.005376875881690992,-9.983681625280798,0.018984264490702972,-0.24633861737187812,2.7549145766877197,-0.5490627771691459,0.9904313677652996,-0.0894792017586349,-2.0719673961359724,0.031532423467077755,-9.983681625280798,0.018984264490702972,-0.24633861737187812,2.7549145766877197,-0.5490627771691459,0.9904313677652996,0.34207801197309556,0.4884566929075305,6.589106380211795,6.405621235702298,0.07147937544492063,0.08124130264360005
3.410783046224268,0.7635258341307051,-0.3734107790355915,0.6925304513167164,0.0022021100597697818,-10.567429369136468,0.05930767803758904,-0.8268129247261431,2.4687618705834486,-0.5485186493752809,0.9833707998681358,-0.09616560271537505,-1.8253969484403336,0.03206419698332638,-10.567429369136468,0.05930767803758904,-0.8268129247261431,2.4687618705834486,-0.5485186493752809,0.9833707998681358,0.10000380315204736,0.20184293940420037,6.875726107568545,6.6922408076602204,0.06851064146746112,0.07987555498765889
3.439445088629514,0.8342855915538223,-0.389132443824054,0.7207158668826168,-0.00149977014128573,-11.397091036662127,0.10426971950881328,-1.1056358829915798,2.165877761890819,-0.5468187701924109,0.9596726527584288,-0.10194918198587292,-1.5564902306594086,0.0332342698857961,-11.397091036662127,0.10426971950881328,-1.1056358829915798,2.165877761890819,-0.5468187701924109,0.9596726527584288,0.10000441762561416,0.10000724242934432,7.16234554350694,6.978860002581591,0.06571702758963409,0.07858919062428346
3.4681071310347598,0.8963640718097163,-0.4048053866032933,0.748222045151133,-0.005756740853962913,-12.244166737954727,0.15420429477169845,-1.295448965160005,1.8392138553015616,-0.5438301870702662,0.9279828701953621,-0.10566852521033979,-1.2738996434308028,0.03586376458084991,-12.244166737954727,0.15420429477169845,-1.295448965160005,1.8392138553015616,-0.5438301870702662,0.9279828701953621,0.10000530227759993,0.1000078810329715,7.448964084843184,7.265478048625738,0.06307748516539978,0.0773687278247161
3.496769173440006,0.9490796973226857,-0.4203926704863541,0.7748199295280135,-0.010565942712792287,-12.786553851375094,0.20424216175179977,-1.5939992473196698,1.4882710290414023,-0.5394103770344488,0.8908526570221136,-0.10938787348702349,-0.9796894750734004,0.038493269900069495,-12.786553851375094,0.20424216175179977,-1.5939992473196698,1.4882710290414023,-0.5394103770344488,0.8908526570221136,0.10000662207866685,0.10000850672266705,7.499998332467897,7.499997809212058,0.06057144752091988,0.0762025108824857
3.5254312158452517,0.9917365846675696,-0.4358532735867452,0.8003535861604065,-0.01588002162530218,-13.011590675016338,0.25207905280287396,-1.9566319915646353,1.1217822803363284,-0.5335563795333798,0.8451653830015072,-0.1093879222956001,-0.6796911134128899,0.038493250389986924,-13.011590675016338,0.25207905280287396,-1.9566319915646353,1.1217822803363284,-0.5335563795333798,0.8451653830015072,0.10000868585232456,0.10000898481242378,7.499998430426425,7.499997873209071,0.058181032753838444,0.07508013623650907
3.554093258250498,1.0238891559560233,-0.4511460891625204,0.8245777522074409,-0.02135560466198745,-13.06814498015626,0.29731822929705853,-2.2659464875871427,0.7488435166493075,-0.5263312790324696,0.789084313887821,-0.10938793965047597,-0.3796927999935536,0.038493254091077136,-13.06814498015626,0.29731822929705853,-2.2659464875871427,0.7488435166493075,-0.5263312790324696,0.789084313887821,0.10001212426415491,0.10000914691012973,7.397940547200984,7.4943393563954075,0.05589122573313814,0.07399212067101953
3.5827553006557435,1.0453525405851194,-0.4662318186013564,0.8471945202734072,-0.026804080175240913,-12.649266093143883,0.33117829072683286,-2.6903241494769548,0.374283791070166,-0.5178095313365048,0.7241376595725807,-0.10743385754722769,-0.08187799097564401,0.03711180338112793,-12.649266093143883,0.33117829072683286,-2.6903241494769548,0.374283791070166,-0.5178095313365048,0.7241376595725807,0.10001838002064868,0.10000887727583727,7.1113217032133536,7.207721118937883,0.05368947075467803,0.0729297809380932
3.6114173430609897,1.056080278476369,-0.4810732973463638,0.8679497845793114,-0.03188399597099521,-12.165047925695829,0.36092316315169265,-3.000602254925221,0.011729989913235478,-0.5083172851239954,0.6470274747164155,-0.10547963087861938,0.20431707468220273,0.03573043749449662,-12.165047925695829,0.36092316315169265,-3.000602254925221,0.011729989913235478,-0.5083172851239954,0.6470274747164155,0.10003154527846513,0.1000082157606928,6.824702060047824,6.921101796808318,0.05156524600023053,0.07188512146482237
3.6400793854662354,1.0564164839446752,-0.49564270892790724,0.8864949134969917,-0.03640204835366895,-11.846361980465783,0.3941743601380106,-3.087761263423326,-0.33694512959490847,-0.49797249011670625,0.5610240856444727,-0.10352511743129869,0.4788922266806224,0.03434926515886856,-11.846361980465783,0.3941743601380106,-3.087761263423326,-0.33694512959490847,-0.49797249011670625,0.5610240856444727,0.3538791033397705,0.10000734326682426,6.538082153669973,6.634482119919494,0.04950974451635315,0.07085065966076673
3.6687414278714816,1.046758948351985,-0.5099156175562782,0.9025750096300972,-0.04022251873870013,-11.504706875118888,0.4263202846917394,-3.071364844806497,-0.6764860590269123,-0.48667464789137,0.47252254137495764,-0.09642504453652324,0.7367021865219564,0.036605996774966766,-11.504706875118888,0.4263202846917394,-3.071364844806497,-0.6764860590269123,-0.48667464789137,0.47252254137495764,0.6404305197957688,0.10000644657165882,6.251462117937562,6.347862271219309,0.04751555653569564,0.06981942794473926
3.6974034702767273,1.0273694762415981,-0.5238647069516988,0.91611847074842,-0.04332632807348458,-11.114694731645395,0.4546265278013938,-2.980666847470651,-1.0062344553414948,-0.47445543781331895,0.38449095195113236,-0.08351649928560514,0.9770840353133499,0.04296931298613222,-11.114694731645395,0.4546265278013938,-2.980666847470651,-1.0062344553414948,-0.47445543781331895,0.38449095195113236,0.9269907204588945,0.10000564131790733,5.96484200629656,6.061242324455311,0.045576504652565325,0.0687847922496627
3.7260655126819735,0.9985287416129809,-0.5374635688297037,0.927138766717676,-0.045748465941283054,-10.678256298717468,0.4770940370788175,-2.829506162432711,-1.3248043070612792,-0.4614249129949258,0.2990589523730181,-0.06479930592366065,1.200037589617307,0.05343933868608169,-10.678256298717468,0.4770940370788175,-2.829506162432711,-1.3248043070612792,-0.4614249129949258,0.2990589523730181,1.2135156676547574,0.10000498194229178,5.678221845401168,5.774622317179621,0.04368755846039351,0.06774018368985697
3.7547275550872192,0.9605571443853381,-0.5506889492528012,0.9357104070922592,-0.04754012950587851,-9.744593075813988,0.470119603325203,-2.950057866833302,-1.6308649419092047,-0.44775042347288285,0.21795952675946748,-0.040274182230177785,1.4055635588461954,0.06801556672737437,-9.744593075813988,0.470119603325203,-2.950057866833302,-1.6308649419092047,-0.44775042347288285,0.21795952675946748,0.9467034146972352,0.10000444537059969,5.391601650471173,5.48800227160941,0.04184474118363335,0.0666789376411991
3.7833895974924654,0.9138132242631076,-0.5635223908773478,0.9419575722908657,-0.04874099081510897,-8.777738594441708,0.45162616720609094,-3.085757005520651,-1.9101648818700516,-0.43427583546683857,0.13340484308236228,-0.021157378514284016,1.604878186778152,0.07876810826355506,-8.777738594441708,0.45162616720609094,-3.085757005520651,-1.9101648818700516,-0.43427583546683857,0.13340484308236228,0.6601631905197105,0.10000401772281843,5.104981430985289,5.201382202731891,0.04004506077946021,0.06559414829031349
3.812051639897711,0.8590639974179367,-0.575969623289072,0.9457812275603569,-0.049365435067340514,-7.801497272511754,0.4256617610735069,-3.242474539624166,-2.1617527976861046,-0.42133130711105893,0.04496074493784537,-0.007848786596255927,1.7983813598727507,0.0854142397419014,-7.801497272511754,0.4256617610735069,-3.242474539624166,-2.1617527976861046,-0.42133130711105893,0.04496074493784537,0.3735829873582115,0.10000415182780806,4.818361193248775,4.914762121992517,0.03828646262879628,0.06447851884450888
3.8407136823029573,0.7971037470609986,-0.5880458390801468,0.9470698943383362,-0.04947362869634389,-7.14766977435599,0.4137606556553796,-3.1336203209508926,-2.385359643335248,-0.40913097166487844,-0.047975197814791946,-0.0003492281148494928,1.9860738765141976,0.08795338008069754,-7.14766977435599,0.4137606556553796,-3.1336203209508926,-2.385359643335248,-0.40913097166487844,-0.047975197814791946,0.29559137120791795,0.3340315991710301,4.531740942788021,4.628142034643006,0.03656767799172132,0.0633244565320199
3.869375724708203,0.7287344678119615,-0.599772368339305,0.945694827184168,-0.049165553557817536,-6.755759703126342,0.41754629107448415,-2.737560937577011,-2.5902264575065357,-0.39727174620686156,-0.13779115633582517,0.0008256493524161033,2.1589838298733914,0.08602096626739476,-6.755759703126342,0.41754629107448415,-2.737560937577011,-2.5902264575065357,-0.39727174620686156,-0.13779115633582517,0.5821952356081056,0.6206477377687445,4.24512068366214,4.341521945546419,0.03488816223790071,0.06212394285258111
3.898037767113449,0.6544932872477192,-0.6111589879754922,0.9417454512182021,-0.04858951840989152,-6.3049250836026465,0.42119724739304154,-2.333076786533238,-2.7838603285971963,-0.3853040167059315,-0.2162552440156005,0.0020002814659453713,2.308654819157188,0.08408837411561355,-6.3049250836026465,0.42119724739304154,-2.333076786533238,-2.7838603285971963,-0.3853040167059315,-0.2162552440156005,0.868809153499949,0.9072659886721696,3.9585004190752624,4.054901859487689,0.03324802690191621,0.060868394057395366
3.926699809518695,0.5747021644591844,-0.6222025880412292,0.9355471342438696,-0.047852402196771164,-5.796151188285536,0.42448148496988264,-1.9322956864952352,-2.9645723587053157,-0.3732316433401793,-0.2831259898059092,0.003174829367324463,2.4350865977134997,0.08215571730886083,-5.796151188285536,0.42448148496988264,-1.9322956864952352,-2.9645723587053157,-0.3732316433401793,-0.2831259898059092,1.1554259590573224,1.1938849423325801,3.671880151748295,3.76828178146795,0.03164806477487229,0.059548304533824856
3.955361851923941,0.4897314658005526,-0.6329001692296251,0.927432165118025,-0.047035988331155174,-5.2320403920497185,0.42716405680198255,-1.5470099515180544,-3.1307018898511734,-0.3610651370177307,-0.3385095307117075,0.004349337563548985,2.5382790928712056,0.08022302700463202,-5.2320403920497185,0.42716405680198255,-1.5470099515180544,-3.1307018898511734,-0.3610651370177307,-0.3385095307117075,1.4420440234879277,1.4805042453664798,3.385259884174091,3.481661717025318,0.03008977289318442,0.05815285632603427
3.984023894329187,0.39999915547545456,-0.6432490334978832,0.9177297905941857,-0.04620006757035294,-4.6169211848488105,0.4290223573288686,-1.1883030429046118,-3.2806628534340634,-0.34882174270767535,-0.38284999554345334,0.005523824770569547,2.6182322723010456,0.07829031603887028,-4.6169211848488105,0.4290223573288686,-1.1883030429046118,-3.2806628534340634,-0.34882174270767535,-0.38284999554345334,1.728662754168975,1.7671237555371297,3.098639618823373,3.1950416726372324,0.028575261354593318,0.056669666399521625
4.0126859367344325,0.3059686576530122,-0.6532469770792424,0.9067565277870706,-0.04538647912852906,-3.9568461948328855,0.4298598087277211,-0.8661619487844953,-3.412993244215879,-0.3365250857091167,-0.4169091877494659,0.006698300656144767,2.6749461187508783,0.07635759073560636,-3.9568461948328855,0.4298598087277211,-0.8661619487844953,-3.412993244215879,-0.3365250857091167,-0.4169091877494659,2.0152818800033754,2.05374340088826,2.8120193583456103,2.90842165627512,0.027107120427627262,0.05508448825132156
4.041347979139679,0.20814530055847857,-0.6628924733562661,0.8948070589686585,-0.04462301574983523,-3.259477704522513,0.4295174585990573,-0.5891026256379287,-3.526404537643216,-0.3242044256430518,-0.4417351582553353,0.007872770959289004,2.708420622137606,0.0744248544887106,-3.259477704522513,0.4295174585990573,-0.5891026256379287,-3.526404537643216,-0.3242044256430518,-0.4417351582553353,2.3019012581030647,2.3403631394663034,2.5253991058071397,2.6218016782306393,0.02568823795917513,0.05338086016205674
4.070010021544925,0.10707134416249683,-0.6721848343520157,0.8821460271308558,-0.04392671420376031,-2.5338691390945116,0.42788305815288213,-0.36383485930203324,-3.6198278258291943,-0.3118935780308921,-0.4586200426924091,0.009047239519514215,2.7186557763956745,0.0724921091420127,-2.5338691390945116,0.42788305815288213,-0.36383485930203324,-3.6198278258291943,-0.3118935780308921,-0.4586200426924091,2.5885208052615285,2.626982944175902,2.238778865024422,2.3351817524322525,0.024321568602635634,0.051539691958653475
4.098672063950171,0.0033196855188910375,-0.681124341311461,0.8690010400193101,-0.04330639497923535,-1.7901586981692084,0.42489724391804234,-0.1949911203844134,-3.6924536905432657,-0.29962957567362786,-0.4690482928582283,0.010221709243920974,2.705651578055061,0.07055935559029693,-1.7901586981692084,0.42489724391804234,-0.1949911203844134,-3.6924536905432657,-0.29962957567362786,-0.4690482928582283,2.8751404691242253,2.913602795993878,1.9521586410947576,2.0485618986863185,0.02300987068299073,0.049538782351676164
4.127334106355416,-0.1025135787388671,-0.6897123369152844,0.8555571579592992,-0.042764482464752146,-1.0391979721640539,0.42055655505580963,-0.08493984358915119,-3.7437632950623114,-0.28745115285057676,-0.4746371366193304,0.01139618266213225,2.6694080255973853,0.06862659403987917,-1.0391979721640539,0.42055655505580963,-0.08493984358915119,-3.7437632950623114,-0.28745115285057676,-0.4746371366193304,3.1617602144825803,3.2002226804995972,1.6655384413371208,1.7619421467817071,0.021755442023293558,0.047352260241478976
4.1559961487606625,-0.20981748105714654,-0.6979512740477245,0.8419530882224114,-0.0422982030552459,-0.2921434566104629,0.41491317608275863,-0.03369735617315755,-3.773548831407923,-0.2753971430357629,-0.4770716860181753,0.01257066233786457,2.609925119262442,0.06669382407714637,-0.2921434566104629,0.41491317608275863,-0.03369735617315755,-3.773548831407923,-0.2753971430357629,-0.4770716860181753,3.448380016093025,3.4868425858730703,1.3789182771471227,1.4753225447122125,0.020559896300796902,0.044949946651238346
4.184658191165909,-0.3179750976812269,-0.7058447186396991,0.8282792393274164,-0.04190027483381248,0.43995821106664,0.4080714803831795,-0.038945092646427475,-3.781922259549707,-0.26350488398838356,-0.47803752106975267,0.013745151304587961,2.5272028612451463,0.06476104457162256,0.43995821106664,0.4080714803831795,-0.038945092646427475,-3.781922259549707,-0.26350488398838356,-0.47803752106975267,3.7349998545601557,3.7734625015652603,1.0922981681473458,1.1887031772220562,0.01942402045826581,0.04229664034693122
4.213320233571155,-0.4263727138577843,-0.7133973067985635,0.8145777076272166,-0.041559200173391556,1.1465600535806295,0.4001816384709144,-0.09615061429348719,-3.769312158647578,-0.25180872191326936,-0.4791537669666585,0.014919653736482694,2.421241256462926,0.0628282533327947,1.1465600535806295,0.4001816384709144,-0.09615061429348719,-3.769312158647578,-0.25180872191326936,-0.4791537669666585,4.021619713714857,4.060082417228687,0.8056781532339681,0.9020842153849811,0.018347740695721124,0.03935134151764682
4.2419822759764,-0.5344088987875505,-0.7206146590640524,0.800844182039785,-0.04125926975008727,1.817950494322474,0.3914307236106531,-0.1987831771929815,-3.736449405771688,-0.24033869882161513,-0.48190963995082664,0.016094176368987162,2.292040314626836,0.06089544619248028,1.817950494322474,0.3914307236106531,-0.1987831771929815,-3.736449405771688,-0.24033869882161513,-0.48190963995082664,4.308239578654177,4.346702321604878,0.5190583292083607,0.6154660903050796,0.017330206821594234,0.03632234594768322
4.270644318381646,-0.6415031701008348,-0.7275032570412991,0.7870316675040179,-0.04098039304250259,2.4455105672688435,0.382031898546113,-0.3386074351982923,-3.6843432316127784,-0.22911949482277044,-0.4876071718049792,0.01726873264004366,2.1396000566789692,0.05896261413936828,2.4455105672688435,0.382031898546113,-0.3386074351982923,-3.6843432316127784,-0.22911949482277044,-0.4876071718049792,4.594859433911949,4.633322201049857,0.23243908252919215,0.32885053597624675,0.016369784709237393,0.03326841520420175
4.299306360786892,-0.7471039720408011,-0.734070289717778,0.7730558500686419,-0.040697891519358806,3.087298094232703,0.38027069682980036,-0.30460425962510895,-3.614249904031241,-0.21816968034648507,-0.4973123524713621,0.01844336326544751,1.9639205471334527,0.05702972882447797,3.087298094232703,0.38027069682980036,-0.30460425962510895,-3.614249904031241,-0.21816968034648507,-0.4973123524713621,4.88147926118552,4.919942037116917,0.1000011308161262,0.10000564423131272,0.015464247653322456,0.030357087133857374
4.327968403192139,-0.8506957560533008,-0.7403234783474079,0.7588018623334555,-0.04038242705654244,3.8249783649316176,0.3912495712747798,0.04089260369962999,-3.5257616351367074,-0.2072703455084769,-0.5060429326775544,0.01766380714729214,1.7692980929496616,0.05647845328524466,3.8249783649316176,0.3912495712747798,0.04089260369962999,-3.5257616351367074,-0.2072703455084769,-0.5060429326775544,5.168099035673996,5.206561801868397,0.10000110160242184,0.10000688822469428,0.01461088781926695,0.027802819062241878
4.356630445597384,-0.9517512855503785,-0.7462642697797218,0.7442976383381767,-0.04004287998594481,4.553991850575065,0.40171195161168943,0.3573836329460258,-3.416129943041888,-0.19605633370556483,-0.5048708671362536,0.016884277034651392,1.5630559915494684,0.05592715963919471,4.553991850575065,0.40171195161168943,0.3573836329460258,-3.416129943041888,-0.19605633370556483,-0.5048708671362536,5.454718718781802,5.49318144719631,0.10000108079226265,0.10000905993474113,0.013806531218765695,0.02564845025621849
4.38529248800263,-1.0496645468396755,-0.7518836447302077,0.7298270081351446,-0.03964475133686488,5.262526702554182,0.41195666570337136,0.6552509728246579,-3.2856032355075597,-0.18454244871377645,-0.4946275222938127,0.016104792130607528,1.3451942661812446,0.05537583511351563,5.262526702554182,0.41195666570337136,0.6552509728246579,-3.2856032355075597,-0.18454244871377645,-0.4946275222938127,5.741338240201539,5.779800874991344,0.10000109041604709,0.10001048506031586,0.013047627323663212,0.023804319360790024
4.413954530407876,-1.1438366461026064,-0.7571730082208099,0.715649973116358,-0.03915411710363133,5.939283652400208,0.42226623382969447,0.9463306274115586,-3.1347684720002116,-0.1727349292922627,-0.47584669112463274,0.015325337816837774,1.1157129100153647,0.05482449164398801,5.939283652400208,0.42226623382969447,0.9463306274115586,-3.1347684720002116,-0.1727349292922627,-0.47584669112463274,6.027957411052618,6.066419860039324,0.10000110786131493,0.1000125226630364,0.012330419384108142,0.022186013509641715
4.442616572813122,-1.2336855129777045,-0.7621239440890519,0.7020112350769483,-0.03853918296582051,6.573295199910318,0.43288866074909654,1.2435194057864265,-2.964536472098332,-0.16063191659193246,-0.4487229225523787,0.01454592821829777,0.8746119517060541,0.054273121886289244,6.573295199910318,0.43288866074909654,1.2435194057864265,-2.964536472098332,-0.16063191659193246,-0.4487229225523787,6.314575488234237,6.3530375017351535,0.10000113325113275,0.10001555871899113,0.011651126635264698,0.02073652300677461
4.471278615218368,-1.318655183052885,-0.7667279828940458,0.6891499196425467,-0.03777250175873097,7.086928618437774,0.439877491069341,1.454325645701814,-2.776132406336301,-0.1482244434407917,-0.41308111661198105,0.013766588473896835,0.6218914610520627,0.05372171522362632,7.086928618437774,0.439877491069341,1.454325645701814,-2.776132406336301,-0.1482244434407917,-0.41308111661198105,6.509622124651814,6.60587666950359,0.10000116696208756,0.10002037051414975,0.011006064828364085,0.01941791607100108
4.499940657623614,-1.3982248078058734,-0.7709763981774397,0.6773101711614082,-0.03683368403388789,6.9730861651674845,0.41441247001996506,0.8469390776145108,-2.5730065577516865,-0.1356166561386491,-0.3713971732838397,0.011815880246728725,0.36009234024942677,0.052342014093994936,6.9730861651674845,0.41441247001996506,0.8469390776145108,-2.5730065577516865,-0.1356166561386491,-0.3713971732838397,6.223003816928438,6.319258876001529,0.10000120890750513,0.10002862603705243,0.010391718343143053,0.018203945969476713
4.52860270002886,-1.4719724308731281,-0.7748634485265433,0.6666651696315589,-0.03576310358516159,6.799117239354984,0.39298482136109886,0.3505215904474735,-2.3731436663902223,-0.12373874834967416,-0.3471221695265934,0.00986532808693901,0.10991298978903274,0.050962187886093906,6.799117239354984,0.39298482136109886,0.3505215904474735,-2.3731436663902223,-0.12373874834967416,-0.3471221695265934,5.9363844098372525,6.032639738489112,0.10000125918875814,0.16284408549803742,0.009804779146542512,0.017075645502754224
4.557264742434106,-1.5399915752729454,-0.7784100537789137,0.6567159392887871,-0.034579260179115924,6.67107495388927,0.38024607761857887,0.09152097483088013,-2.1782670797575907,-0.11247500073520438,-0.3370755048372344,0.00918805046387785,-0.12737342695305223,0.04868214885404766,6.67107495388927,0.38024607761857887,0.09152097483088013,-2.1782670797575907,-0.11247500073520438,-0.3370755048372344,5.649764642653394,5.746020157729494,0.10000131878846269,0.44941985372222804,0.00924218080743172,0.016018778221176453
4.5859267848393515,-1.6024251586829086,-0.7816338170195162,0.6470546668753732,-0.03329164262179405,6.475699481486761,0.36816168390580195,-0.12228949552547692,-1.9870604465406425,-0.10157637153407224,-0.334452326775663,0.014319711857513271,-0.34723123052079596,0.04229518459389747,6.475699481486761,0.36816168390580195,-0.12228949552547692,-1.9870604465406425,-0.10157637153407224,-0.334452326775663,5.363144699590254,5.459400358832042,0.10000138923853392,0.7360109939116628,0.008701231880510769,0.015022296773030382
4.614588827244598,-1.6593783694634432,-0.7845452032877968,0.6374685801027964,-0.031850076295394776,6.371206828042822,0.36305336878143396,-0.07007708816571347,-1.80145367339864,-0.09102410573797742,-0.33795739348213105,0.0252606244970832,-0.5496601011148714,0.03180107557078854,6.371206828042822,0.36305336878143396,-0.07007708816571347,-1.80145367339864,-0.09102410573797742,-0.33795739348213105,5.076524654013039,5.172780431849301,0.3724100267284351,1.0226046409497267,0.008179579180066154,0.01407742439231061
4.643250869649844,-1.711011711041481,-0.7871541400663583,0.6277820309596456,-0.030202016292771975,6.2170294046732,0.3545534737479435,0.029325234568959017,-1.6188418731206842,-0.08061825468659659,-0.33996594595477364,0.03648906750866765,-0.7291382110401595,0.021103679175505475,6.2170294046732,0.3545534737479435,0.029325234568959017,-1.6188418731206842,-0.08061825468659659,-0.33996594595477364,4.789904542461957,4.886160421881946,0.6590289712790361,1.3091958175520308,0.00767515159752116,0.013177048515860856
4.67191291205509,-1.7574110254562538,-0.7894648239008224,0.6180379126003507,-0.028375371856182108,6.0101548023834095,0.341979805351046,0.15743230619943843,-1.4406491126892802,-0.07045602798710579,-0.3391254248380151,0.04771694559966606,-0.8853775617922153,0.010406679267479664,6.0101548023834095,0.341979805351046,0.15743230619943843,-1.4406491126892802,-0.07045602798710579,-0.3391254248380151,4.503284385783755,4.599540354830818,0.9456486328151302,1.595779188006501,0.007186136203187022,0.012315301428168798
4.700574954460335,-1.7987029714152336,-0.791484237562694,0.6083178852929468,-0.02639372664653072,5.755442064858857,0.3252638027875052,0.3071344624473301,-1.2683858008812745,-0.06065418830439637,-0.33461309340177187,0.05894408624694776,-1.0183782949978413,-0.0002898018367334286,5.755442064858857,0.3252638027875052,0.3071344624473301,-1.2683858008812745,-0.06065418830439637,-0.33461309340177187,4.2166641970427605,4.312920247047912,1.2322685315516557,1.8823438465762423,0.006710926372343412,0.011487270127896831
4.729236996865581,-1.8350574990263044,-0.7932227104799304,0.5987271906205152,-0.024270702559701134,5.457882907928611,0.30440524237621963,0.4712256236389442,-1.103423076357354,-0.05133146339600935,-0.3258099924149948,0.07017010552476197,-1.128140783666757,-0.010985492453157199,5.457882907928611,0.30440524237621963,0.4712256236389442,-1.103423076357354,-0.05133146339600935,-0.3258099924149948,3.930043985044737,4.02630010964643,1.5188885472723266,2.1688537847338853,0.006248105617219042,0.010688784865922856
4.757899039270828,-1.866683858031786,-0.7946939750605101,0.589388810801864,-0.022009959589702345,5.122687892180359,0.2794636989586715,0.6424562191806843,-0.9469890050074373,-0.04260658743064298,-0.3123037036078177,0.08139389199786007,-1.214666133548782,-0.02167960661473589,5.122687892180359,0.2794636989586715,0.6424562191806843,-0.9469890050074373,-0.04260658743064298,-0.3123037036078177,3.64342375611068,3.739679950678015,1.8055086316182376,2.455007039329707,0.005796434565559361,0.009916265753388106
4.786561081676074,-1.8938264970506107,-0.79591516687619,0.5804375488057417,-0.019605973994643443,4.522191889550155,0.23826511475193152,0.29263619252128525,-0.8001623074129242,-0.034596587040362656,-0.2938895962101476,0.09260821432707465,-1.277961572514398,-0.032367031631947145,4.522191889550155,0.23826511475193152,0.29263619252128525,-0.8001623074129242,-0.034596587040362656,-0.2938895962101476,3.356803515062473,3.45305977634872,2.092128760113168,2.1691527758751565,0.005354839604455826,0.00916660936884638
4.815223124081319,-1.9167607830367592,-0.7969067757210176,0.5720140727367062,-0.017045399843500633,4.0200344145163465,0.2007568189434444,0.1319591527181804,-0.6705470517099785,-0.027767422217652007,-0.2855020452507936,0.09221837314124415,-1.3296217976538365,-0.03485031495632181,4.0200344145163465,0.2007568189434444,0.1319591527181804,-0.6705470517099785,-0.027767422217652007,-0.2855020452507936,3.0701832658117256,3.1664395917591164,2.378748918463919,2.1104630067950065,0.004922403292829709,0.008437103750231465
4.843885166486565,-1.9359800310675832,-0.7977026467541044,0.5638310010089438,-0.014543451146039919,3.638489060747395,0.1708491337137352,0.2782434968961226,-0.5553246548505633,-0.022013321759952728,-0.2817198264198256,0.08482903433426979,-1.3650421415302962,-0.03238495531586822,3.638489060747395,0.1708491337137352,0.2782434968961226,-0.5553246548505633,-0.022013321759952728,-0.2817198264198256,2.783563011767333,2.8798194014215768,2.665369097379285,2.3969395592106553,0.004498356540172819,0.007725364447640117
4.872547208891811,-1.9518967698735885,-0.7983335935158684,0.5557563353977004,-0.012241627552836976,3.2412516494328836,0.14330134267400493,0.41316664748121484,-0.45103812710039815,-0.01711643664455012,-0.27374479951280584,0.07743678290014272,-1.377226018121753,-0.029917538273986174,3.2412516494328836,0.14330134267400493,0.41316664748121484,-0.45103812710039815,-0.01711643664455012,-0.27374479951280584,2.496942756170937,2.5931992096965453,2.9519892902256353,2.6835101621128175,0.004082111460961005,0.007029285615007328
4.9012092512970575,-1.9648244437989228,-0.7988241855488013,0.5479102503458491,-0.0101407955727611,2.8353955631382943,0.1181531459813005,0.5333754128474336,-0.3581372348782797,-0.013009127484099112,-0.2619025995422668,0.07004352497395983,-1.366171520665424,-0.02744941147290441,2.8353955631382943,0.1181531459813005,0.5333754128474336,-0.3581372348782797,-0.013009127484099112,-0.2619025995422668,2.210322502423811,2.306579021231412,3.23860949180026,2.9701051951156305,0.003673232969482983,0.006347001093464869
4.929871293702303,-1.9750893884119016,-0.7991970537124058,0.5404035869317247,-0.0082400290762206,2.428392122846234,0.09543804411830858,0.6366414088323018,-0.2768690070119639,-0.009622617003669866,-0.24661497084131895,0.06264975555287751,-1.3318781538852746,-0.024980924916044,2.428392122846234,0.09543804411830858,0.6366414088323018,-0.2768690070119639,-0.009622617003669866,-0.24661497084131895,1.9237022544933373,2.019958841520241,3.5252296975777115,3.256710049592104,0.0032714121193348463,0.005676850697790679
4.958533336107549,-1.9830250196315766,-0.7994728575690143,0.5333350981797025,-0.0065376835321873,2.0279868089119577,0.07517984912584641,0.721851957359142,-0.20726632901038006,-0.006887167736077174,-0.22836752778443284,0.055255673575257604,-1.2743457189083691,-0.022512219337016064,2.0279868089119577,0.07517984912584641,0.721851957359142,-0.20726632901038006,-0.006887167736077174,-0.22836752778443284,1.637082017547169,1.7333386777925721,3.8118499031394615,3.543319742316265,0.002876466660731967,0.005017353653972367
4.987195378512795,-1.9889656959428519,-0.7996702578627178,0.5267896184143641,-0.005032213688204658,1.6420820590873748,0.05739045639848017,0.7889807901838809,-0.14914008509606627,-0.004732359712412174,-0.2076777763722962,0.04786137701631623,-1.193574118213543,-0.020043364147585604,1.6420820590873748,0.05739045639848017,0.7889807901838809,-0.14914008509606627,-0.004732359712412174,-0.2076777763722962,1.3504617991334982,1.4467185406815204,4.098470103597776,3.8299321022557224,0.002488344383323853,0.004367189486141136
5.015857420918041,-1.9932403553861973,-0.7998058969574718,0.5208371491813543,-0.0037227446117958987,1.2786255598193312,0.042068781378785725,0.8390063047706171,-0.1020746594856105,-0.0030874320174625173,-0.1850639755071222,0.04046691988058344,-1.0895632987544763,-0.017574397760662715,1.2786255598193312,0.042068781378785725,0.8390063047706171,-0.1020746594856105,-0.0030874320174625173,-0.1850639755071222,1.0638416117620333,1.1600984478837282,4.385090292806694,4.116546013581881,0.0021071310005749285,0.003725185768480531
5.044519463323287,-1.9961660236048748,-0.7998943890648796,0.5155328376676859,-0.0026094044637853192,0.9455142272815558,0.02920102157838438,0.8737740245842868,-0.06542663946963759,-0.0018816548216467408,-0.16101634122151892,0.03307233357397618,-0.962313230839769,-0.015105342760606214,0.9455142272815558,0.02920102157838438,0.8737740245842868,-0.06542663946963759,-0.0018816548216467408,-0.16101634122151892,0.777221479717619,0.8734784338325956,4.671710461976077,4.403160810291037,0.001733066162674249,0.0030903131485368203
5.073181505728533,-1.9980412847197864,-0.7999483211351698,0.5109177804676572,-0.0016934314909231966,0.6505231692434124,0.018762291495585927,0.8958043877504236,-0.03832627059253036,-0.0010446939028905863,-0.13597219307628255,0.025677635974857414,-0.8118238996464476,-0.012636212458672507,0.6505231692434124,0.018762291495585927,0.8958043877504236,-0.03832627059253036,-0.0010446939028905863,-0.13597219307628255,0.49060146283469475,0.586858583462152,4.958330596703407,4.689776008980463,0.0013665753156976146,0.002461689686170804
5.101843548133779,-1.9991397939127442,-0.799978264196115,0.5070205397037706,-0.0009770715121298554,0.4012659005483876,0.010719541696857094,0.9080487375824862,-0.019680947930080753,-0.0005069283084245171,-0.11029660972777541,0.018282834946095436,-0.638095303376627,-0.01016701380456884,0.4012659005483876,0.010719541696857094,0.9080487375824862,-0.019680947930080753,-0.0005069283084245171,-0.11029660972777541,0.20398179903857563,0.30023923465513486,5.244950669189525,4.976391124899304,0.0010083357797341964,0.0018386002520436515
5.130505590539025,-1.9997038900768918,-0.7999927937967873,0.5038592135985983,-0.00046328907087894445,0.21033437938958677,0.005161842923733376,1.1825642463062287,-0.008179847672783704,-0.00019968434974439698,-0.08427007830515701,0.010887927061907363,-0.4411274622936419,-0.00769774863190992,0.21033437938958677,0.005161842923733376,1.1825642463062287,-0.008179847672783704,-0.00019968434974439698,-0.08427007830515701,0.1000006575265063,0.10000094392224412,5.53157061113547,5.2630053556966825,0.000659428612243939,0.0012205476954811436
5.159167632944271,-1.9999383412177574,-0.7999985171580875,0.5014438610407225,-0.00015532844299028368,0.07505518068191072,0.0018050140406488109,1.7575639243831658,-0.0021512347714382906,-5.173538897513188e-05,-0.05037537173060048,0.0054440536894540086,-0.22637347380272935,-0.003848938366272195,0.07505518068191072,0.0018050140406488109,1.7575639243831658,-0.0021512347714382906,-5.173538897513188e-05,-0.05037537173060048,0.10000058125469617,0.1000008461406266,5.818190151268606,5.549615978644145,0.0003217664102362953,0.0006073973332415931
