6.321441337863336e-29,-2.0,0.8,0.5,-5.972469419110114e-16,-4.1095550632191316e-18,3.1595595842628897e-18,-1.1968613488419343e-18,-1.288215811302442e-16,4.934275009639079e-17,3.330133070224399e-18,-1.8398500883648042e-16,-8.039614133335093e-17,-2.543510348912434e-16,-4.1095550632191316e-18,3.1595595842628897e-18,-1.1968613488419343e-18,-1.288215811302442e-16,4.934275009639079e-17,3.330133070224399e-18,0.10000135471526611,0.10000031604833916,2.521015734942242,7.0889825942941505,1.0000000040852723,1.0000000028657894
0.028976503558636537,-2.0000000000000004,0.8000000000000002,0.49999999999999994,-1.2170624382813691e-15,-2.1286632542986634e-14,2.013706421828117e-14,5.389998355371091,-2.708570871547548e-16,1.5847458603696432e-16,-3.800881284658147e-17,0.09360943285196587,0.19283507896817145,-0.06618183892940468,-2.1286632542986634e-14,2.013706421828117e-14,5.389998355371091,-2.708570871547548e-16,1.5847458603696432e-16,-3.800881284658147e-17,0.10000364971315949,0.10000042076235965,7.4999973180592745,7.4999969668362985,1.0000000122558168,1.0000000085973684
0.057953007117273074,-2.0000000000000004,0.8000000000000002,0.49999999999999994,0.0027124740641551333,0.08485283137060079,-0.041392343410495455,5.389702501629277,-8.876692710453226e-16,7.419762994943995e-16,0.15618330652545548,0.09360949182402409,0.49612501469372206,-0.06618178705894583,0.08485283137060079,-0.041392343410495455,5.389702501629277,-8.876692710453226e-16,7.419762994943995e-16,0.15618330652545548,0.10000362845933243,0.10000047830554133,7.499996432676838,7.499995166712944,0.9991995615315595,0.9993273657340278
0.08692951067590961,-2.0000000000000004,0.8000000000000002,0.5045256461373344,0.005414452055794957,0.3031863705395558,-0.08345085221209289,5.386737332497021,0.002458738370169712,-0.001199405386133785,0.3123580402439085,0.09360953043593005,0.7994148946426767,-0.06618172307712111,0.3031863705395558,-0.08345085221209289,5.386737332497021,0.002458738370169712,-0.001199405386133785,0.3123580402439085,0.10000367761116127,0.10000055168369547,7.49999507541087,7.499991207558568,0.9983991108114848,0.9986511782084964
0.11590601423454615,-1.9999287543588677,0.7999652454255607,0.5135766900020308,0.008091134787782011,0.6548515794232059,-0.12664570023915386,5.375335880631846,0.011244019315039247,-0.0036175193022287464,0.4684468537284487,0.09360951523197827,1.1027046631335242,-0.06618162174947914,0.6548515794232059,-0.12664570023915386,5.375335880631846,0.011244019315039247,-0.0036175193022287464,0.4684468537284487,0.10000379928029632,0.10000064800097372,7.49999277665219,7.499979602761611,0.9975984583624683,0.9979726313772325
0.14488251779318267,-1.9996029419931722,0.7998604223646263,0.5271506419261252,0.010731987228112272,1.1393152057667681,-0.1713862870324231,5.346181493413618,0.030219328436574527,-0.007287268885894604,0.6242052930024441,0.09360930984284752,1.405994142237587,-0.06618138522630741,1.1393152057667681,-0.1713862870324231,5.346181493413618,0.030219328436574527,-0.007287268885894604,0.6242052930024441,0.1000040071127026,0.10000077921887696,7.499988112877576,7.499916635349515,0.9967973762550798,0.9972920221059496
0.17385902135181922,-1.9987272915151904,0.7996492627918214,0.5452379288201302,0.013333057176034585,1.4765849305075651,-0.1833834960209101,2.88975493925518,0.063232699550884,-0.012253444241991113,0.7791189400714605,0.09360791123197806,1.7092822284563494,-0.06618030287534597,1.4765849305075651,-0.1833834960209101,2.88975493925518,0.063232699550884,-0.012253444241991113,0.7791189400714605,0.10000435082592199,0.10000096914747053,7.499972971039848,5.086643940082478,0.9959955674240584,0.9966093058509862
0.20283552491045576,-1.996895028971632,0.7992942008211379,0.567814071559712,0.015899166928226433,1.0356526392423777,-0.11046840147979256,-3.6001309525437657,0.10601896804436554,-0.017567256767036226,0.8628539343523758,0.0441526500831241,1.9631158174594439,-0.031215335253888706,1.0356526392423777,-0.11046840147979256,-3.6001309525437657,0.10601896804436554,-0.017567256767036226,0.8628539343523758,0.10000511601601202,0.10000126528020613,2.890018969590106,3.2065811354243947,0.9951926222707194,0.9959242309391216
0.2318120284690923,-1.9938229699668117,0.7987851631429124,0.5928165616590572,0.01717855248604474,0.13593051726392416,-0.011960448257519796,-9.208163451745133,0.13602856043088357,-0.02076824479563232,0.7585347269944335,0.05063990348177094,2.0839522170486635,-0.03580171182587239,0.13593051726392416,-0.011960448257519796,-9.208163451745133,0.13602856043088357,-0.02076824479563232,0.7585347269944335,0.10000695341096823,0.10000178496896246,0.10003600279344033,0.3170673950397266,0.9943879743869484,0.9952364172573909
0.26078853202772884,-1.9898813379014102,0.7981833720236852,0.6147962458751607,0.018645926985131924,0.17752842673260902,-0.013652218646416492,-9.198416944227628,0.13996735154810896,-0.02111481676712923,0.49171434596643376,0.055087541864471394,2.088401046024765,-0.03894604239906357,0.17752842673260902,-0.013652218646416492,-9.198416944227628,0.13996735154810896,-0.02111481676712923,0.49171434596643376,0.10001191149416663,0.10000293756516171,0.10001821952365068,0.33694146739157427,0.9935810298850122,0.9945454292378356
0.28976503558636535,-1.9858255734411836,0.7975715384604924,0.6290444083708897,0.02024215992983048,0.13455560404054706,-0.009445838775349583,-9.433244231631466,0.14511150463708555,-0.021510410329320398,0.22517638464819928,0.059942893609912895,2.0932566563057637,-0.042378516050005074,0.13455560404054706,-0.009445838775349583,-9.433244231631466,0.14511150463708555,-0.021510410329320398,0.22517638464819928,0.10007678425776664,0.10000705711841863,0.10001315157561091,0.10007714845147982,0.9927715488407233,0.9938507799364044
0.3187415391450019,-1.9816207494106681,0.7969482419790372,0.6355692326819691,0.021979088236887993,5.026809091867986,-0.3316279493787592,1.9586588327878183,0.14901045557640097,-0.021784117710208623,-0.04816605039915749,0.05994563395956123,2.093256788660163,-0.04237843302850507,5.026809091867986,-0.3316279493787592,1.9586588327878183,0.14901045557640097,-0.021784117710208623,-0.04816605039915749,7.499988793179196,5.1015430471725685,0.10001875408824973,0.10001639813725437,0.9919597493723222,0.9931518067001885
0.34771804270363843,-1.9773029474143846,0.7963170144146856,0.6341735489511724,0.023761132589197275,6.804313215514266,-0.4284192780121264,3.775237350675018,0.2946698071155001,-0.03139353616552557,0.00858903423927353,0.10909591926870929,1.8391181656644702,-0.007629113047715019,6.804313215514266,-0.4284192780121264,3.775237350675018,0.2946698071155001,-0.03139353616552557,0.00858903423927353,7.499994483154386,7.499992209568516,0.10003290778087941,0.10000984968983542,0.9911457934632644,0.9924474963815129
0.376694546262275,-1.9687644466998797,0.7954073395022672,0.6344224291323719,0.02744611971498553,7.5174425861692376,-0.4826730797712859,3.392170239825219,0.4918350132189268,-0.04380762889943245,0.11798221276580577,0.10909549334064125,1.5358291783183202,-0.007628746036001944,7.5174425861692376,-0.4826730797712859,3.392170239825219,0.4918350132189268,-0.04380762889943245,0.11798221276580577,7.499996107242382,7.499995795878213,0.10007390049117912,0.10000707054215027,0.9903298484668908,0.9917363420730801
0.4056710498209115,-1.9545127876890795,0.7941379475875673,0.6378411411404361,0.03117720839837544,8.096521091092354,-0.5350910197897627,3.043328770253899,0.7096642150689055,-0.05779380711308317,0.21627544579160218,0.10909413020343409,1.2325408672920612,-0.007627773275751576,8.096521091092354,-0.5350910197897627,3.043328770253899,0.7096642150689055,-0.05779380711308317,0.21627544579160218,7.499996827815405,7.499996939545556,0.10026510409327877,0.1000054898708024,0.989509879742656,0.9910162357048724
0.434647553379548,-1.9339492000356986,0.7924632851300879,0.6441080473650621,0.034900768442303075,8.935163777002725,-0.6125146789853844,3.311054415034677,0.9442730872775189,-0.07329887395221568,0.3044604727329653,0.1090888077494096,0.9292564039251798,-0.00762401353830545,8.935163777002725,-0.6125146789853844,3.311054415034677,0.9442730872775189,-0.07329887395221568,0.3044604727329653,7.499997201428653,7.499997468447686,0.7862966617378175,0.10000448950446618,0.988683054012359,0.9902845464600407
0.4636240569381846,-1.9065874675618768,0.7903393400481675,0.652930247336673,0.0385514667043057,12.020734620042852,-0.8605935146645064,6.858928922036802,1.2031828922588352,-0.09104740772755257,0.4004032527730519,0.09502490724852122,0.6400304559278595,0.002319156378544599,12.020734620042852,-0.8605935146645064,6.858928922036802,1.2031828922588352,-0.09104740772755257,0.4004032527730519,7.499997389441738,7.499997728628652,5.469198230469634,0.10000385044666861,0.9878461532435227,0.9895381800605496
0.4926005604968211,-1.8717234342026483,0.7877011045141455,0.6645325336155408,0.04186907061711313,9.108951422289039,-0.6788381000434428,2.3396244030255278,1.5515017517539362,-0.11598439876776843,0.5991510310908917,-0.015003727750208775,0.44676920557294186,0.08010939149419583,9.108951422289039,-0.6788381000434428,2.3396244030255278,1.5515017517539362,-0.11598439876776843,0.5991510310908917,7.499997471536743,7.499997860126878,0.1002378087510292,0.1000033812053201,0.9869955561713909,0.9887735640242656
0.5215770640554577,-1.8267663381717199,0.784340282170505,0.6818938356001067,0.04358011463127956,9.265739163594125,-0.6724048325230774,2.2206576383614527,1.8154473150573418,-0.13565475338941538,0.6669451659310338,-0.015008539737900393,0.1434841075855823,0.0801127823095103,9.265739163594125,-0.6724048325230774,2.2206576383614527,1.8154473150573418,-0.13565475338941538,0.6669451659310338,7.499997482732238,7.4999979103611585,0.10009280907228005,0.10000303825336433,0.9861270196494525,0.9879865775420756
0.5505535676140942,-1.7741610225864437,0.7804094817261706,0.7012195745741228,0.04507106071018462,9.315897443908558,-0.6656981280799402,2.182177691145574,2.083936038904625,-0.15513869441186479,0.7312920598915279,-0.015010388136517613,-0.15980397010565,0.08011407673614168,9.315897443908558,-0.6656981280799402,2.182177691145574,2.083936038904625,-0.15513869441186479,0.7312920598915279,7.499997423845896,7.499997888370945,0.1000487898369438,0.10000277150300753,0.9852344591027787,0.9871724969575248
0.5795300711727307,-1.713775842539153,0.7759141047954631,0.7224098615499723,0.046275319308010536,9.26037688445292,-0.6593571591528683,2.2254279711459657,2.353878174339934,-0.1744282985891509,0.794523939524585,-0.015011340690074072,-0.46309295367347514,0.0801147367311943,9.26037688445292,-0.6593571591528683,2.2254279711459657,2.353878174339934,-0.1744282985891509,0.794523939524585,7.499997294826842,7.499997795835419,0.10003058193134627,0.10000256268805784,0.9843125727676078,0.9863258863487794
0.6085065747313673,-1.6455686832437952,0.7708597825806677,0.7454323873110283,0.047146545202651775,9.098026040003505,-0.6538688172234985,2.348903724541196,2.6222115180865995,-0.19353416365775652,0.8590090610499853,-0.015011925143525073,-0.7663823101071358,0.08011513542230728,9.098026040003505,-0.6538688172234985,2.348903724541196,2.6222115180865995,-0.19353416365775652,0.8590090610499853,7.499997085256818,7.499997620826571,0.10002138246112335,0.10000239949590496,0.9833552930208794,0.985440394049604
0.6374830782900038,-1.5695861618584612,0.765251839198721,0.7703234664254442,0.04766305452460228,8.825629094863109,-0.6495689351807454,2.5482648680798454,2.885840502011329,-0.21248099576691473,0.9270720781830479,-0.015012325128601513,-1.069671850524862,0.08011540269281742,8.825629094863109,-0.6495689351807454,2.5482648680798454,2.885840502011329,-0.21248099576691473,0.9270720781830479,7.499996771890152,7.499997332945181,0.10001609753282299,0.10000227363824576,0.9823556297094445,0.9845084225464088
0.6664595818486403,-1.4859645942822726,0.7590948828687384,0.7971867737980278,0.047829005065105075,8.438092709526252,-0.6466436048451027,2.816190680767406,3.141576374885836,-0.23130323232875938,1.000911884201312,-0.015012619913285707,-1.3729614895024127,0.08011559484817608,8.438092709526252,-0.6466436048451027,2.816190680767406,3.141576374885836,-0.23130323232875938,1.000911884201312,7.499996310999557,7.4999968669107755,0.10001278818029861,0.1000021797269125,0.9813054723837136,0.9835206550517718
0.6954360854072769,-1.3949326952756649,0.75239252393404,0.8261897005724688,0.04767227714991586,7.928771729131031,-0.6451293975087601,3.142162766592529,3.3860827983115285,-0.25004070304572307,1.082515243484368,-0.015012848699884505,-1.6762511792265276,0.08011574049193801,7.928771729131031,-0.6451293975087601,3.142162766592529,3.3860827983115285,-0.25004070304572307,1.082515243484368,7.499995618023676,7.499996075665994,0.10001057956950447,0.1000021150347354,0.980195343216599,0.9824653373979632
0.7244125889659134,-1.296815855020553,0.7451472186124316,0.8575572073775719,0.047239814243416486,7.289943025448687,-0.6449124525171914,3.5121921826254114,3.6158308805363104,-0.2687342973284167,1.1735641340723515,-0.015013031538283459,-1.9795408851209724,0.0801158564978118,7.289943025448687,-0.6449124525171914,3.5121921826254114,3.6158308805363104,-0.2687342973284167,1.1735641340723515,7.49999420885453,7.499994868915286,0.10000834551534213,0.10000211409052975,0.9790140909656573,0.9813271289782926
0.75338909252455,-1.1920417186432648,0.7373602382895671,0.8915629926848075,0.046591694928642784,6.513443871253312,-0.6457269890585905,3.908522746397341,3.827067940555482,-0.28742160530379013,1.2753351833508122,-0.01501317276258058,-2.2828305832093543,0.08011593721713699,6.513443871253312,-0.6457269890585905,3.908522746397341,3.827067940555482,-0.28742160530379013,1.2753351833508122,7.4999913113925,7.499992349316371,0.10000698894543225,0.10000213822417023,0.9777485156489363,0.980085157938234
0.7823655960831865,-1.0811466708446154,0.7290317651206528,0.9285177471636267,0.045795284260762785,5.591484577646258,-0.6471534407881782,4.309339168065624,4.015804770069833,-0.30613251570015404,1.3885905066208066,-0.015013293436093086,-2.5861201975932517,0.08011599245790556,5.591484577646258,-0.6471534407881782,4.309339168065624,4.015804770069833,-0.30613251570015404,1.3885905066208066,7.499982417646271,7.499984462279063,0.10000612130156863,0.10000219285375424,0.976382914792916,0.9787095306344785
0.811342099641823,-0.9647826896338974,0.7201611151900529,0.9687542449202134,0.04492053962137962,2.578402106571658,-0.37019140872287865,-1.5351187308209489,4.177826442832061,-0.3248847596801366,1.513460088359632,-0.015013415839906003,-2.8894094847564116,0.08011601975109191,2.578402106571658,-0.37019140872287865,-1.5351187308209489,4.177826442832061,-0.3248847596801366,1.513460088359632,4.178141168269836,4.297037405940176,0.1000055517065916,0.10000227676244092,0.9748985473731419,0.9771547473132822
0.8403186032004596,-0.8437238868458083,0.7107470907950347,1.0126090265564207,0.044037128814873414,0.08654058308362052,-0.01709139984927191,-9.419803674422871,4.252539520648731,-0.33561161235237175,1.4689777149930692,-0.017449973230567965,-3.058989056582641,0.07839346857232474,0.08654058308362052,-0.01709139984927191,-9.419803674422871,4.252539520648731,-0.33561161235237175,1.4689777149930692,0.10001855070679475,0.10001706247834839,0.1000051954491659,0.1000023902368526,0.9732730249802005,0.9753475570274638
0.869295106759096,-0.7205001602924881,0.7010222397153865,1.055174864542475,0.04316979807646037,0.0516243210375596,-0.017040013041642606,-9.413684786872288,4.25504716416242,-0.33610686136092627,1.1960247402994975,-0.01745000021896097,-3.0589896309383184,0.07839353077677547,0.0516243210375596,-0.017040013041642606,-9.413684786872288,4.25504716416242,-0.33610686136092627,1.1960247402994975,0.1000097275813171,0.10000914042199852,0.10000505103458995,0.10000255599017469,0.9714796685028717,0.9731753161865913
0.8982716103177326,-0.5972037709979695,0.6912830380510795,1.0898314796859807,0.04246178025179835,0.016305684190257675,-0.01693546579685605,-9.410669944987204,4.256543056484676,-0.3366006213594666,0.9232490695728099,-0.01745003931644279,-3.058989861704786,0.07839357543251921,0.016305684190257675,-0.01693546579685605,-9.410669944987204,4.256543056484676,-0.3366006213594666,0.9232490695728099,0.10000689669609482,0.10000663665922824,0.10000513213836162,0.10000280664867184,0.9694889864487621,0.9705587926660743
0.9272481138763692,-0.4738640359742518,0.6815295289484177,1.1165840096359652,0.04189534711865934,-0.01914051809282415,-0.01677843538870758,-9.410790952214725,4.257015538200641,-0.3370913519443964,0.6505607584227343,-0.01745008164289334,-3.0589899763519064,0.07839361289227895,-0.01914051809282415,-0.01677843538870758,-9.410790952214725,4.257015538200641,-0.3370913519443964,0.6505607584227343,0.10000554031757027,0.10000548155168298,0.10000546405646693,0.10000318754059086,0.9672671028402698,0.9676746866974864
0.9562246174350058,-0.35051061008241,0.6717618001892153,1.1354349857675108,0.041458962793854214,-0.054436439732737096,-0.016570294721433888,-9.414048259310148,4.25646091291001,-0.33757753233714566,0.37786894090629985,-0.017450127090305245,-3.058990024924891,0.07839364672642914,-0.054436439732737096,-0.016570294721433888,-9.414048259310148,4.25646091291001,-0.33757753233714566,0.37786894090629985,0.1000047753072338,0.10000488280161472,0.10000615279145306,0.10000379060996943,0.9647711649974643,0.964772215237677
0.9852011209936422,-0.22717325529227592,0.6619799836221322,1.1463843064783805,0.0411463619248265,-0.08930521227566782,-0.016312869214088605,-9.42041631867196,4.254883535220375,-0.33805768154110893,0.1050827380192233,-0.017450177700327498,-3.0589900190785113,0.07839367939290358,-0.08930521227566782,-0.016312869214088605,-9.42041631867196,4.254883535220375,-0.33805768154110893,0.1050827380192233,0.10000431154164302,0.1000045865220904,0.10000748827425972,0.10000483234603352,0.9619461085721105,0.9619461221558905
1.014177624552279,-0.10388160739237884,0.6521842540099319,1.1494292368105457,0.040956159666578416,-0.12347372480520591,-0.016008424222625075,-9.429843892217034,4.252295782419065,-0.33853037145394255,-0.16788798896261245,-0.017450237762198503,-3.058989948941508,0.07839371388867448,-0.12347372480520591,-0.016008424222625075,-9.429843892217034,4.252295782419065,-0.33853037145394255,-0.16788798896261245,0.10000402661511398,0.10000449501704328,0.10001038318424499,0.10000696515487528,0.9587199771188749,0.9594202401692918
1.0431541281109153,0.019335056479262196,0.6423748274967902,1.1445644299009183,0.04089194021503611,-0.1566773535705298,-0.015659850882399722,-9.44224992425931,4.2487179455928485,-0.3389942396153976,-0.4411318940628264,-0.01745031740519026,-3.058989768059538,0.07839375662361951,-0.1566773535705298,-0.015659850882399722,-9.44224992425931,4.2487179455928485,-0.3389942396153976,-0.4411318940628264,0.10000386049702191,0.10000457462256097,0.1000195279971637,0.10001346255866772,0.9549966265387004,0.9571487790035379
1.0721306316695518,0.14244804714937617,0.6325519597062174,1.1317819700027787,0.04096286044986665,-4.436970340231993,-0.3591308856585213,-1.5205866691367007,4.244177983699554,-0.3394480073402191,-0.7147352825946618,-0.017450456335926727,-3.0589892648553754,0.07839383415478901,-4.436970340231993,-0.3591308856585213,-1.5205866691367007,4.244177983699554,-0.3394480073402191,-0.7147352825946618,0.10000379908446232,0.10000483644641926,4.737567716246261,4.47146473439757,0.9506448791743314,0.9550936721680017
1.1011071352281885,0.265429485597533,0.6227159433135514,1.1110714405431914,0.041184909460581204,-8.326117868235562,-0.5638603510686813,2.894218600440413,4.1156100968462574,-0.3498543647265195,-0.7587965676241161,-0.02290361337950692,-2.874371152664101,0.08224918612547781,-8.326117868235562,-0.5638603510686813,2.894218600440413,4.1156100968462574,-0.3498543647265195,-0.7587965676241161,0.1000038391950881,0.10000534420975114,7.499982080689419,7.4999872718612055,0.9454808182629728,0.9532243318165443
1.130083638786825,0.3846854762147589,0.612578387069049,1.08908416910115,0.041207728921839305,-9.355166508823434,-0.5448311757135195,2.1576176165417715,3.874348312807702,-0.36619306619583497,-0.6749322320489823,-0.02290353784064903,-2.5710818326436398,0.08224908910944258,-9.355166508823434,-0.5448311757135195,2.1576176165417715,3.874348312807702,-0.36619306619583497,-0.6749322320489823,0.10000396159673454,0.10000619924919986,7.499991254256096,7.499993743712873,0.93923841240158,0.9515159540415151
1.1590601423454614,0.49695054388822857,0.6019673923832773,1.069526992877344,0.04108149124513975,-10.22086896677867,-0.526466331301638,1.428181682330898,3.6032682971731425,-0.3819803686977537,-0.6124120175050828,-0.022903532680529807,-2.267792212038529,0.08224902062189371,-10.22086896677867,-0.526466331301638,1.428181682330898,3.6032682971731425,-0.3819803686977537,-0.6124120175050828,0.10000415128070599,0.10000762259979966,7.4999942323345286,7.49999586067257,0.9315831520339337,0.9499458926780407
1.188036645904098,0.6013606605239882,0.5908989368703776,1.0517814338727562,0.040706464702697884,-10.937531400339198,-0.5092199924532326,0.7328312774951045,3.3071032511849228,-0.3972355222202177,-0.571028305904642,-0.022903570447960493,-1.964502520078193,0.08224894673677718,-10.937531400339198,-0.5092199924532326,0.7328312774951045,3.3071032511849228,-0.3972355222202177,-0.571028305904642,0.10000468142812115,0.10000886066372233,7.499995911743616,7.499996778857452,0.9221053780190694,0.9484927631630298
1.2170131494627345,0.6971889496507264,0.5793884403471466,1.0352350301346283,0.03997564862611995,-11.520294959171192,-0.4933666987207617,0.09351989089418,2.990171833640295,-0.41199093714366747,-0.5497934177844249,-0.02290363832187004,-1.6612128111216695,0.08224887362399601,-11.520294959171192,-0.4933666987207617,0.09351989089418,2.990171833640295,-0.41199093714366747,-0.5497934177844249,0.10000543277749435,0.10001070516125317,7.49999680300932,7.499997350786674,0.9102670848053473,0.9471379231236257
1.245989653021371,0.7838336744291391,0.5674503834908773,1.019303939207683,0.038779905796836635,-11.984052771664224,-0.47901753443507294,-0.4722549329129175,2.6563539657593283,-0.4262869790448621,-0.5470835383331264,-0.02290373514122948,-1.3579231253761037,0.08224878930003642,-11.984052771664224,-0.47901753443507294,-0.4722549329129175,2.6563539657593283,-0.4262869790448621,-0.5470835383331264,0.10000652099935818,0.10001358194574056,7.4999973462311695,7.499997733833129,0.8953639811823191,0.9458652167980318
1.2749661565800077,0.8608055245709624,0.5550980773255835,1.0034513711123016,0.0370181398763452,-12.342594005156466,-0.46613575406538216,-0.950893468001281,2.309098017974312,-0.4401672323360691,-0.5607678350772611,-0.0229038718952524,-1.054633501902111,0.08224868138359266,-12.342594005156466,-0.46613575406538216,-0.950893468001281,2.309098017974312,-0.4401672323360691,-0.5607678350772611,0.10000816359789186,0.10001842785321732,7.4999977044034045,7.499998002015935,0.8764817930785314,0.9446606464826848
1.3039426601386441,0.9277151115060355,0.5423435699514022,0.9872022799436165,0.034612621376934744,-12.607949119130843,-0.4545506318025256,-1.3321432894956409,1.9514527988610897,-0.45367421667255214,-0.5883214030366845,-0.022904076137445016,-0.7513439985586966,0.0822485283605919,-12.607949119130843,-0.4545506318025256,-1.3321432894956409,1.9514527988610897,-0.45367421667255214,-0.5883214030366845,0.1000108010631308,0.10002764801326182,7.499997951020461,7.499998194074965,0.8524533497225059,0.9435120325669994
1.3329191636972806,0.984261390476745,0.5291976773975284,0.970154782714902,0.03152772761431556,-12.789908574698005,-0.4439688107310662,-1.60859863171944,1.5861185163434866,-0.46684550467255825,-0.6269222578053686,-0.022904416394050883,-0.4480547292189755,0.08224828075630183,-12.789908574698005,-0.4439688107310662,-1.60859863171944,1.5861185163434866,-0.46684550467255825,-0.6269222578053686,0.10001541931965713,0.10004911443596186,7.499998123127367,7.499998331480022,0.8218345535340467,0.9424086923279283
1.3618956672559173,1.0302215593099913,0.5156701269700505,0.9519887676806162,0.02778776555699729,-12.895703354206333,-0.4339835288669977,-1.7752710940911258,1.2155116850141139,-0.4797101684966304,-0.6735338217818048,-0.022905102624125845,-0.1447659880788484,0.08224778955430732,-12.895703354206333,-0.4339835288669977,-1.7752710940911258,1.2155116850141139,-0.4797101684966304,-0.6735338217818048,0.10002451108208153,0.10012274575482115,7.499998240233798,7.499998426139841,0.782941580009817,0.9413411495539011
1.3908721708145537,1.065442837976367,0.5017698035654938,0.9324721124968938,0.02348737384290072,-18.17480485459707,-0.5961109734659259,1.4081358175461078,0.8418392908798329,-0.49228549376523434,-0.7249749709572808,-0.02290711189600495,0.15852106219182072,0.08224636361218163,-18.17480485459707,-0.5961109734659259,1.4081358175461078,0.8418392908798329,-0.49228549376523434,-0.7249749709572808,0.10004725092373765,6.266412169581785,7.499998308982771,7.4999984811082365,0.7340354227581073,0.9403008772615407
1.4198486743731904,1.0898363971843466,0.48750509120354046,0.9114648726710277,0.018788158322758604,-19.16960631878054,-0.6149827462133866,2.1439388675703657,0.31519699333308804,-0.5095587055092113,-0.6841721184291195,-0.14927181488167565,0.33544448957048334,-0.007093486386281833,-19.16960631878054,-0.6149827462133866,2.1439388675703657,0.31519699333308804,-0.5095587055092113,-0.6841721184291195,0.10013124646496545,7.4996211388585685,7.499998332703976,7.499998497947956,0.6737940019135316,0.9392800708329833
1.4488251779318269,1.0989697039833348,0.4727398615600186,0.8916399568466462,0.014499512415425795,-19.182514544705096,-0.5195626029453061,2.41200789247446,-0.24027117238071774,-0.5273787552433632,-0.6220482662034674,-0.300906426204763,0.4870945670137921,-0.11429916137989742,-19.182514544705096,-0.5195626029453061,2.41200789247446,-0.24027117238071774,-0.5273787552433632,-0.6220482662034674,5.504458234359155,2.2467270604796625,7.499998315161018,7.499998479256808,0.6021962952874212,0.9382714466721416
1.4778016814904633,1.0920074855018076,0.4574582691819601,0.8736151730473576,0.010657816789343544,-18.88491231553887,-0.3183773164281624,2.599901521230669,-0.7961133733489758,-0.5424338628565425,-0.5521567109237128,-0.23414711665178428,0.6356413931901854,-0.06710033428086379,-18.88491231553887,-0.3183773164281624,2.599901521230669,-0.7961133733489758,-0.5424338628565425,-0.5521567109237128,7.4995771825567985,0.10013704205952517,7.4999982562178715,7.499998424571331,0.523979806846003,0.9372655038351753
1.5067781850491,1.068938903505883,0.44174043242457256,0.8576156021483516,0.006533136816089678,-12.550674234781935,-0.11090297553327708,-1.2275376948874095,-1.3433321022647264,-0.5516593242990123,-0.4768206552416672,-0.08251351803698097,0.787292249573643,0.040104615061507504,-12.550674234781935,-0.11090297553327708,-1.2275376948874095,-1.3433321022647264,-0.5516593242990123,-0.4768206552416672,0.1048970990828676,0.10005239297750312,7.499998158036468,7.499998335318062,0.4472438671297011,0.9362523125839307
1.5357546886077365,1.0300138360641784,0.42575527405086727,0.8437990067349102,0.0022248560918786266,-12.348005276785313,-0.07388066280685893,-0.9461753600476421,-1.707006758892173,-0.5548729047642157,-0.5123904056259324,-0.08241423389221197,1.0904808861247004,0.04017480381485836,-12.348005276785313,-0.07388066280685893,-0.9461753600476421,-1.707006758892173,-0.5548729047642157,-0.5123904056259324,0.10017380473597148,0.10002996611693678,7.499998017036164,7.499998207498489,0.3794996005499984,0.9352215795123774
1.564731192166373,0.9805507486405228,0.4096769973513761,0.8289517243228792,-0.0018828945359529365,-12.061905209675203,-0.036047273386694244,-0.5605768220025555,-2.064808777737005,-0.5570137080529531,-0.5398072593134469,-0.08241128236520448,1.3937667692231381,0.040176885025520345,-12.061905209675203,-0.036047273386694244,-0.5605768220025555,-2.064808777737005,-0.5570137080529531,-0.5398072593134469,0.10007234282636218,0.1000201586172469,7.499997819158493,7.499998027944606,0.32443015072795234,0.9341623528366053
1.5937076957250096,0.9207198097445227,0.39353668765777045,0.8133099973524054,-0.005689899770191495,-11.678743611507095,0.0029902248516294107,-0.0812503092783931,-2.414320616969095,-0.5580582319985219,-0.5560508155910928,-0.08241020869772728,1.6970549247839437,0.04017763805853506,-11.678743611507095,0.0029902248516294107,-0.0812503092783931,-2.414320616969095,-0.5580582319985219,-0.5560508155910928,0.10004328964690044,0.1000150642213658,7.4999975457076085,7.499997778449688,0.28102067216269433,0.9330658737428111
1.622684199283646,0.8507612397952282,0.377366111312339,0.7971975889156475,-0.009139485302822707,-11.186510767560948,0.0434868385602402,0.4808319879664536,-2.7527297727883338,-0.5579715857374676,-0.5584051654670382,-0.08240962551654256,2.0003437694000517,0.04017804362358086,-11.186510767560948,0.0434868385602402,0.4808319879664536,-2.7527297727883338,-0.5579715857374676,-0.5584051654670382,0.10003070808541224,0.10001211159844137,7.499997163475116,7.499997426273817,0.24734541759495046,0.9319222299941001
1.6516607028422825,0.7709967557380625,0.3611980456725993,0.781016959651331,-0.0122170247135884,-10.57163500877513,0.0856049561147803,1.1112662167039256,-3.0768757418532893,-0.5567114892051731,-0.5444723356566218,-0.082409239041183,2.3036329173017065,0.04017830924667248,-10.57163500877513,0.0856049561147803,1.1112662167039256,-3.0768757418532893,-0.5567114892051731,-0.5444723356566218,0.10002417223635082,0.10001028993433697,7.4999966120545105,7.499996910263758,0.2213587215678297,0.930720000792111
1.6806372064009192,0.6818396548547683,0.3450664932245118,0.7652400550795979,-0.014942412354583328,-9.819642868385213,0.12938503611674088,1.7916605828096075,-3.3832047613056684,-0.5542309568896764,-0.5122717261737078,-0.08240894844596725,2.6069222145959365,0.04017850605642861,-9.819642868385213,0.12938503611674088,1.7916605828096075,-3.3832047613056684,-0.5542309568896764,-0.5122717261737078,0.10002051303498433,0.10000914815054819,7.499995773048859,7.4999961057086,0.20126676863779944,0.9294458124579584
1.7096137099595556,0.5838062100491986,0.32900681792989167,0.7503962115831367,-0.017360294745547677,-8.91605098021696,0.1747145579499223,2.4991013239114817,-3.667743677825972,-0.5504818309302055,-0.4603556669200561,-0.08240870873314508,2.9102115765939276,0.04017866589407758,-8.91605098021696,0.1747145579499223,2.4991013239114817,-3.667743677825972,-0.5504818309302055,-0.4603556669200561,0.10001754310827055,0.10000868637302861,7.4999942615524535,7.49999482627813,0.18563178450918105,0.9280837724161034
1.738590213518192,0.4775278223165078,0.3130557791969779,0.7370567139623895,-0.019531091394432012,-7.847493144264591,0.22129654342843424,3.2056878450112913,-3.9260996607832133,-0.5454192139200242,-0.3879404485143416,-0.08240851566313384,3.213500951723098,0.04017878603079982,-7.847493144264591,0.22129654342843424,3.2056878450112913,-3.9260996607832133,-0.5454192139200242,-0.3879404485143416,0.10001619177958138,0.10000854344229099,7.499991154559117,7.499992362633604,0.17335246138403018,0.9266147406985038
1.7675667170768288,0.36376318152426146,0.2972514374038757,0.7258155561754748,-0.021524498609606337,-6.60308982004315,0.2686189268557203,3.8782000084942236,-4.153492573804372,-0.5390068138418564,-0.2950508232654939,-0.08240833417243552,3.5167902433167697,0.04017887933894878,-6.60308982004315,0.2686189268557203,3.8782000084942236,-4.153492573804372,-0.5390068138418564,-0.2950508232654939,0.10001611632903645,0.10000876168775624,7.499981615482154,7.499985965606359,0.16360371814695912,0.925015385000218
1.7965432206354652,0.24340948917864877,0.2816329045444579,0.7172660149451437,-0.023416077784513205,-4.092442209099154,0.24978649484663268,1.4867516834382986,-4.344827029472849,-0.5312231765519048,-0.18267414691825667,-0.08240809431163015,3.8200792054123673,0.04017892286914857,-4.092442209099154,0.24978649484663268,1.4867516834382986,-4.344827029472849,-0.5312231765519048,-0.18267414691825667,0.1000175380333609,0.10000946936418499,4.317816816091235,7.499937798566444,0.15577302709462504,0.9232569487192352
1.825519724194102,0.11751159329746871,0.2662399142786715,0.7119727568768961,-0.0252869821803844,-0.09385344146909025,0.009533746166320337,-9.421196684263178,-4.463411695708324,-0.5239852372950823,-0.13959328147230102,-0.017198070425824382,4.05815638034521,-0.005924330216295058,-0.09385344146909025,0.009533746166320337,-9.421196684263178,-4.463411695708324,-0.5239852372950823,-0.13959328147230102,0.10002177765841522,0.10001098794810967,0.10002064093816485,0.10003080847582478,0.14940631472689367,0.9213036419142263
1.8544962277527384,-0.011822471586883272,0.2510566541855176,0.7079278316595523,-0.025026685192202053,-0.047575718808524785,0.00987031352698479,-9.412885526089633,-4.466131240289043,-0.5237089826653668,-0.4125866207204677,-0.017197640957811438,4.058156763224569,-0.005924321202101182,-0.047575718808524785,0.00987031352698479,-9.412885526089633,-4.466131240289043,-0.5237089826653668,-0.4125866207204677,0.10003668615725063,0.10001449033773444,0.10001114850815157,0.10001363964195323,0.14416590637672044,0.9191105453736707
1.8834727313113748,-0.14123533936445637,0.23588139898562477,0.695972513976,-0.025152149243025453,-0.003450719949555196,0.05399826128279061,-7.663613210303112,-4.467509818274403,-0.5234229754903272,-0.6853391316642423,-0.017197135058525218,4.0581562224593855,-0.005924035715653377,-0.003450719949555196,0.05399826128279061,-7.663613210303112,-4.467509818274403,-0.5234229754903272,-0.6853391316642423,1.8470251464136445,0.10002590962068572,0.10000815322707193,0.10000948323557583,0.139795316143159,0.9166224780079392
1.9124492348700115,-0.2706881535119281,0.22071443127365722,0.6761137821884583,-0.025645418517018046,1.5503049132957551,0.3384144612031905,3.492253715926538,-4.467609808073301,-0.5218582946801065,-0.9074038471246096,0.018603408181119406,4.022355005981825,0.019386909815779146,1.5503049132957551,0.3384144612031905,3.492253715926538,-4.467609808073301,-0.5218582946801065,-0.9074038471246096,7.499971865858875,5.69657741639359,0.10000681225913054,0.1000077775446883,0.1360976051026498,0.9137727481985322
1.941425738428648,-0.4001438650141634,0.2055928025407552,0.6498203913831315,-0.02538902426820278,3.502791799698137,0.3657718736152133,4.976345697006682,-4.422687392236215,-0.5120522268407585,-0.8062105448974026,0.05555962717203643,3.7560225209990237,0.045514928671757,3.502791799698137,0.3657718736152133,4.976345697006682,-4.422687392236215,-0.5120522268407585,-0.8062105448974026,7.499987320267376,7.49997839285562,0.1000061746232293,0.10000701046377865,0.1329308460035645,0.9104727829908739
1.9704022419872844,-0.5282978819740328,0.19075531936749626,0.6264592286599016,-0.024121086193338137,5.088697206408939,0.32985159994178637,4.509085124989096,-4.321188733187099,-0.5014534368432985,-0.6620134460990829,0.055559827246233894,3.452733357564592,0.045515045904477865,5.088697206408939,0.32985159994178637,4.509085124989096,-4.321188733187099,-0.5014534368432985,-0.6620134460990829,7.4999922165349515,7.49998988545416,0.10000591377504531,0.10000672543172291,0.13019001499926627,0.906603286196861
1.999378745545921,-0.6535108226787687,0.17622495207031594,0.6072763936831462,-0.022899944981383747,6.493872949357899,0.2936032172981785,3.9298484375216267,-4.173736080476766,-0.49189549078376377,-0.5313559249286413,0.055559891649022794,3.14944384709357,0.04551506791827698,6.493872949357899,0.2936032172981785,3.9298484375216267,-4.173736080476766,-0.49189549078376377,-0.5313559249286413,7.4999945265510695,7.4999935943330005,0.10000590208429183,0.10000675981886814,0.12779072387392734,0.9020126130312688
2.028355249104558,-0.7744511010675132,0.16197154063114297,0.5918795568335489,-0.021654327728508276,7.719337228310749,0.25781555575347637,3.2814283692400505,-3.985566347850363,-0.4833878961128964,-0.4174826576938937,0.05555992832976484,2.846154213744989,0.04551506899741255,7.719337228310749,0.25781555575347637,3.2814283692400505,-3.985566347850363,-0.4833878961128964,-0.4174826576938937,7.499995832255708,7.499995379878656,0.10000609289932359,0.1000070643988341,0.12566613491109754,0.8965048714407708
2.057331752663194,-0.8899388785291811,0.14796464953922583,0.5797823691172126,-0.020319763925177776,8.771808748268182,0.22305442637301592,2.6015203231850763,-3.7618869451839014,-0.47591730274413435,-0.32239833687519853,0.05555995750866464,2.5428645272006443,0.04551506147623564,8.771808748268182,0.22305442637301592,2.6015203231850763,-3.7618869451839014,-0.47591730274413435,-0.32239833687519853,7.4999966520714745,7.499996407904179,0.10000648159123669,0.10000765264675,0.12376378406775701,0.8898233567502918
2.0863082562218307,-0.9989452089834906,0.13417423012264373,0.5704403925614498,-0.018835968533526547,9.661906106900704,0.1896860896566107,1.9225142822940056,-3.5077105977740293,-0.4694539653645674,-0.24701537397256093,0.055559986510226714,2.239574822809284,0.04551504804724573,9.661906106900704,0.1896860896566107,1.9225142822940056,-3.5077105977740293,-0.4694539653645674,-0.24701537397256093,7.499997212593339,7.4999970543239325,0.10000716085254097,0.10000849961164605,0.12204221178477032,0.8816300433963931
2.1152847597804674,-1.1005863976025567,0.1205710956246413,0.563282750698496,-0.017146712997213223,10.402573705176025,0.1579037137913588,1.271602949533095,-3.2277423410842085,-0.46395752571260923,-0.19130763203013917,0.055560017188198446,1.936285124960888,0.04551503094401373,10.402573705176025,0.1579037137913588,1.271602949533095,-3.2277423410842085,-0.46395752571260923,-0.19130763203013917,7.499997605429184,7.49999749783054,0.10000817547398504,0.10000978644185111,0.12046837506471578,0.8714786200869067
2.1442612633391036,-1.1941150850353448,0.10712722872977366,0.5577393244181803,-0.015202026743122384,11.00775176026063,0.1277546774070022,0.6711068754196183,-2.9263121270971966,-0.4593820281880124,-0.15446102463782083,0.05556005240605462,1.6329954571363543,0.04551500916282192,11.00775176026063,0.1277546774070022,0.6711068754196183,-2.9263121270971966,-0.4593820281880124,-0.15446102463782083,7.499997890697255,7.499997815356979,0.1000096937499259,0.10001175090058215,0.11901567938930768,0.8587800791685485
2.1732377668977403,-1.2789093787998578,0.09381594375521003,0.5532635839880918,-0.01296266462902285,11.491287033054029,0.09916706946749142,0.1389290773999597,-2.6073459690434166,-0.4556801443234964,-0.1350146938739989,0.0555600961062888,1.3297058483292157,0.04551498044985415,11.491287033054029,0.09916706946749142,0.1389290773999597,-2.6073459690434166,-0.4556801443234964,-0.1350146938739989,7.499998102728184,7.499998049198627,0.10001204714813179,0.10001487801192899,0.11766248626011135,0.842761206533892
2.202214270456377,-1.354461148550441,0.08061192643162018,0.5493513302305836,-0.010406501197014778,11.866067086780578,0.07197429234292695,-0.3109334483724182,-2.2743686494368127,-0.45280662938217253,-0.13098901496832094,0.05556015521494108,1.026416342694762,0.04551494021113641,11.866067086780578,0.07197429234292695,-0.3109334483724182,-2.2743686494368127,-0.45280662938217253,-0.13098901496832094,7.499998262101443,7.499998224079548,0.10001594336212162,0.10002025892546124,0.11639097934284368,0.8224199589655236
2.231190774015013,-1.420364399814498,0.0674911735239534,0.5455557265722117,-0.007535865774691613,12.143353893221008,0.04593719118821111,-0.6678785349059594,-1.9305315142696955,-0.45072106604396783,-0.13999877914158354,0.05556024443112074,0.7231270203228264,0.04551487823703896,12.143353893221008,0.04593719118821111,-0.6678785349059594,-1.9305315142696955,-0.45072106604396783,-0.13999877914158354,7.499998381407828,7.499998354911179,0.10002310751112259,0.10003077628096128,0.11518629862093295,0.796490065677095
2.26016727757365,-1.4763044531077936,0.05443085294977785,0.5414990514502108,-0.004383945211764491,12.332292869187137,0.020763607693381925,-0.9242295582726421,-1.578659576968994,-0.44938996686002936,-0.15935156388502314,0.055560402126960035,0.419838055164507,0.04551476751386083,12.332292869187137,0.020763607693381925,-0.9242295582726421,-1.578659576968994,-0.44938996686002936,-0.15935156388502314,7.49999846817562,7.499998450609819,0.10003869752164264,0.10005631927401416,0.11403587409118876,0.7634440535309007
2.2891437811322866,-1.5220484879577112,0.041409102975842584,0.5368816002922221,-0.0010176538524421862,12.439602222371477,-0.0038743787110801647,-1.0748185949808344,-1.2213128487588447,-0.44878831010781245,-0.18613250496930753,0.05556076360204193,0.1165499291882139,0.045514512459973434,12.439602222371477,-0.0038743787110801647,-1.0748185949808344,-1.2213128487588447,-0.44878831010781245,-0.18613250496930753,7.49999852641475,7.499998516078725,0.10008437753100875,0.10015254550918157,0.11292890785323068,0.7215929300517347
2.318120284690923,-1.5574378640659805,0.028404786910928993,0.531488131099601,0.0024655568869336084,14.993457459828486,-0.03405919864918426,0.6430491273678418,-0.8608566706942746,-0.44890057605632205,-0.2172769898116585,0.05556216075137995,-0.18673529129856484,0.04551352497489333,14.993457459828486,-0.03405919864918426,0.6430491273678418,-0.8608566706942746,-0.44890057605632205,-0.2172769898116585,7.4999985563013505,7.49999855213337,0.10040946438049721,3.177207129137983,0.11185596653446524,0.6693770890608868
2.3470967882495595,-1.5823824804478295,0.015397217771358886,0.5251922036311137,0.00594807835606447,24.515657829823457,-0.10448072403457505,7.47940829825964,-0.42639869725334406,-0.44988749254718496,-0.19864367448414472,0.11861367320028812,-0.42695707397623756,0.0009361057942888112,24.515657829823457,-0.10448072403457505,7.47940829825964,-0.42639869725334406,-0.44988749254718496,-0.19864367448414472,7.499998552585613,7.4999985540500615,7.499634903819891,7.499568549173152,0.11080865570186117,0.6059493187064114
2.376073291808196,-1.594738023816191,0.002361051242579205,0.5194362044905222,0.009319206407269257,24.26717759123422,-0.20794280670692997,7.757481883563466,0.28397934909485106,-0.4529149786189828,0.01808342668687117,0.11861231339258518,-0.42697333798444126,0.0009370671359002446,24.26717759123422,-0.20794280670692997,7.757481883563466,0.28397934909485106,-0.4529149786189828,0.01808342668687117,7.499998513748788,7.4999985209890365,7.49969298754542,7.45954174491228,0.10977935502860767,0.5320264548399356
2.4050497953668324,-1.586509295196567,-0.010762841247133666,0.5199601989682655,0.012634418693648241,15.428347538727389,-0.1998645550072295,1.6523118207121352,0.9871573069253712,-0.45894043409751933,0.24286812809204883,0.11778951082202727,-0.42780866259335726,0.0015187883434876575,15.428347538727389,-0.1998645550072295,1.6523118207121352,0.9871573069253712,-0.45894043409751933,0.24286812809204883,7.499998446465212,7.499998460325439,4.121136778733747,0.10016818468559839,0.10875953390377135,0.45178291482805955
2.434026298925469,-1.55790492797951,-0.02406133036896278,0.5269976681462043,0.01589597703115959,12.08700013232999,-0.2102238790565213,-0.595481696960037,1.434216874285188,-0.4647318100869308,0.2907463474448939,0.0353895029180488,-0.6486918347677156,0.05977559352997959,12.08700013232999,-0.2102238790565213,-0.595481696960037,1.434216874285188,-0.4647318100869308,0.2907463474448939,7.499998351085924,7.499998372843293,0.10016827621959648,0.10006900005975358,0.10773547188367531,0.37573083082691705
2.4630028024841057,-1.5163463376179285,-0.03752763331775846,0.535422480717602,0.018801180006465707,11.91141580036206,-0.22667758381920597,-0.3701939270733948,1.7844558766328877,-0.4708233630665219,0.27349136993382933,0.035387468047856814,-0.9519770414875114,0.05977703155275289,11.91141580036206,-0.22667758381920597,-0.3701939270733948,1.7844558766328877,-0.4708233630665219,0.27349136993382933,7.499998218642228,7.4999982503405525,0.100068126793984,0.10003894448219214,0.10669334425831442,0.31193739628856637
2.491979306042742,-1.4646390455584457,-0.051170448173144895,0.5433473043717462,0.021357302080647463,11.646315408516015,-0.24409304365716242,-0.04549191267992327,2.129607058960478,-0.47739168688072164,0.26276444428860224,0.035386869377511614,-1.2552649112188214,0.0597774538941804,11.646315408516015,-0.24409304365716242,-0.04549191267992327,2.129607058960478,-0.47739168688072164,0.26276444428860224,7.499998037756145,7.499998082604811,0.1000392934865445,0.10002583791075075,0.10562376904137596,0.2610685833167065
2.5209558096013787,-1.4029304790359798,-0.06500359008690774,0.5509612992267583,0.02352151142034958,11.283309821961687,-0.26272446717016296,0.3713143161394621,2.467076558840345,-0.48446464982889126,0.2614462477189439,0.03538659271902689,-1.55855363326216,0.05977764819217165,11.283309821961687,-0.26272446717016296,0.3713143161394621,2.467076558840345,-0.48446464982889126,0.2614462477189439,7.499997791428062,7.499997854514663,0.1000269161566276,0.10001907486612026,0.10451847883333769,0.22124525498406433
2.5499323131600153,-1.3314432263493134,-0.07904168173670834,0.5585370973541786,0.02528868546054103,10.81191582877886,-0.2827369119480408,0.8700499290398697,2.794027426049616,-0.49207748628678777,0.2722056383219324,0.03538643073797214,-1.8618427378190414,0.05977776088474832,10.81191582877886,-0.2827369119480408,0.8700499290398697,2.794027426049616,-0.49207748628678777,0.2722056383219324,7.499997450095913,7.499997539905745,0.10002044665048734,0.10001516954066489,0.10336817093242932,0.19031568521293704
2.5789088167186516,-1.2504820806954586,-0.09330036676922247,0.5664246650016952,0.026685914463286373,10.219995522885183,-0.3041911939713694,1.4372162485102626,3.1073189435379045,-0.5002702134220076,0.2974166431869482,0.035386320755959086,-2.165132041541033,0.05977783603965674,10.219995522885183,-0.3041911939713694,1.4372162485102626,3.1073189435379045,-0.5002702134220076,0.2974166431869482,7.4999969602881755,7.499997092167517,0.1000166770275446,0.10001275790880132,0.10216220508751485,0.16631435477696838
2.6078853202772883,-1.1604428422702135,-0.10779644838872524,0.5750427594213998,0.027763530316403606,9.494389624276216,-0.3270278679719799,2.055503219288712,3.403458680176036,-0.5090846106366244,0.3390621449264366,0.035386237740569836,-2.468421452720131,0.05977789091013484,9.494389624276216,-0.3270278679719799,2.055503219288712,3.403458680176036,-0.5090846106366244,0.3390621449264366,7.499996173791769,7.499996462999028,0.10001385841107203,0.1000115353707808,0.10088823131881798,0.14761914902682094
2.636861823835925,-1.06182250971242,-0.12254794042048456,0.5848675948704599,0.028585674496921117,8.621747393885228,-0.3510505612961224,2.703298523483441,3.6785728949109573,-0.5185607348166872,0.3986234412749452,0.03538618420888636,-2.7717109177022756,0.05977792037681997,8.621747393885228,-0.3510505612961224,2.703298523483441,3.6785728949109573,-0.5185607348166872,0.3986234412749452,7.499994826169832,7.499995478889031,0.10001221505453582,0.10001078542198165,0.09953172777882573,0.13295878843683637
2.665838327394561,-0.9552303291323287,-0.13757401739826955,0.5964183084351196,0.0292225561287778,7.58957245114526,-0.375909291661048,3.3542437773579956,3.9284009889515374,-0.5287329526553451,0.47695558056072035,0.0353861415361332,-3.075000383946218,0.059777931632936335,7.58957245114526,-0.375909291661048,3.3542437773579956,3.9284009889515374,-0.5287329526553451,0.47695558056072035,7.499992066970344,7.499993772692963,0.10001133621770311,0.1000104542674269,0.09807542445722502,0.12136329140874834
2.694814830953198,-0.8413990038962231,-0.15289484968245562,0.6102388135125492,0.029745419598292,6.387502791479761,-0.4010849409923331,3.976906928565821,4.148320262090677,-0.5396254895828856,0.5741498373118691,0.03538608850804773,-3.378289783478541,0.059777919697915266,6.387502791479761,-0.4010849409923331,3.976906928565821,4.148320262090677,-0.5396254895828856,0.5741498373118691,7.49998363304073,7.499990229041049,0.10001108198015117,0.10001057063760442,0.09649858490339965,0.11210211825545996
2.7237913345118345,-0.7211951870593885,-0.1685313096016851,0.6268756683166075,0.03022438369647929,4.651339971443764,-0.395480976635488,3.510846076454033,4.333407759458791,-0.551247528802865,0.6893866950798231,0.03538594286027843,-3.6815789403846124,0.05977783154186152,4.651339971443764,-0.395480976635488,3.510846076454033,4.333407759458791,-0.551247528802865,0.6893866950798231,6.415107256212121,7.499979203217628,0.10001150167651508,0.10001127998122725,0.09477611705340996,0.10462772614118178
2.752767838070471,-0.5956281816964075,-0.18450453558173097,0.6468516843398648,0.030728917701213238,0.6967603974091137,-0.09070039442344525,-6.823791018357961,4.46818732869376,-0.5627071847297159,0.791118738908019,0.013154116653047917,-3.962635935763599,0.04405993683730385,0.6967603974091137,-0.09070039442344525,-6.823791018357961,4.46818732869376,-0.5627071847297159,0.791118738908019,0.10001798854290153,2.767715246171482,0.10001290101189653,0.10001293132338493,0.09287748996606514,0.09852966696213589
2.7817443416291074,-0.46615573566585805,-0.20080982232252195,0.6697755392931375,0.030585043825780346,0.04562766261836257,-0.012106929206388867,-9.412727307699242,4.488377008828801,-0.5653353650314964,0.5933891341811731,-0.04151387358790963,-4.017304134517796,0.005409666858625916,0.04562766261836257,-0.012106929206388867,-9.412727307699242,4.488377008828801,-0.5653353650314964,0.5933891341811731,0.10000957890865121,0.10002462100188789,0.10001652769335476,0.10001683338615543,0.09076545429029524,0.09349924112628068
2.810720845187744,-0.3360982632970279,-0.2171912645391802,0.6869698816513947,0.028991555087734294,-0.0008435570430125886,-0.011596759030665545,-9.410089817334747,4.489699138957033,-0.5656861815087294,0.3206412078531507,-0.041514175574726954,-4.017304151707606,0.005409444496037529,-0.0008435570430125886,-0.011596759030665545,-9.410089817334747,4.489699138957033,-0.5656861815087294,0.3206412078531507,0.1000068944699214,0.10001373674661543,0.10002886106263992,0.10002968812513266,0.08839543621419507,0.08930087383565229
2.839697348746381,-0.20600248021983195,-0.23358287219073942,0.6962609427517972,0.027795347389729313,-0.9402577126221674,-0.2173860247317018,-1.9165111233194907,4.489674695623375,-0.5660222150380502,0.047969706774060955,-0.041514298841965815,-4.017303374670669,0.005409333380720372,-0.9402577126221674,-0.2173860247317018,-1.9165111233194907,4.489674695623375,-0.5660222150380502,0.047969706774060955,0.10000565610133628,0.10001040269713322,5.534583457657141,2.217664808400101,0.08572084015960652,0.08574313158862089
2.868673852305017,-0.07590740542498077,-0.24998421691905684,0.6976509371308427,0.026958782116061834,-3.538034763575948,-0.3851308273581317,4.967447892209489,4.462429314667545,-0.5723213019572857,-0.007564084610982347,-0.10948660618543046,-3.8625386763472784,0.05346561713279981,-3.538034763575948,-0.3851308273581317,4.967447892209489,4.462429314667545,-0.5723213019572857,-0.007564084610982347,0.10000502707177732,0.10000907000615884,7.499976615887493,7.499975798184567,0.08268649294185619,0.08268652792651618
2.8976503558636537,0.05339819349164741,-0.2665680871619056,0.6974317564061947,0.024137499919360924,-5.166951183386471,-0.3231375204003235,4.48118382187208,4.359909437750206,-0.583481046746769,0.13637518691496747,-0.10948670579241372,-3.5592498041337133,0.05346557040483437,-5.166951183386471,-0.3231375204003235,4.48118382187208,4.359909437750206,-0.583481046746769,0.13637518691496747,0.10000471996353925,0.10000863505458361,7.499989204970253,7.499988802204345,0.07952555139205879,0.08002960477525031
2.9266268594222904,0.17973312482994935,-0.2834753277893603,0.7013834324951459,0.021304757093781285,-6.611193471906632,-0.26125840444451703,3.8744383113091074,4.210189258397507,-0.5928444422565777,0.2662242258763483,-0.10948679427642889,-3.2559603922448117,0.05346551951738338,-6.611193471906632,-0.26125840444451703,3.8744383113091074,4.210189258397507,-0.5928444422565777,0.2662242258763483,0.10000461009073233,0.1000087623267159,7.499993230981192,7.49999296783489,0.07621127769889886,0.07769673324728935
2.9556033629809266,0.3017296888584381,-0.30065388688012595,0.709097679723647,0.01835482776149257,-7.871202425245789,-0.2004740944293631,3.1916963875164495,4.01861998723197,-0.6004147973426877,0.3784919013917144,-0.10948688475898946,-2.952670812844625,0.05346546317127281,-7.871202425245789,-0.2004740944293631,3.1916963875164495,4.01861998723197,-0.6004147973426877,0.3784919013917144,0.1000046466193356,0.10000939738041414,7.499995154371965,7.499994960458719,0.07277346496659028,0.07562730525304077
2.9845798665395633,0.4181752452192733,-0.3180518083919843,0.7200650516512391,0.015195192509267725,-8.9535821675436,-0.1414317603489814,2.4722468526388943,3.7905400621460865,-0.6062238356533344,0.47097610312267224,-0.10948698608810777,-2.64938116695766,0.053465397150513995,-8.9535821675436,-0.1414317603489814,2.4722468526388943,3.7905400621460865,-0.6062238356533344,0.47097610312267224,0.1000049286620267,0.10001009972576148,7.4999963135879595,7.4999960368845295,0.069302832106165,0.07377277572956555
3.0135563700982,0.5280118428192038,-0.33561805552312346,0.7337122923794059,0.01174380921740573,-9.869217131862628,-0.08448808638223602,1.7499192842699094,3.531096556605715,-0.6103220335603906,0.5426131728459912,-0.10948709772689474,-2.3460914954292815,0.053465326239789536,-9.869217131862628,-0.08448808638223602,1.7499192842699094,3.531096556605715,-0.6103220335603906,0.5426131728459912,0.10000538720382846,0.10001133542795156,7.499997024577721,7.499996742479211,0.0659313279765648,0.07209416721118364
3.0425328736568362,0.6303306747575785,-0.35330305410050034,0.7494353249133408,0.00793035651007508,-10.631616480665713,-0.029755202826635897,1.0531613985320807,3.2451211512633407,-0.6127702028961077,0.593319715213965,-0.10948722540225976,-2.0428018295908625,0.05346524414753501,-10.631616480665713,-0.029755202826635897,1.0531613985320807,3.2451211512633407,-0.6127702028961077,0.593319715213965,0.10000607900063556,0.10001333722668032,7.499997496297035,7.499997229917906,0.06275808254766121,0.07056002360700164
3.071509377215473,0.7243629393453676,-0.3710589920653458,0.7666276557526474,0.0037011098156189796,-11.255510419850538,0.022853275468268226,0.40535826492027294,2.937054078477272,-0.6136324046367015,0.6238366502263485,-0.10948737960080912,-1.7395121992955376,0.053465142847896496,-11.255510419850538,0.022853275468268226,0.40535826492027294,2.937054078477272,-0.6136324046367015,0.6238366502263485,0.1000071138744267,0.10001661198274521,7.499997825511681,7.499997578898999,0.0598092152867816,0.06914477654631518
3.1004858807741096,0.8094684973022722,-0.3888399136219958,0.784704260667939,-0.0009728544594212072,-11.755696863249222,0.0735782565403963,-0.17470052501885022,2.6109087407422025,-0.6129701966187686,0.6355825154323336,-0.10948757929525248,-1.4362226434176553,0.05346500880989842,-11.755696863249222,0.0735782565403963,-0.17470052501885022,2.6109087407422025,-0.6129701966187686,0.6355825154323336,0.10000870448196511,0.1000223220010053,7.4999980625896825,7.49999783424403,0.0570669080925898,0.06782745952228246
3.129462384332746,0.885123503719664,-0.4066016467056577,0.8031212196881711,-0.00608501498095578,-12.14612258703571,0.12277451987186833,-0.6722824510795244,2.270269748750009,-0.6108381560062874,0.6305203050474294,-0.10948786303269786,-1.1329332270573909,0.05346481482418334,-12.14612258703571,0.12277451987186833,-0.6722824510795244,2.270269748750009,-0.6108381560062874,0.6305203050474294,0.10001128980614431,0.10003355353480185,7.499998235715846,7.499998022285884,0.05450173935885018,0.06659070211286253
3.1584388878913825,0.9509079831733835,-0.42430160070692485,0.8213914935511704,-0.011582404229380361,-12.439176266233273,0.17087397402424342,-1.076162268915186,1.9183175843831333,-0.6072805796943103,0.6110399102113148,-0.10948832364759668,-0.8296440864388858,0.05346449535390416,-12.439176266233273,0.17087397402424342,-1.076162268915186,1.9183175843831333,-0.6072805796943103,0.6110399102113148,0.10001587683673484,0.10006081402858066,7.4999983611483865,7.499998158562915,0.0520857522564462,0.0654199439034208
3.187415391450019,1.0064941194838566,-0.44189846858552784,0.8390972936838774,-0.01735786358791689,-12.645187801441955,0.2183531262120354,-1.3780930521247634,1.5578737490381178,-0.6023292493779184,0.5798564903964236,-0.10948924867794908,-0.5263555930951155,0.05346384722766391,-12.645187801441955,0.2183531262120354,-1.3780930521247634,1.5578737490381178,-0.6023292493779184,0.5798564903964236,0.10002514537110091,0.10015931827981317,7.499998447980202,7.499998251611285,0.049795469858546104,0.06430281808821942
3.2163918950086554,1.051635853716766,-0.45935186422359797,0.8558995073413479,-0.02325025260481615,-18.88308970590636,0.3928346144380963,2.369084612691347,1.1914604197100078,-0.5960021392391959,0.5399241721673983,-0.10949200225068714,-0.22306930460721977,0.053461906141823015,-18.88308970590636,0.3928346144380963,2.369084612691347,1.1914604197100078,-0.5960021392391959,0.5399241721673983,0.10005135242534638,7.373391681345766,7.49999849688874,7.499998301055075,0.04761177398001688,0.06322866486735412
3.245368398567292,1.0861602108084676,-0.4766219223322175,0.8715446220375503,-0.02905671438317761,-19.06712888465032,0.4659442396297391,2.3134639060839524,0.6442945036487575,-0.5846191656359747,0.6085719608777616,-0.25854149135868887,-0.06883082375020608,-0.05191607698295899,-19.06712888465032,0.4659442396297391,2.3134639060839524,0.6442945036487575,-0.5846191656359747,0.6085719608777616,0.10014435458797949,7.499657168050655,7.499998502596851,7.499998314795488,0.04551911559044543,0.062188143486742474
3.2743449021259288,1.1048296127862558,-0.4935621416657155,0.8891789096276113,-0.034275188559001656,-17.31975217060098,0.576193922104902,1.153216817719965,0.09179577566970612,-0.5711177307182174,0.6756080559851806,-0.4101765796283529,0.08281824647117726,-0.1591220789477843,-17.31975217060098,0.576193922104902,1.153216817719965,0.09179577566970612,-0.5711177307182174,0.6756080559851806,5.403495059050018,0.1025545491333899,7.499998473322316,7.499998287095464,0.04350474610597615,0.06117291882329868
3.303321405684565,1.1074895334066166,-0.5101111366222725,0.9087556688661094,-0.03875285989495671,-19.051313682841894,0.9034354124366596,2.3132356867670465,-0.4100700847364256,-0.5544216454838796,0.7090242472077289,-0.3015466530699881,0.27737368737797713,-0.08232071547481704,-19.051313682841894,0.9034354124366596,2.3132356867670465,-0.4100700847364256,-0.5544216454838796,0.7090242472077289,7.499487975074018,0.10010814814751708,7.499998404926819,7.499998213629323,0.04155924148290598,0.06017246678584788
3.3322979092432017,1.0956071361369608,-0.5261763374056213,0.9293007124884839,-0.04325527631073001,-18.89684224654574,1.097249596318729,2.4303001088503997,-0.9621105434639946,-0.5282432460404105,0.7760537293172995,-0.14991429780583934,0.4290269626880187,0.02488336524006901,-18.89684224654574,1.097249596318729,2.4303001088503997,-0.9621105434639946,-0.5282432460404105,0.7760537293172995,7.441466159940346,0.1000447382962053,7.49999829166979,7.499998087050135,0.03967477451422204,0.059176871413880165
3.3612744128018384,1.067728536550474,-0.5414829797043372,0.95178803613774,-0.047881563193462234,-12.635936692136628,0.8052053822111768,-1.3998070384611407,-1.5096749600680106,-0.49644878920796914,0.8464753290699516,0.0005303401153401403,0.5818705490156546,0.13124773017950536,-12.635936692136628,0.8052053822111768,-1.3998070384611407,-1.5096749600680106,-0.49644878920796914,0.8464753290699516,0.10019511832888241,0.10002586981576678,7.499998130146214,7.499997901199522,0.0378447350309841,0.058177310813022895
3.3902509163604746,1.0239834346976788,-0.5558683298115029,0.9763159315228335,-0.05236282513980587,-12.49214854616541,0.8048620150654796,-1.1878580375448449,-1.8758202245944138,-0.4731167525848939,0.8059138154385779,0.0005338037617812323,0.885156075328481,0.13125018561161414,-12.49214854616541,0.8048620150654796,-1.1878580375448449,-1.8758202245944138,-0.4731167525848939,0.8059138154385779,0.10008249261388696,0.10001769773434648,7.499997905098486,7.499997633779454,0.03606428648484836,0.05716400756952074
3.4192274199191113,0.9696287232843562,-0.5695775990764298,0.9996684960638438,-0.05590521356469838,-12.266620754606448,0.8054343959895263,-0.8700357605610909,-2.237799011397392,-0.44979466554113784,0.7714938427865047,0.0005351260157985452,1.1884440670074903,0.13125112830708155,-12.266620754606448,0.8054343959895263,-0.8700357605610909,-2.237799011397392,-0.44979466554113784,0.7714938427865047,0.10004694487528376,0.10001317437898097,7.499997580680386,7.499997230896248,0.034330118241473535,0.05612674511027007
3.448203923477748,0.9047851322670862,-0.5826110758031385,1.0220236901448132,-0.05845912541523358,-11.95106661744093,0.8073319323362321,-0.45258047079601144,-2.593242791345691,-0.4264559928994993,0.7462832484744651,0.000535810892308281,1.4917328649421915,0.1312516226502955,-11.95106661744093,0.8073319323362321,-0.45258047079601144,-2.593242791345691,-0.4264559928994993,0.7462832484744651,0.1000313444916612,0.10001044458294901,7.499997095503752,7.499996588516365,0.03263929112147887,0.05505758960743531
3.477180427036384,0.8296420232952492,-0.5949682793989929,1.0436483693499843,-0.0600664276872201,-11.53485656717852,0.8107670864803863,0.05561988078691292,-2.93954291571547,-0.4030623362891578,0.7331690488518751,0.0005362287958140245,1.795022015402968,0.13125193279879613,-11.53485656717852,0.8107670864803863,0.05561988078691292,-2.93954291571547,-0.4030623362891578,0.7331690488518751,0.10002306275824771,0.10000869082421328,7.499996317397889,7.499995446122284,0.030990203386816642,0.05394772238382754
3.506156930595021,0.7444643475372549,-0.6066476166208282,1.0648930449031229,-0.06083838466806669,-11.005401863343284,0.8157492519123449,0.6425639377151192,-3.2737827280826806,-0.3795691409225337,0.734780718525428,0.0005365054590932487,2.0983113321608453,0.13125215364625542,-11.005401863343284,0.8157492519123449,0.6425639377151192,-3.2737827280826806,-0.3795691409225337,0.734780718525428,0.10001812094636874,0.10000752161772795,7.499994907585649,7.499992932809111,0.029382565839132218,0.052787191881216396
3.5351334341536576,0.6496015706667642,-0.6176462031835189,1.0861844210082925,-0.06092740900533622,-10.348717180791978,0.8220794397367218,1.2926190912021593,-3.5926807943400725,-0.3559315798215407,0.7533999747532816,0.0005366821983891978,2.4016006937542866,0.1312523358230573,-10.348717180791978,0.8220794397367218,1.2926190912021593,-3.5926807943400725,-0.3559315798215407,0.7533999747532816,0.10001145284740794,0.1000075998997058,7.499989882367739,7.499988188964693,0.02781740099143686,0.051564624880323
3.5641099377122942,0.5454982428445238,-0.6279598558728491,1.1080153180578076,-0.06050102141480789,-8.337008044709876,0.7239930952654783,0.48752577427159544,-3.892550434556614,-0.3321105920105279,0.7908555564494625,0.0005367264530237013,2.704889990196799,0.13125241617998348,-8.337008044709876,0.7239930952654783,0.48752577427159544,-3.892550434556614,-0.3321105920105279,0.7908555564494625,0.10000857709317694,0.10000772550693442,5.56911562680195,7.499963978273293,0.02629703673936055,0.05026689334838889
3.5930864412709305,0.43270574132542167,-0.6375832596241032,1.130931546903633,-0.05972282711829718,-0.22623486182866928,0.022027899915723514,-9.480782804424493,-4.134127777832533,-0.3111318035091396,0.8049823487825718,0.04010480198597037,2.9686102579340625,0.10327781145418191,-0.22623486182866928,0.022027899915723514,-9.480782804424493,-4.134127777832533,-0.3111318035091396,0.8049823487825718,0.10000702524364292,0.10000780458056445,0.10001011082702309,0.10003930786397876,0.024825054596312016,0.04887873903448228
3.622062944829567,0.3129131730591989,-0.6465987714356911,1.1542571207977708,-0.05708655329886022,-0.19705716555519978,0.021724818175654335,-9.46254844115826,-4.1406832731113985,-0.31049351198884234,0.5302624121115054,0.04010538433786992,2.968610966749071,0.10327737714892979,-0.19705716555519978,0.021724818175654335,-9.46254844115826,-4.1406832731113985,-0.31049351198884234,0.5302624121115054,0.10000614321983214,0.10000791448396244,0.10000507764296827,0.10001346327460002,0.02340614006508424,0.04738237010876802
3.651039448388204,0.1929306494606995,-0.6555957877907695,1.169622271469331,-0.05483609944639228,-0.16643389399287037,0.02136361543211478,-9.446869007755476,-4.146393300770364,-0.30986400271766473,0.25607084353251247,0.04010551988330362,2.9686110586216734,0.1032772299932667,-0.16643389399287037,0.02136361543211478,-9.446869007755476,-4.146393300770364,-0.30986400271766473,0.25607084353251247,0.10000570547162986,0.10000822413139723,0.10000343251705145,0.10000859036284383,0.022045202203036615,0.04575790664478426
3.68001595194684,0.07278266922542016,-0.6645745631682116,1.177042309178214,-0.05288301205417869,-0.13457912149782544,0.02094626328179427,-9.433876840473285,-4.151215973091926,-0.30924495983907074,-0.017666389888687257,0.04010557396702572,2.968611019548003,0.10327711877412137,-0.13457912149782544,0.02094626328179427,-9.433876840473285,-4.151215973091926,-0.30924495983907074,-0.017666389888687257,0.1000055832735324,0.10000883130977194,0.10000262348184337,0.10000660750961785,0.020743588852150052,0.04398714468137777
3.7089924555054767,-0.04750505519154706,-0.6735354008474791,1.1765303989687363,-0.05116339894667348,-0.1017270946230808,0.020476069976474307,-9.423669736144888,-4.155115605484926,-0.3086380103665457,-0.2910271557284002,0.040105589049388636,2.968610913322849,0.10327701399415701,-0.1017270946230808,0.020476069976474307,-9.423669736144888,-4.155115605484926,-0.3086380103665457,-0.2910271557284002,0.10000575696502359,0.10000992822110111,0.10000214754997921,0.10000559656641268,0.019502202117010245,0.042047879144417315
3.7379689590641134,-0.16790577732042744,-0.682478651253196,1.1680974495551124,-0.04962986757588642,-0.06812050932447673,0.019956777557872406,-9.416323170236513,-4.158063301004281,-0.30804468545200553,-0.564092155373218,0.04010557424883717,2.9686107505898676,0.10327690358973018,-0.06812050932447673,0.019956777557872406,-9.416323170236513,-4.158063301004281,-0.30804468545200553,-0.564092155373218,0.10000630532842755,0.10001196243564113,0.10000183815931865,0.10000504710151006,0.018321444527053397,0.03991280430554775
3.7669454626227497,-0.28839191335901415,-0.6914047091774154,1.1517520312075415,-0.048246417014406025,-0.034007816282016094,0.01939251035141375,-9.411890056625936,-4.160037195185138,-0.3074664078160809,-0.836944277224848,0.040105524079627405,2.968610517333046,0.10327677513617405,-0.034007816282016094,0.01939251035141375,-9.411890056625936,-4.160037195185138,-0.3074664078160809,-0.836944277224848,0.10000749334007324,0.1000162684801533,0.10000162426223683,0.10000477282865573,0.01720121802451624,0.03754805552977443
3.7959219661813863,-0.4089352459493569,-0.7003140106376594,1.1275003123801552,-0.04698509174194774,0.0003592547015685145,0.018787956355115657,-9.410395830814531,-4.161022622794655,-0.3069044806708723,-1.1096679429441652,0.040105408776634606,2.968610161484997,0.10327660238251204,0.0003592547015685145,0.018787956355115657,-9.410395830814531,-4.161022622794655,-0.3069044806708723,-1.1096679429441652,0.10001019958423561,0.10002938726711609,0.100001470556523,0.10000470047205144,0.01614097984860452,0.0349112627758263
3.824898469740023,-0.5295071327863335,-0.7092070294139807,1.0953460152825287,-0.04582371935671308,0.034810342099959396,0.018190216620204498,-9.410918682728557,-4.161012212849517,-0.30636007138668875,-1.382348311223941,0.040105081760861944,2.968609476708683,0.1032762775907019,0.034810342099959396,0.018190216620204498,-9.410918682728557,-4.161012212849517,-0.30636007138668875,-1.382348311223941,0.10001914234993071,0.10098409099771656,0.1000013576125306,0.1000048125360738,0.015139855138626753,0.032088728649155025
3.8538749732986592,-0.6500787179794978,-0.7180842731127415,1.0552903945230732,-0.044744335862192966,2.2771184694039994,0.5780161823242901,3.2129210546629485,-4.16000353084778,-0.305832982510061,-1.655043829924064,0.04008537827689989,2.9685890443145273,0.10326224711593628,2.2771184694039994,0.5780161823242901,3.2129210546629485,-4.16000353084778,-0.305832982510061,-1.655043829924064,5.53315436186033,7.499973545171266,0.10000128041611311,0.10000513614401844,0.014196671941219527,0.029186362385611866
3.882851476857296,-0.7706210750950493,-0.7269462436187929,1.0073330110955792,-0.043732663221512987,3.892361317485511,0.6373793759204665,4.869325111100382,-4.094020599415658,-0.28908409454599165,-1.5619446115500029,-0.00021973582415292292,2.7056053169191503,0.07476641972097844,3.892361317485511,0.6373793759204665,4.869325111100382,-4.094020599415658,-0.28908409454599165,-1.5619446115500029,7.4999825793302195,7.499987876114447,0.10000123183329335,0.10000577360729358,0.01331002226194801,0.02635109977923995
3.9118279804159326,-0.8892514775631486,-0.7353228899131502,0.9620733175006074,-0.044073563869600735,5.031130914865662,0.6280429677095626,4.51944644554431,-3.9812335778480397,-0.27061506879143077,-1.4208485951400445,-0.00021975129625797322,2.4023159296654484,0.07476627717746953,5.031130914865662,0.6280429677095626,4.51944644554431,-3.9812335778480397,-0.27061506879143077,-1.4208485951400445,7.499991422029282,7.4999923367064305,0.10000120332078988,0.10000686974892306,0.012478287011841083,0.02383616129593663
3.940804483974569,-1.0046137064994258,-0.7431643684170061,0.9209020931272482,-0.044396512898458314,6.016543904155715,0.6190338145671977,4.134818279968004,-3.835448994989468,-0.25241657950261803,-1.2898908391276624,-0.0002196539206360851,2.0990262916715055,0.07476618182875906,6.016543904155715,0.6190338145671977,4.134818279968004,-3.835448994989468,-0.25241657950261803,-1.2898908391276624,7.499994265708752,7.499994435407829,0.10000118999185102,0.10000880214972967,0.011698818387726654,0.02174756331477172
3.9697809875332055,-1.1157516079517071,-0.7504785183312228,0.883525566637013,-0.044633514746980796,6.853840931223925,0.610905280679716,3.7432954218571703,-3.6611105891400073,-0.2344791439718953,-1.1700782625238542,-0.00021950140547767437,1.7957365917221708,0.074766069083256,6.853840931223925,0.610905280679716,3.7432954218571703,-3.6611105891400073,-0.2344791439718953,-1.1700782625238542,7.499995621755022,7.499995626524181,0.10000118946866406,0.10001274528436396,0.010967895516560133,0.01998951461730068
3.998757491091842,-1.2218377919664847,-0.7572729040809506,0.8496207896991074,-0.0447193955878945,7.550139197722846,0.6040388550021885,3.3684224893961487,-3.462510243006068,-0.21677724493228967,-1.0616106494113822,-0.00021926469476957672,1.4924469203691781,0.07476590159059165,7.550139197722846,0.6040388550021885,3.3684224893961487,-3.462510243006068,-0.21677724493228967,-1.0616106494113822,7.4999966502733315,7.499996102099811,0.10000123229381726,0.10001536243636838,0.010281267041945073,0.018464582090661614
4.027733994650479,-1.3221692323447656,-0.7635543506901628,0.8188590249385521,-0.04459351622355301,8.113351503855336,0.5986532006500369,3.0296097272039675,-3.243733607675051,-0.19927431090076403,-0.9640055431604032,-0.00021896389825050303,1.1891572727032111,0.07476570481160451,8.113351503855336,0.5986532006500369,3.0296097272039675,-3.243733607675051,-0.19927431090076403,-0.9640055431604032,7.499997219640363,7.499996457048476,0.10000129199360283,0.10001938086343919,0.009634543735502881,0.017109639403381033
4.056710498209116,-1.416161290770831,-0.7693286234691239,0.7909255148866194,-0.04420319403029444,8.551290429367523,0.5948124560896043,2.7423816810064867,-3.0086370489511176,-0.1819274343017391,-0.8762180461187976,-0.00021857758322374818,0.8858676896669615,0.07476545378412704,8.551290429367523,0.5948124560896043,2.7423816810064867,-3.0086370489511176,-0.1819274343017391,-0.8762180461187976,7.49999756052708,7.499996713105746,0.1000013713285553,0.10002592511437669,0.009023447336934113,0.015884131154010495
4.085687001767751,-1.5033410729264087,-0.774600244416582,0.7655357795551166,-0.0435082901801493,8.870960683268919,0.5924336986101121,2.5186700264112596,-2.7608505513936152,-0.16469184905113737,-0.7967534135799735,-0.00021805704703589562,0.5825782301321337,0.07476511032034942,8.870960683268919,0.5924336986101121,2.5186700264112596,-2.7608505513936152,-0.16469184905113737,-0.7967534135799735,7.4999977658062935,7.499996884994556,0.10000147482565766,0.10003761615592194,0.008443950263593398,0.01476062979694207
4.114663505326388,-1.5833408687537298,-0.779372438366691,0.7424486514311609,-0.042486125729059764,9.07802141803997,0.5912924645798687,2.367096206194306,-2.5038011275863483,-0.14752519187510527,-0.7237711625966365,-0.00021729836794852394,0.27928900456864997,0.07476459945707899,9.07802141803997,0.5912924645798687,2.367096206194306,-2.5038011275863483,-0.14752519187510527,-0.7237711625966365,7.499997877279594,7.499996980192964,0.10000160962476949,0.10006181107577931,0.00789234351789611,0.013719592537526892
4.143640008885025,-1.6558922710373538,-0.7836472026140487,0.7214762937625411,-0.041135619948718435,9.176410141434204,0.5910265488167673,2.2932198615460213,-2.2407518076611344,-0.13039160367101174,-0.6551809909542121,-0.0002160463014750538,-0.023999726651435672,0.07476374024051614,9.176410141434204,0.5910265488167673,2.2932198615460213,-2.2407518076611344,-0.13039160367101174,-0.6551809909542121,7.499997912432198,7.499996998181681,0.10000178706409929,0.10012654136411307,0.007365260338054076,0.012746468603163476
4.172616512443661,-1.7208214237660682,-0.7874254953818384,0.7024914394466054,-0.03947948244455506,9.16818695261566,0.5911429974272364,2.2998255566719688,-1.9748515265423578,-0.11326572077597404,-0.5887314974753879,-0.00021347102905513776,-0.3272871288339316,0.07476194601469857,9.16818695261566,0.5911429974272364,2.2998255566719688,-1.9748515265423578,-0.11326572077597404,-0.5887314974753879,7.499997872908106,7.499996927775639,0.10000202576586582,0.10043004434901483,0.006859674284407988,0.011830028308228803
4.201593016002298,-1.778045716052702,-0.7907075399429752,0.6854320591149285,-0.03756357266784873,9.181329297144728,0.5993684628327133,2.5593473303457794,-1.7091895246836453,-0.09613646360736065,-0.5220905940482393,-0.00020468045717946898,-0.6305683043138421,0.07475575846701675,9.181329297144728,0.5993684628327133,2.5593473303457794,-1.7091895246836453,-0.09613646360736065,-0.5220905940482393,7.499997743301441,7.4999967393752565,0.10000235893908013,0.31612470680074595,0.006372883970068346,0.010961345978866725
4.230569519560935,-1.827572052397082,-0.7934932385228088,0.6703036991585591,-0.03545313866902579,13.103236252220094,0.8753574996894218,8.534572873032841,-1.4431467036319205,-0.07876886121115427,-0.4479296570226927,0.004224243922013777,-0.9294293270193308,0.07162453802119778,13.103236252220094,0.8753574996894218,8.534572873032841,-1.4431467036319205,-0.07876886121115427,-0.4479296570226927,7.499997446095706,7.4999963436994195,0.10000289220709078,7.460686040995012,0.005902492212674583,0.010133149507358477
4.2595460231195705,-1.8693893979905072,-0.7957756847100038,0.6573242638578222,-0.033166559444531826,8.492143419729762,0.5847205932692477,2.783170111334882,-1.063460731739805,-0.05340406150632425,-0.20062757579580703,0.15506363104962864,-1.0818798529393037,-0.03501887673443603,8.492143419729762,0.5847205932692477,2.783170111334882,-1.063460731739805,-0.05340406150632425,-0.20062757579580703,7.499996877264975,7.499995586614097,0.10000377338268243,0.10021203387302977,0.005446384465204669,0.00933938498297168
4.288522526678207,-1.900204771668236,-0.7973231476882877,0.6515107781938145,-0.028656229268265433,8.094747554075175,0.5126623306322504,3.0451323891543836,-0.8173881077175537,-0.036460903154649775,-0.11998103716042095,0.15506792529247837,-1.3851654123153099,-0.035021875365581025,8.094747554075175,0.5126623306322504,3.0451323891543836,-0.8173881077175537,-0.036460903154649775,-0.11998103716042095,7.4999956605188105,7.499993994271366,0.10000554193216238,0.1000768219192828,0.005002687033157704,0.008574914147951081
4.317499030236844,-1.923889821080301,-0.7983796571782997,0.6480341472435669,-0.024077450483821813,7.573736588710504,0.43933526804559664,3.3614214929179025,-0.58283062641063,-0.021605741306705447,-0.03174374764956955,0.1550694201487906,-1.6884536487250532,-0.035022883946968765,7.573736588710504,0.43933526804559664,3.3614214929179025,-0.58283062641063,-0.021605741306705447,-0.03174374764956955,7.499991681492584,7.499988918641931,0.10001060767065241,0.10003660588525756,0.004569072509675558,0.0078353449776334
4.346475533795481,-1.940778214800571,-0.7990057160181607,0.6471143244268348,-0.01949010961361847,1.411373537122219,0.07434580983457306,-7.051630541687631,-0.3633702211956843,-0.00887534134874767,0.06565849420204342,0.15507000953712852,-1.9917424199017002,-0.035023220586771896,1.411373537122219,0.07434580983457306,-7.051630541687631,-0.3633702211956843,-0.00887534134874767,0.06565849420204342,0.16223771322404917,2.737057057496112,0.10005756124604258,0.10001931875246094,0.004144226715469887,0.00711688436791017
4.375452037354117,-1.9513074133081505,-0.799262892378337,0.6490168780177352,-0.014940352340102379,0.1613998071192742,0.0075925025310913255,-9.443923461614059,-0.32247355087469726,-0.00672105972550647,-0.13867310328335902,0.102304542757852,-2.0470563497574505,-0.07232729746596901,0.1613998071192742,0.0075925025310913255,-9.443923461614059,-0.32247355087469726,-0.00672105972550647,-0.13867310328335902,0.10000488128475506,0.10003080296769494,0.10007271159789949,0.100041045970295,0.0037270542937173938,0.00641631569275823
4.404428540912754,-1.9606515693026374,-0.7994576451893912,0.6449986163469579,-0.012509353750642285,0.1394643652919224,0.006217278953719008,-9.434883392337207,-0.3177967487893424,-0.006501055548895345,-0.4123249850763099,0.10230336264546942,-2.0470547498340332,-0.07232721424625253,0.1394643652919224,0.006217278953719008,-9.434883392337207,-0.3177967487893424,-0.006501055548895345,-0.4123249850763099,0.10000239062966562,0.10001488219399365,0.10010608459540889,0.10012835474219654,0.0033166807419411056,0.00573095512219171
4.43340504447139,-1.969860207924855,-0.799646023048639,0.6330508799495796,-0.010048402548129897,1.1770180298998127,0.04897762463560053,-5.959405081853125,-0.313755559112158,-0.006320900543167872,-0.6857149172696897,0.10230356303382117,-2.0470502995325734,-0.07232771788267552,1.1770180298998127,0.04897762463560053,-5.959405081853125,-0.313755559112158,-0.006320900543167872,-0.6857149172696897,0.10000155620986058,0.10000955433835919,0.7423356809207805,3.08442008457689,0.002913285503006321,0.005058633730509625
4.462381548030026,-1.9789517470000106,-0.7998291806457221,0.6131812592091044,-0.007542536914785966,3.5736931445063798,0.13489215647058833,4.962879627291209,-0.2796496919801887,-0.00490170022862093,-0.8583976398313701,0.1502987435849972,-1.9727289562508183,-0.10626054229015602,3.5736931445063798,0.13489215647058833,4.962879627291209,-0.2796496919801887,-0.00490170022862093,-0.8583976398313701,0.1000011259237546,0.1000067322524135,7.49996081171956,7.499618530613064,0.0025172770358518645,0.004397652371048851
4.491358051588663,-1.9870550172948465,-0.7999712147798402,0.5883078969438055,-0.003828063874706809,1.4098393956006403,0.03426026754536331,-2.0710431970537746,-0.1760965598609245,-0.0009929971766188509,-0.7145907406500815,0.15029161447502346,-1.669447601387342,-0.1062556644612071,1.4098393956006403,0.03426026754536331,-2.0710431970537746,-0.1760965598609245,-0.0009929971766188509,-0.7145907406500815,0.10000087304450725,0.10000511369493773,7.4999837957745665,0.16641176362428137,0.002129118140938167,0.0037466745501751946
4.5203345551473,-1.9921576798883205,-0.7999999883660626,0.5676015558043896,-3.342103415412333e-07,1.9978913853727716,5.483244103083621e-06,5.257868109703899,-0.13524434359719578,-2.544121707928704e-07,-0.774602331219596,7.739675632902852e-06,-1.516442039843964,-5.087857260551237e-06,1.9978913853727716,5.483244103083621e-06,5.257868109703899,-0.13524434359719578,-2.544121707928704e-07,-0.774602331219596,0.10000070754335888,0.10000416286355762,7.499991959797208,7.499747225509731,0.0017492043161914596,0.003104598608197408
4.549311058705936,-1.99607658809185,-0.7999999957380379,0.5451562885972769,-1.2754233489289768e-07,1.3340917999505642,2.0293182436542906e-06,5.331265400564727,-0.07735243675917237,-9.552692852699393e-08,-0.6222476972279194,2.6536310429140295e-06,-1.213157348158974,-1.5921468337840862e-06,1.3340917999505642,2.0293182436542906e-06,5.331265400564727,-0.07735243675917237,-9.552692852699393e-08,-0.6222476972279194,0.10000059048392566,0.10000350377218586,7.499995297997964,7.499925570094853,0.0013777150572840315,0.0024704265312734896
4.578287562264573,-1.9983179912508717,-0.7999999985060745,0.5271257259841988,-5.4319270105639803e-08,0.8011177726105907,8.466099924479599e-07,5.3688433164295155,-0.03869512097035703,-3.6724381218139145e-08,-0.4677662663764197,1.1650258515500619e-06,-0.9098689174202158,-6.241198715162447e-07,0.8011177726105907,8.466099924479599e-07,5.3688433164295155,-0.03869512097035703,-3.6724381218139145e-08,-0.4677662663764197,0.10000050424377714,0.10000304434194714,7.499996971424353,7.4999690230617215,0.0010153781056450033,0.001843336642201525
4.607264065823209,-1.9994392405613712,-0.799999999570219,0.5135714951019325,-2.143979828033802e-08,0.4006986551270735,3.296856453256111e-07,5.384702487714883,-0.015481528981419277,-1.2192583759193518e-08,-0.3121959589121379,5.402387275911485e-07,-0.6065795507431868,-2.559985389812566e-07,0.4006986551270735,3.296856453256111e-07,5.384702487714883,-0.015481528981419277,-1.2192583759193518e-08,-0.3121959589121379,0.10000043821449164,0.10000271011651277,7.499997910404832,7.499983911730079,0.0006631980848573427,0.0012226539472463213
4.636240569381846,-1.9998878411409948,-0.7999999999235177,0.504525147787523,-5.971247697197938e-09,0.1335800562464638,9.108918773260482e-08,5.3894048258325125,-0.003870682975188758,-2.639446484184538e-09,-0.15616610811466858,2.0681268359691195e-07,-0.3032898515145983,-8.609810338037269e-08,0.1335800562464638,9.108918773260482e-08,5.3894048258325125,-0.003870682975188758,-2.639446484184538e-09,-0.15616610811466858,0.1000003861248112,0.10000246085624573,7.499998484704134,7.499990467357586,0.0003231131602633194,0.000608006374395443
