0.027204102501723258,-2.0,0.8,0.5,-2.865147436694747e-17,-9.213111908209701e-17,3.044571245742095e-16,0.8161211369514556,-1.1448774916316712e-18,3.783451886775935e-18,-1.779957398876652e-21,0.029852065998333368,0.18104000175478258,-0.021105406265237756,-9.213111908209701e-17,3.044571245742095e-16,0.8161211369514556,-1.1448774916316712e-18,3.783451886775935e-18,-1.779957398876652e-21,0.10000126424059719,0.10000057091331307,4.437242820740288,5.988876481057259,1.0000000075610904,0.9999999997575325
0.054408205003446515,-2.0,0.8,0.5,0.00081209866330684,0.05511161940430536,-0.009120015337230624,1.3810774991046098,-3.6512218987849546e-18,1.2065934711222844e-17,0.022201843063450327,0.059704131063208515,0.3777814075236907,-0.04221079740475797,0.05511161940430536,-0.009120015337230624,1.3810774991046098,-3.6512218987849546e-18,1.2065934711222844e-17,0.022201843063450327,0.10000136429237545,0.10000064180087975,4.845302266629908,6.1459126430656905,0.9991995537197472,0.9993276442808782
0.08161230750516978,-2.0,0.8,0.5006039812144253,0.002430681579201423,0.17008793623360674,-0.027493845056353515,1.3798882007315125,0.0014992621433106799,-0.000248101832051298,0.05977281691191573,0.08472673194729384,0.5853947469490915,-0.059901756575073586,0.17008793623360674,-0.027493845056353515,1.3798882007315125,0.0014992621433106799,-0.000248101832051298,0.05977281691191573,0.10000148658890562,0.10000073062237537,5.253358948200825,5.737853413999663,0.9983990998817656,0.9986519017608818
0.10881641000689303,-1.9999592139189764,0.7999932506123301,0.5022300470525137,0.004711408313481442,0.34719803931758614,-0.05372668365145023,1.34440921765449,0.006126351794916288,-0.0009960472111308365,0.09731143696553428,0.09404798914283853,0.7930080333012289,-0.06649186484693272,0.34719803931758614,-0.05372668365145023,1.34440921765449,0.006126351794916288,-0.0009960472111308365,0.09731143696553428,0.10000163915632249,0.10000084510057496,5.630145091933864,5.329793195602681,0.9975986189770635,0.9979740586861657
0.13602051250861627,-1.9997925520167859,0.799966154041902,0.5048773173583141,0.007216733593463029,0.5592556080260094,-0.07945974041830355,0.7969167507534294,0.015571562844909242,-0.0024576334202625477,0.1338848831268686,0.08826950104325827,1.0000196291317676,-0.06240645215895553,0.5592556080260094,-0.07945974041830355,0.7969167507534294,0.015571562844909242,-0.0024576334202625477,0.1338848831268686,0.29564220759808535,0.1824821191197669,5.222090266926503,4.9217326686456255,0.9967980467769013,0.9972945611132108
0.16322461501033955,-1.9993689416250409,0.7998992963304253,0.5085195354423288,0.00953881174817556,0.8473891882310538,-0.10684358137423718,0.7775551094350865,0.030785609730312368,-0.0046192643433624,0.15556428809970513,0.08466798743311955,1.1859790744684264,-0.05678176339051919,0.8473891882310538,-0.10684358137423718,0.7775551094350865,0.030785609730312368,-0.0046192643433624,0.15556428809970513,0.7037019058675433,0.5905426526381764,4.814032746418375,4.5136720068800615,0.9959972807982302,0.9966135444795727
0.1904287175120628,-1.9985314467423596,0.799773633389746,0.5127515222814008,0.011743054097794586,1.1882674250327467,-0.13395316083614273,0.7444274333620737,0.053838072065802024,-0.007525848082718358,0.17671697699751587,0.08106639731853431,1.3405357043005726,-0.051157043255637275,1.1882674250327467,-0.13395316083614273,0.7444274333620737,0.053838072065802024,-0.007525848082718358,0.17671697699751587,1.1117624666399926,0.998603641837958,4.405974471020747,4.10561128297921,0.9951961607375555,0.9959309405977071
0.21763282001378606,-1.9970668303113863,0.7995688994470913,0.5175589490374358,0.013839842726541884,1.5720550509082494,-0.16072660625530155,0.6937483613807992,0.08616382089585163,-0.011169923600534605,0.1969684571997925,0.0774647518543637,1.463689477548681,-0.045532295643579565,1.5720550509082494,-0.16072660625530155,0.6937483613807992,0.08616382089585163,-0.011169923600534605,0.1969684571997925,1.5198233091530404,1.4066647768581255,3.9979159889182427,3.6975505363582095,0.9943944733055723,0.9952465121822206
0.24483692251550934,-1.9947228208957954,0.799265031700526,0.5229172991367053,0.01584422078405142,1.9886886352640833,-0.18703516449219365,0.6224551461214443,0.12893016763911141,-0.015542346671857945,0.21584125873319832,0.07386305719529425,1.5554403815729252,-0.03990752120812205,1.9886886352640833,-0.18703516449219365,0.6224551461214443,0.12893016763911141,-0.015542346671857945,0.21584125873319832,1.9278842875439026,1.8147259789685333,3.589857623756087,3.2894897925986495,0.993591908917525,0.9945598567071798
0.27204102501723254,-1.9912153913997765,0.7988422161085474,0.5287890668633841,0.017774403459049067,2.4279605552719095,-0.21270142063310946,0.5285603027669705,0.18303065711684766,-0.02063047045813025,0.2327745923310112,0.07026131246996098,1.6157884147732597,-0.03428271746190544,2.4279605552719095,-0.21270142063310946,0.5285603027669705,0.18303065711684766,-0.02063047045813025,0.2327745923310112,2.3359453428178893,2.2227872152641575,3.181799747916567,2.881429070613744,0.9927880434569983,0.9938704096026881
0.2992451275189558,-1.986236206642612,0.7982809826755457,0.5351214907329539,0.019650254540459485,2.8796534226370825,-0.2375188394020737,0.41141634961559437,0.2490811449326056,-0.026416821707295514,0.24715360098582576,0.06665950950462629,1.6447335848458862,-0.02865787746453903,2.8796534226370825,-0.2375188394020737,0.41141634961559437,0.2490811449326056,-0.026416821707295514,0.24715360098582576,2.744006444824784,2.630848467599416,2.7737431501119865,2.4733683856204522,0.9919823224471799,0.9931774460333854
0.3264492300206791,-1.979460177644619,0.7975623367500507,0.5418450826278423,0.021491777582382087,3.3337105945652823,-0.26127154196480123,0.2718866033881853,0.32741953181146305,-0.03287830856047987,0.2583458135316532,0.06305762501323159,1.6422759158830582,-0.023032983917796415,3.3337105945652823,-0.26127154196480123,0.2718866033881853,0.32741953181146305,-0.03287830856047987,0.2583458135316532,3.1520675702998315,3.0389097261353033,2.365688686365448,2.0653077806077804,0.991174047258608,0.9924800811493965
0.35365333252240233,-1.9705530231401538,0.7966679118738881,0.5488731486200484,0.023317612850282818,3.780423388908598,-0.2837532453900181,0.11242160409144583,0.4181101365370978,-0.03998596636887361,0.26574224455907075,0.05945561980936581,1.6084154499101093,-0.017408008647137454,3.780423388908598,-0.2837532453900181,0.11242160409144583,0.4181101365370978,-0.03998596636887361,0.26574224455907075,3.560128703307422,3.446970982858943,1.9576380914427838,1.6572473190202572,0.9903623628878494,0.9917772682372025
0.3808574350241256,-1.959178712128789,0.7955801295461588,0.5561024278800714,0.025143496561491858,4.210612002033953,-0.30478428182166056,-0.06295763903083977,0.5209531619088793,-0.0477052187416603,0.2688005734001826,0.055853422399455996,1.5431522640090896,-0.011782900852389453,4.210612002033953,-0.30478428182166056,-0.06295763903083977,0.5209531619088793,-0.0477052187416603,0.2688005734001826,3.968189830786604,3.85503223017172,1.5495954187012209,1.2491871181856824,0.9895462467569798,0.9910677938927793
0.4080615375258489,-1.9450066489136228,0.7942823518856436,0.563414906231372,0.02698063183417332,4.615777773545257,-0.32422581248475923,-0.24876050490106022,0.6354990824071971,-0.05599660158525086,0.2670878673347212,0.05225088545913293,1.4464865158997906,-0.006157556269604671,4.615777773545257,-0.32422581248475923,-0.24876050490106022,0.6354990824071971,-0.05599660158525086,0.2670878673347212,4.376250939989359,4.263093459765504,1.141572551155364,0.8411274622371593,0.9887244979129751,0.990350269129603
0.4352656400275721,-1.9277184667360665,0.7927590145963702,0.5706807919513124,0.02883394767031862,4.988217590628133,-0.34199129827308195,-0.4381789558936514,0.7610671740838982,-0.06481687382179074,0.26032056106101226,0.04864763842644287,1.318418597792208,-0.0005317129266463452,4.988217590628133,-0.34199129827308195,-0.4381789558936514,0.7610671740838982,-0.06481687382179074,0.26032056106101226,4.784312016307544,4.671154661339456,0.7336247599284377,0.43306947545450336,0.9878957259504053,0.9896231150993776
0.4624697425292954,-1.9070143173215912,0.790995729717081,0.5777625791777222,0.030700287763924725,5.430779839456676,-0.3654360588704134,-0.43390144494512106,0.896767156720245,-0.07412044015470909,0.24840029583078332,0.04504226891945013,1.1589499873729645,0.005095627598173291,5.430779839456676,-0.3654360588704134,-0.43390144494512106,0.896767156720245,-0.07412044015470909,0.24840029583078332,5.192373040492899,5.079215820632619,0.4699086464054634,0.1000031861863788,0.9870583389396327,0.9888845417424097
0.4896738450310187,-1.8826185716699948,0.7889793496656394,0.5845200862869612,0.03256667272133066,6.369577502299155,-0.423006121000737,0.4282397966901938,1.0445066481371166,-0.0840618001580456,0.2365963964468504,0.04010266110625491,0.972298349237997,0.01166627092999137,6.369577502299155,-0.423006121000737,0.4282397966901938,1.0445066481371166,-0.0840618001580456,0.2365963964468504,5.600433983840513,5.487276915749382,0.877608652401002,0.10000290000890466,0.9862105296134709,0.988132517091064
0.5168779475327419,-1.8542037057503413,0.7866925238376606,0.5909564789074396,0.034391010977966596,7.311199691852387,-0.48138568244002783,1.2765535717941252,1.2177852874023332,-0.095569302032606,0.24824627577132757,0.027319259327712727,0.7777890289103522,0.0237824724665663,7.311199691852387,-0.48138568244002783,1.2765535717941252,1.2177852874023332,-0.095569302032606,0.24824627577132757,6.00849479795188,5.8953379091823646,1.2851466471382766,0.10000266880440606,0.9853502590399575,0.9873647239768006
0.5440820500344651,-1.8210749499667576,0.7840926467491474,0.5977097960391939,0.03604059669835635,7.778204316156244,-0.506911439598289,1.4581917316863793,1.416679913230053,-0.10866496748056652,0.2829737699873559,0.0066951810638989605,0.5754189149378279,0.04144202739994467,7.778204316156244,-0.506911439598289,1.4581917316863793,1.416679913230053,-0.10866496748056652,0.2829737699873559,6.416555387871968,6.303398726734318,0.8814873620670564,0.10000247984133379,0.9844751893950953,0.9865785006845582
0.5712861525361884,-1.7825354443951151,0.7811365138354597,0.6054078434832291,0.03738992312816735,8.190967562826211,-0.5245373834510629,1.6673537346605936,1.6282789807261138,-0.12245503824269445,0.3226425673233175,-0.006162859552278047,0.34958130158048,0.0536109875239232,8.190967562826211,-0.5245373834510629,1.6673537346605936,1.6282789807261138,-0.12245503824269445,0.3226425673233175,6.824615518074322,6.711459183588,0.4740873185935523,0.10000232437301212,0.9835824157350802,0.985770769559657
0.5984902550379116,-1.7382395761020402,0.777805234423253,0.6141850449561118,0.03851605066140708,8.559990184173706,-0.5382484763480422,1.9461906549754402,1.8511069018935284,-0.1367246069880829,0.3680014292276554,-0.011182894916526262,0.10020423640186281,0.06023846904853184,8.559990184173706,-0.5382484763480422,1.9461906549754402,1.8511069018935284,-0.1367246069880829,0.3680014292276554,7.232674248684336,7.119518540802523,0.10016434575750366,0.1000021955161698,0.9826683761192976,0.9849379591332142
0.6256943575396349,-1.6878818742012813,0.7740857642002413,0.6241961935576015,0.039480369100439845,8.974555331772462,-0.5574268812220415,2.445161391852597,2.0839737522775343,-0.1513671737100514,0.4209457992935032,-0.009008999354937902,-0.17206816293581012,0.06177982436236074,8.974555331772462,-0.5574268812220415,2.445161391852597,2.0839737522775343,-0.1513671737100514,0.4209457992935032,7.499997230493416,7.499997804128479,0.10008014174023062,0.10000208894508321,0.9817289537823848,0.9840759066943933
0.6528984600413582,-1.6311892386334226,0.7699679560912369,0.6356476462292519,0.040329458576951575,8.917102997006673,-0.5540826582633257,2.4871398526873514,2.32811847543046,-0.16653147172403174,0.4874642204307175,-0.00901051205753112,-0.4568053234272226,0.06178087823786707,8.917102997006673,-0.5540826582633257,2.4871398526873514,2.32811847543046,-0.16653147172403174,0.4874642204307175,7.499997140475287,7.499997650385672,0.10004866925161163,0.10000200060776968,0.9807593788745587,0.9831797273829719
0.6801025625430814,-1.5678548649916564,0.7654376168646936,0.6489086728477718,0.04093838755625713,8.70163401599676,-0.5476989205594509,2.5094965374356137,2.570700259379453,-0.18160479315385455,0.555124627919345,-0.00901141973095762,-0.7415430864311148,0.061781506091325225,8.70163401599676,-0.5476989205594509,2.5094965374356137,2.570700259379453,-0.18160479315385455,0.555124627919345,7.4475581662715955,7.445067359651892,0.10003313299102877,0.1000019280006326,0.979754094023665,0.9822436341841996
0.7073066650448047,-1.4979212716342913,0.7604972214569319,0.6640103401269205,0.04129589671216501,7.9942203542215635,-0.5167392458039417,2.0071424257260353,2.8074204030831105,-0.19650445072883704,0.6233932289514631,-0.00896409918298232,-1.0242154605639626,0.06181581062250107,7.9942203542215635,-0.5167392458039417,2.0071424257260353,2.8074204030831105,-0.19650445072883704,0.6233932289514631,7.039499710677141,7.037008487993147,0.10002430254951587,0.1000018692042242,0.9787065298960264,0.9812606954380595
0.734510767546528,-1.421547919223389,0.7551514942372598,0.6809691934261964,0.04141029508228335,7.223693408379608,-0.486970942152886,1.5374101439389898,3.024895993020716,-0.21056187813835062,0.6779957372364717,-0.00891660187164907,-1.2911866341308356,0.06185000150063845,7.223693408379608,-0.486970942152886,1.5374101439389898,3.024895993020716,-0.21056187813835062,0.6779957372364717,6.631439765361982,6.628948369948909,0.1000188069729307,0.10000182311174223,0.977609112104253,0.9802224778743959
0.7617148700482512,-1.3392583385722017,0.7494233473214287,0.6994134589577088,0.04131212364640614,6.406910264846447,-0.4581685738693634,1.0812552393441102,3.221410088943298,-0.22380948556403849,0.7198196003793771,-0.00886899639393413,-1.5424564900872357,0.061884120604083555,6.406910264846447,-0.4581685738693634,1.0812552393441102,3.221410088943298,-0.22380948556403849,0.7198196003793771,6.223379330855446,6.220887852677242,0.10001263087863986,0.10000182878283183,0.9764530884270134,0.9791185250936941
0.7889189725499745,-1.2516227683125025,0.7433348111352867,0.7189955051491789,0.04104090426255795,5.560393092396774,-0.43004895141481425,0.6208384176571352,3.395704332507524,-0.236273550410649,0.7492341787410195,-0.00882127039222333,-1.7780250234374455,0.061918156748614686,5.560393092396774,-0.43004895141481425,0.6208384176571352,3.395704332507524,-0.236273550410649,0.7492341787410195,5.81531866778461,5.812827141114078,0.1000095801805548,0.10000184431340381,0.9752285488696497,0.9779355166646155
0.8161230750516978,-1.1592456795854222,0.7369072012514692,0.7393777485454439,0.040640305382558944,4.700782504879475,-0.4023046748951307,0.1401600432524511,3.5469698361429596,-0.24797264616569625,0.7661235306919719,-0.008773484466050748,-1.9978921657265647,0.06195215184574162,4.700782504879475,-0.4023046748951307,0.1401600432524511,3.5469698361429596,-0.24797264616569625,0.7661235306919719,5.407257878741437,5.404766321898838,0.10000780427288852,0.10000187153132688,0.973924193385384,0.9766559105477244
0.843327177553421,-1.0627535485924688,0.7301613279675541,0.7602194516033705,0.04015416472384705,3.8451156991554685,-0.37463307993425177,-0.37435813390322814,3.6748504052440083,-0.2589169837784658,0.7699364588752575,-0.008725663268861645,-2.2020578877091785,0.061986122827063866,3.8451156991554685,-0.37463307993425177,-0.37435813390322814,3.6748504052440083,-0.2589169837784658,0.7699364588752575,4.999197015920344,4.996705441386307,0.10000667829770798,0.10000191293421977,0.972527050500656,0.9752556220232393
0.8705312800551442,-0.9627825414897114,0.7231177238014077,0.7811648819504269,0.03962370592042599,3.010909986326065,-0.34676020292093285,-0.9333671018204258,3.779453326854819,-0.2691085404855335,0.7597523818282003,-0.008677819271989063,-2.3905221740095315,0.06202007817028958,3.010909986326065,-0.34676020292093285,-0.9333671018204258,3.779453326854819,-0.2691085404855335,0.7597523818282003,4.591136110894933,4.58864452906361,0.10000593542847827,0.10000197197009426,0.9710221339568635,0.973699896075661
0.8977353825568676,-0.859965905785474,0.71579686748195,0.8018332636216096,0.039085959160183495,2.2160611589068964,-0.3184603145900244,-1.5441645111759064,3.861362430746295,-0.2785418405893129,0.7343609675185411,-0.008629959706782155,-2.5632850154937894,0.062054022705219,2.2160611589068964,-0.3184603145900244,-1.5441645111759064,3.861362430746295,-0.2785418405893129,0.7343609675185411,4.183075185759044,4.180583606865265,0.1000054458305295,0.10000205351896785,0.9693920193077069,0.9719359057682656
0.9249394850585908,-0.7549210064231484,0.7082193866995398,0.8218108946552486,0.03857319942779004,1.556978501924615,-0.3049269411964944,-1.8073620921600515,3.921648385663286,-0.287205267630151,0.6923533578769884,-0.00858208920973402,-2.7203464062792024,0.06208795943142348,1.556978501924615,-0.3049269411964944,-1.8073620921600515,3.921648385663286,-0.287205267630151,0.6923533578769884,3.775014258314728,3.772522693860666,0.32278336258918355,0.2880726629559607,0.9676163148505641,0.969881647052776
0.952143587560314,-0.6482360817638468,0.7004062251598943,0.8406457463703465,0.03811313922584004,0.9605906397496793,-0.30602923693413664,-1.7141437067678007,3.9640045884226227,-0.29550053139399735,0.6431856942641373,-0.009201956717464408,-2.853801978379484,0.06259398653418681,0.9605906397496793,-0.30602923693413664,-1.7141437067678007,3.9640045884226227,-0.29550053139399735,0.6431856942641373,3.366953345106846,3.36446180940977,0.7308397515613161,0.6961320295669207,0.965670989999682,0.9674316232527684
0.9793476900620374,-0.5403988946230965,0.6923673984145383,0.85814303592475,0.0377139482665067,0.3293501238431473,-0.30637107022926857,-1.6640252136910956,3.990136594648569,-0.30382578212407774,0.5965539531625421,-0.00982176749133066,-2.955854751536658,0.06309997274380022,0.3293501238431473,-0.30637107022926857,-1.6640252136910956,3.990136594648569,-0.30382578212407774,0.5965539531625421,2.958892463801835,2.956400976209844,1.1388987545806455,1.104192446740134,0.9635275071727902,0.9645801509767928
1.0065517925637606,-0.4318508097063999,0.6841020906949686,0.8743717508143922,0.03739371353010513,-0.32650746728367613,-0.305804227630905,-1.6638904412690696,3.9990962691765533,-0.31216033212215744,0.5512856406838377,-0.010441551983632889,-3.026504656846704,0.06360593906369218,-0.32650746728367613,-0.305804227630905,-1.6638904412690696,3.9990962691765533,-0.31216033212215744,0.5512856406838377,2.55083163579913,2.5483402244155506,1.54695861239818,1.512253208893935,0.961151542531986,0.9615377423596745
1.0337558950654837,-0.32305898488546186,0.6756100490229454,0.8893689818912834,0.03716385048227707,-0.9958182597711691,-0.3042294396554972,-1.718336884264521,3.99021392656899,-0.3204794616760889,0.5060209945679164,-0.011061320543491645,-3.0657516738186055,0.06411189204616517,-0.9958182597711691,-0.3042294396554972,-1.718336884264521,3.99021392656899,-0.3204794616760889,0.5060209945679164,2.142770890114427,2.140279598853131,1.9550188847877303,1.9203141387428087,0.9585014061172747,0.9585014168111549
1.060959997567207,-0.2145087962232754,0.666891692897812,0.9031348288955331,0.03702985877210852,-1.6669070258411793,-0.3016023880503888,-1.8294181586233733,3.9631235845570876,-0.32875575053651884,0.45927518183589255,-0.011681078765463624,-3.073595795262376,0.06461783445193331,-1.6669070258411793,-0.3016023880503888,-1.8294181586233733,3.9631235845570876,-0.32875575053651884,0.45927518183589255,1.7347102705540731,1.732219174266559,2.363079394933142,2.3283751644585027,0.9555262272236495,0.9555430401576077
1.0881641000689302,-0.10669557600198751,0.6579481877621857,0.9156289980186942,0.036991719985405166,-2.328071960129671,-0.29793616151842445,-1.9965139122333515,3.9177768749652615,-0.3369605728158061,0.4095075027301885,-0.012300830819444058,-3.0500370210525287,0.06512376719284468,-2.328071960129671,-0.29793616151842445,-1.9965139122333515,3.9177768749652615,-0.3369605728158061,0.4095075027301885,1.3266498513722564,1.3241590939582917,2.771140053361402,2.7364362491132384,0.9521633716702881,0.9528801339135753
1.1153682025706537,-0.00011597231655150522,0.6487814778002651,0.926769282098191,0.0370438152885092,-2.9680946287019023,-0.2932999340336938,-2.216339583721535,3.854443766730506,-0.3450656586927233,0.35519413361567587,-0.012920581192831859,-2.995075357681012,0.06562968952682627,-2.9680946287019023,-0.2932999340336938,-2.216339583721535,3.854443766730506,-0.3450656586927233,0.35519413361567587,0.9185897786616467,0.9160996962242637,3.1792008075277876,3.1444973704248027,0.9483354264082057,0.9504706764615836
1.1425723050723768,0.10474071100071347,0.6393942762513636,0.9364320197170826,0.037174273389640584,-3.5767298724652483,-0.28781393737598765,-2.483094899145179,3.7736994162164854,-0.35304462016192456,0.2949006044014886,-0.013540337488622095,-2.908710822398583,0.06613559768581427,-3.5767298724652483,-0.28781393737598765,-2.483094899145179,3.7736994162164854,-0.35304462016192456,0.2949006044014886,0.5105304149335564,0.5080421709318327,3.5872616227263157,3.5525585130211454,0.9439459446617662,0.9482789758501268
1.1697764075741002,0.20740081673015998,0.6297900142167966,0.9444545259870408,0.03736367587674074,-4.145140957292481,-0.28164163449673557,-2.7887231352233286,3.676397690144965,-0.36087434001572555,0.22735023624363696,-0.014160122855436656,-2.7909434632858434,0.06664147638502436,-4.145140957292481,-0.28164163449673557,-2.7887231352233286,3.676397690144965,-0.36087434001572555,0.22735023624363696,0.10247320732073094,0.1000063388049474,3.9953224733264587,3.9606196647925414,0.9388738138573668,0.9462746984140672
1.1969805100758233,0.3074139163299622,0.6199727516807672,0.9506393851176037,0.0375830711496417,-5.131540586935031,-0.30239885245133735,-2.456500144069271,3.5636328506586894,-0.3685361479093276,0.15148552622409445,-0.014780313673323999,-2.6417737383241295,0.06714706023723238,-5.131540586935031,-0.30239885245133735,-2.456500144069271,3.5636328506586894,-0.3685361479093276,0.15148552622409445,0.10000433154197462,0.10000563453082037,4.403383337952538,4.368680814733312,0.9329656009344444,0.9444320291463224
1.2241846125775466,0.40435934967778947,0.6099470565374515,0.9547604129005315,0.03779131054363576,-6.160358609657629,-0.3215697940508949,-2.210304186562754,3.424033894539955,-0.3767626372878173,0.08465864450933608,-0.015447984426765551,-2.4768550390716912,0.06761906801327343,-6.160358609657629,-0.3215697940508949,-2.210304186562754,3.424033894539955,-0.3767626372878173,0.08465864450933608,0.10000440111625358,0.1000065167891665,4.811444196174841,4.7767419512022125,0.926024979468472,0.942728955749039
1.2513887150792697,0.4975071187142291,0.5996975671338541,0.9570634753434204,0.03794438905782257,-7.213641526087896,-0.3392092382575483,-2.044697186779084,3.256446867475456,-0.3855106549266359,0.024529302858094876,-0.016115665462308748,-2.2962348967473027,0.06809106095041968,-7.213641526087896,-0.3392092382575483,-2.044697186779084,3.256446867475456,-0.3855106549266359,0.024529302858094876,0.10000451755761472,0.1000079674618119,5.219505025305628,5.184803059859329,0.9177978558707434,0.9411466634757293
1.2785928175809933,0.586095833088447,0.5892100957617235,0.9577307730126678,0.037987593151016005,-8.27616030574676,-0.3555159976045761,-1.9483623175918605,3.0602062239890735,-0.39473853781372564,-0.03109484899602851,-0.016783366789437294,-2.0999133242831993,0.06856303193715217,-8.27616030574676,-0.3555159976045761,-1.9483623175918605,3.0602062239890735,-0.39473853781372564,-0.03109484899602851,0.1000046745126444,0.10001058812987246,5.627565795881494,5.592864120208328,0.9079586384726241,0.9396687439388679
1.3057969200827164,0.6693459968822572,0.5784715881176585,0.9568848655533043,0.03785270829471926,-9.334481409780919,-0.37071802455645,-1.9065995178630564,2.835060710710845,-0.40441003145356297,-0.08409829719429257,-0.01745110994123615,-1.8878903470244481,0.06903496547082474,-9.334481409780919,-0.37071802455645,-1.9065995178630564,2.835060710710845,-0.40441003145356297,-0.08409829719429257,0.100004865305496,0.10001638703237056,6.035626463156279,6.0009250981787705,0.8960910628402463,0.9382807774111529
1.3330010225844398,0.7464712790550434,0.5674699761692706,0.9545970468562103,0.03745694516848134,-10.377109898266168,-0.3850500461211261,-1.901757415899214,2.581124521638735,-0.414495082592833,-0.1359656259079753,-0.018118955010569066,-1.6601660303407755,0.06950681849660421,-10.377109898266168,-0.3850500461211261,-1.901757415899214,2.581124521638735,-0.414495082592833,-0.1359656259079753,0.10000561863699906,0.10002138817941951,6.4436869467375475,6.4089859260761735,0.881666579495295,0.9369699919923853
1.3602051250861629,0.8166884551114151,0.556194009455955,0.9508982240322988,0.03670399071301481,-11.394448943288804,-0.3987292707679169,-1.913670900416724,2.298824560294655,-0.4249700235158053,-0.18770122958350988,-0.018786875179759216,-1.41674037612819,0.06997860905997325,-11.394448943288804,-0.3987292707679169,-1.913670900416724,2.298824560294655,-0.4249700235158053,-0.18770122958350988,0.10000668412581831,0.10003054163728833,6.851747029060882,6.817046445761698,0.864023494049898,0.9357249787823495
1.3874092275878862,0.8792259140831498,0.5446330813760712,0.9457919805430096,0.03548881239672108,-12.378539780037329,-0.4119282093292078,-1.920104817364598,1.988848803290774,-0.4358170954682132,-0.23976092891301148,-0.019454942539821496,-1.1576134839286571,0.0704502836613498,-12.378539780037329,-0.4119282093292078,-1.920104817364598,1.988848803290774,-0.4358170954682132,-0.23976092891301148,0.10000824542095123,0.10005103017724172,7.259805856580531,7.225106026409945,0.842354689971462,0.9345354482661494
1.4146133300896093,0.9333307607883016,0.5327770684389507,0.9392694996569516,0.03370805141192845,-13.293614974606841,-0.4238211067246295,-1.914385142323751,1.6521017382929797,-0.4470232326981562,-0.2919956571786506,-0.02012335955371729,-0.8827856235654971,0.07092169056927847,-13.293614974606841,-0.4238211067246295,-1.914385142323751,1.6521017382929797,-0.4470232326981562,-0.2919956571786506,0.10001064658904901,0.3673965129612003,7.4999976583769055,7.499998241551011,0.8157204141381763,0.9333920167010372
1.4418174325913329,0.9782747058200989,0.5206162025959784,0.9313260198690055,0.031277234926415966,-13.83519523988359,-0.4253310013237757,-2.0361318836001323,1.2904608739053323,-0.4585529055278868,-0.344074786818202,-0.025267614611406076,-0.6031915403203604,0.06728468637876438,-13.83519523988359,-0.4253310013237757,-2.0361318836001323,1.2904608739053323,-0.4585529055278868,-0.344074786818202,0.10001456870877533,0.775333620003054,7.499997862146878,7.49999833210077,0.7831166724316421,0.9322860136728419
1.469021535093056,1.013380535708283,0.5081416823515347,0.9219657741001446,0.028247500987596322,-14.319950079031504,-0.4247549770981276,-2.0702675505946826,0.9140868044681851,-0.47012365368505943,-0.3994659272866869,-0.038260143542171436,-0.3314458740237851,0.05809895564003942,-14.319950079031504,-0.4247549770981276,-2.0702675505946826,0.9140868044681851,-0.47012365368505943,-0.3994659272866869,0.10002150594229704,1.183250985008927,7.499997999247462,7.499998390615807,0.7436471004200202,0.9312093034545629
1.4962256375947793,1.0382474468325082,0.4953523902882017,0.9110986620682916,0.02475492294745766,-14.514128297792675,-0.41136584415118244,-2.1337023147813943,0.5245254146986521,-0.481678731620154,-0.45578569793905616,-0.059100507852349896,-0.06754830476364339,0.04336480742591869,-14.514128297792675,-0.41136584415118244,-2.1337023147813943,0.5245254146986521,-0.481678731620154,-0.45578569793905616,0.10003509420637655,1.3241788312813707,7.499998084935299,7.499998419750236,0.6968464718897536,0.9301541268120401
1.5234297400965024,1.0525166899787293,0.482248752700307,0.898699421222738,0.021003266414326534,-14.16796385343442,-0.37544417100224126,-2.350139917958245,0.12968158076233802,-0.4928695702101507,-0.5138311544185334,-0.08265193825679888,0.19363767884711017,0.026713937021633407,-14.16796385343442,-0.37544417100224126,-2.350139917958245,0.12968158076233802,-0.4928695702101507,-0.5138311544185334,0.1000646191792675,0.9162327398462463,7.49999812783787,7.499998420323882,0.6430947721818552,0.9291130776698868
1.5506338425982258,1.0560445609943732,0.4688406783923298,0.8847211058293575,0.01716465206310177,-13.769347051526019,-0.33062039470399446,-2.4671917834856005,-0.255745160147202,-0.5030831919217701,-0.577764601640061,-0.09835428143674504,0.46267161526473866,0.015612372436592019,-13.769347051526019,-0.33062039470399446,-2.4671917834856005,-0.255745160147202,-0.5030831919217701,-0.577764601640061,0.10012724446186139,0.5082413147966521,7.499998132583249,7.499998391512543,0.5840551772719222,0.9280789257413911
1.577837945099949,1.0490872434434093,0.45515475167239583,0.869003538384474,0.013287458730091024,-13.319173585111791,-0.28077809677110604,-2.4905600367594123,-0.6303278887187168,-0.5120774230284578,-0.6448823398094127,-0.1062060282244707,0.739553738547695,0.010061180413730917,-13.319173585111791,-0.28077809677110604,-2.4905600367594123,-0.6303278887187168,-0.5120774230284578,-0.6448823398094127,0.1001800785783796,0.10026501938491436,7.499998101173449,7.499998330813941,0.5227209370754818,0.9270445434908485
1.6050420476016722,1.0319397389490104,0.44122414496751133,0.8514600931107476,0.009413652352876884,-13.169694020735385,-0.2358068580002061,-2.2239449010877363,-0.9926640521663428,-0.5197157391532579,-0.7126357903361114,-0.10620765799197004,1.0242839446794536,0.010060021920945395,-13.169694020735385,-0.2358068580002061,-2.2239449010877363,-0.9926640521663428,-0.5197157391532579,-0.7126357903361114,0.10012681245303766,0.10003078283590983,7.499998033510132,7.499998233507906,0.46274212500044937,0.9260029454955975
1.6322461501033956,1.0049352043241013,0.42708574472782723,0.8320734760240475,0.005593814545845721,-12.953787142577593,-0.1901367170617513,-1.8597866446660003,-1.35093375822276,-0.5261306530889047,-0.7731362153834869,-0.10620580661975823,1.309019678933121,0.010061325400339202,-12.953787142577593,-0.1901367170617513,-1.8597866446660003,-1.35093375822276,-0.5261306530889047,-0.7731362153834869,0.10007190727475034,0.10001910353012076,7.499997927184234,7.499998091423412,0.4074268966044694,0.9249471155232667
1.659450252605119,0.9681842638923711,0.41277283251189806,0.8110409991729607,0.0019339825027634805,-12.663021320282256,-0.14359633443674044,-1.4035204499053746,-1.7033299114349456,-0.5313031518291936,-0.8237300418963167,-0.10620478756285524,1.5937566894338524,0.010062041405590178,-12.663021320282256,-0.14359633443674044,-1.4035204499053746,-1.7033299114349456,-0.5313031518291936,-0.8237300418963167,0.10004431790716976,0.10001354370373561,7.499997776952086,7.4999978906633356,0.3589171821359172,0.9238698377180463
1.686654355106842,0.9218467023874437,0.3983192071100481,0.7886321626794645,-0.0014938929363524636,-12.28717310484208,-0.09604573487539898,-0.8625501916434075,-2.047816041413411,-0.5352095612300825,-0.8619115560788073,-0.10620419330684597,1.878494330942817,0.010062458451176256,-12.28717310484208,-0.09604573487539898,-0.8625501916434075,-2.047816041413411,-0.5352095612300825,-0.8619115560788073,0.10003038060513271,0.10001043978590073,7.4999847888461195,7.499997606685996,0.31801891790017,0.9227633460332947
1.7138584576085654,0.8661377048921601,0.3837593113464426,0.7651846323604768,-0.004654169024304331,-11.30839800003368,-0.04537032244559772,-0.6562915369540349,-2.3820775580139526,-0.5378223992464862,-0.8853764599051557,-0.10620356305937763,2.1632320449666174,0.010062555338306514,-11.30839800003368,-0.04537032244559772,-0.6562915369540349,-2.3820775580139526,-0.5378223992464862,-0.8853764599051557,0.10001982327223133,0.10000899700247942,7.091926238599911,7.257007186583432,0.28446530296740813,0.9216191107315065
1.7410625601102885,0.8013354228368939,0.36912833566961845,0.741098760392604,-0.0075431546192238595,-10.18715696867676,0.002124873377677472,-0.5210638404826843,-2.689712376337151,-0.5390566581488325,-0.9032302821474667,-0.10302734414213764,2.4354443866632502,0.007817263082769876,-10.18715696867676,0.002124873377677472,-0.5210638404826843,-2.689712376337151,-0.5390566581488325,-0.9032302821474667,0.1534932530961268,0.1000080482523554,6.683866151504925,6.848948465300168,0.2573826127473235,0.9204275879349577
1.7682666626120118,0.7281642116508643,0.3544637830871012,0.7165271912144039,-0.010031070601341492,-9.365222844829653,0.04595863294336619,-0.05960516655849633,-2.9668448387141777,-0.538998852875663,-0.9174053562738992,-0.09882229945995727,2.6909265652956265,0.006299313487363963,-9.365222844829653,0.04595863294336619,-0.05960516655849633,-2.9668448387141777,-0.538998852875663,-0.9174053562738992,0.5615403744796229,0.24137023272510819,6.2758056210533235,6.440888445594802,0.2356880963916648,0.9191779192075388
1.7954707651137352,0.6474538605517752,0.33980080304516036,0.6915700018666988,-0.012178784870417932,-8.62706224355857,0.08879434847609884,0.5989049878511105,-3.221617320936404,-0.5377485895142327,-0.9190268613345888,-0.08948646393352058,2.9201371638911238,0.008408819124454304,-8.62706224355857,0.08879434847609884,0.5989049878511105,-3.221617320936404,-0.5377485895142327,-0.9190268613345888,0.9695955250502498,0.6494244135318484,5.867744888395437,6.032828008484145,0.21831555774112757,0.9178578983432105
1.8226748676154585,0.5598126527316942,0.32517183529585814,0.6665687009291157,-0.014001002077905519,-7.773823421470687,0.1283888088391367,1.2503082829548895,-3.456308806498918,-0.535333018956715,-0.902734188656294,-0.08015060406362329,3.1179450992195687,0.010518333932274172,-7.773823421470687,0.1283888088391367,1.2503082829548895,-3.456308806498918,-0.535333018956715,-0.902734188656294,1.37765320984836,1.0574824004590901,5.459684047198941,5.6247673771793165,0.2043405348723584,0.9164536756944749
1.8498789701171816,0.4657868736820889,0.3106085809756027,0.6420106275290999,-0.015547955198310445,-6.808768582685408,0.16436160080617013,1.8687325449065388,-3.6677886956869035,-0.531840316640981,-0.8687206739680354,-0.07081474596829279,3.2843502434739946,0.012627841775560904,-6.808768582685408,0.16436160080617013,1.8687325449065388,-3.6677886956869035,-0.531840316640981,-0.8687206739680354,1.7857120832033113,1.4655416344987628,5.051623145202182,5.216706644136285,0.19301812170805446,0.9149490787868118
1.8770830726189047,0.3660079740499605,0.29614034248715243,0.6183778612691073,-0.01686491015299696,-5.739387117883936,0.19630834116074808,2.4292799415495474,-3.85301513412079,-0.5273690068053026,-0.8178834822680919,-0.06147889156169607,3.419352546667195,0.014737342414678304,-5.739387117883936,0.19630834116074808,2.4292799415495474,-3.85301513412079,-0.5273690068053026,-0.8178834822680919,2.193771620868048,1.8736014755868102,4.6435622117308855,4.808645859193609,0.1837661914766587,0.9133248847870546
1.904287175120628,0.2611901554006475,0.281793741969789,0.5961280751830198,-0.017989859230616436,-4.57752619516522,0.22383328737078756,2.909087389649885,-4.0091500095727755,-0.5220286145704224,-0.7517971017327977,-0.05214304013513546,3.522951982735326,0.016846836906322372,-4.57752619516522,0.22383328737078756,2.909087389649885,-4.0091500095727755,-0.5220286145704224,-0.7517971017327977,2.6018315680910624,2.2816616671268424,4.235501267936777,4.400585055156655,0.17613485288825248,0.9115580481349486
1.9314912776223512,0.15212482759544496,0.2675924220301827,0.5756761097669824,-0.01895290675103346,-3.339181150437251,0.2465824357254105,3.288399439727907,-4.133677501390372,-0.5159394308774897,-0.6726579901982916,-0.04280719072021365,3.595148536490505,0.018956326173769883,-3.339181150437251,0.2465824357254105,3.288399439727907,-4.133677501390372,-0.5159394308774897,-0.6726579901982916,3.0098917830698784,2.6897220799408212,3.8274403316254424,3.9925242579528324,0.16977794517901404,0.9096207147172919
1.9586953801240747,0.03967184113855395,0.2535567528679107,0.5573770528530249,-0.019776430671230683,-2.043954398545957,0.26427408603019736,3.551563966046624,-4.224516927678691,-0.5092313770208912,-0.5832000347733243,-0.0334713424351596,3.635942198799662,0.02106581085810585,-2.043954398545957,0.26427408603019736,3.551563966046624,-4.224516927678691,-0.5092313770208912,-0.5832000347733243,3.417952178752269,3.097782638958811,3.4193794202005128,3.584463491982122,0.16442914790422916,0.9074789556375604
1.9858994826257979,-0.07525235038228215,0.23970357029034067,0.5415116193280428,-0.020475461793282305,-0.7142208204972964,0.2767240635695328,3.687862185993962,-4.280120872645583,-0.5020420376959764,-0.48658292459956526,-0.02413549449412738,3.6453329644530745,0.023175291342266886,-0.7142208204972964,0.2767240635695328,3.687862185993962,-4.280120872645583,-0.5020420376959764,-0.48658292459956526,3.82601269712527,3.505843295525278,3.0113185531559847,3.1764027841204636,0.15988300934209182,0.9050911312328748
2.013103585127521,-0.19168919732149778,0.22604596723668532,0.5282745675716479,-0.021057968229771688,0.6259351455797127,0.2838632347235313,3.6920959651138223,-4.299550609055256,-0.4945140079059375,-0.38625794367955624,-0.01479964614927771,3.623320831185344,0.02528476778149975,0.6259351455797127,0.2838632347235313,3.6920959651138223,-4.299550609055256,-0.4945140079059375,-0.38625794367955624,4.2340732962620855,3.913904014796018,2.6032577550598024,2.768342168161374,0.15598031202314416,0.9024057659016479
2.0403076876292445,-0.3086546128015836,0.21259315747707422,0.5177667668796845,-0.021524878386173937,1.9519232244466225,0.2857456278130099,3.5648764464149534,-4.282522605195474,-0.4867917633720478,-0.285817786598401,-0.005463796611542227,3.569905799330901,0.027394240109226753,1.9519232244466225,0.2857456278130099,3.5648764464149534,-4.282522605195474,-0.4867917633720478,-0.285817786598401,4.642133942883911,4.321964768964259,2.195197060217013,2.3602816915545275,0.15259695819812455,0.8993588170373081
2.0675117901309674,-0.4251567967192682,0.1993504244493064,0.5099913505162458,-0.021869754226707627,3.2398902173310837,0.2825463205034752,3.312586279915821,-4.2294222857221335,-0.4790183100236034,-0.18883852234414963,0.003872055055761317,3.4850878719722957,0.029503708005645415,3.2398902173310837,0.2825463205034752,3.312586279915821,-4.2294222857221335,-0.4790183100236034,-0.18883852234414963,5.050194607260238,4.730025532773132,1.7871365214452122,1.952221427996793,0.14963559249865294,0.8958699101103816
2.0947158926326908,-0.5402144341031259,0.18631916124322204,0.5048541679981217,-0.02207807006543745,4.467896536028746,0.274549190093607,2.947019518469967,-4.141283980155529,-0.47133189095914213,-0.09872258563951751,0.013207910104945006,3.368867055684013,0.03161317080610167,4.467896536028746,0.274549190093607,2.947019518469967,-4.141283980155529,-0.47133189095914213,-0.09872258563951751,5.458255258583102,5.138086279451504,1.379076229417136,1.544161505183278,0.14701930426833903,0.8918376861670292
2.121919995134414,-0.6528743479880214,0.1734970001692385,0.5021685086591491,-0.02212608814707935,5.616927588252187,0.2621255370518404,2.4847344528574222,-4.019738864822308,-0.4638630266500705,-0.018551564584481397,0.022543770422933315,3.2212433623495107,0.033722627287452026,5.616927588252187,0.2621255370518404,2.4847344528574222,-4.019738864822308,-0.4638630266500705,-0.018551564584481397,5.866315858877213,5.546146975267953,0.9710163639070054,1.136102178422566,0.14468689054640355,0.8871334604140529
2.1491240976361374,-0.7622277360968082,0.16087802284549038,0.5016638299946254,-0.021979378070811264,6.671657867012529,0.2457053826235062,1.9461813129817571,-3.866935390966739,-0.456732136671793,0.04904340616061519,0.03187963926821649,3.0422168136024266,0.03583207514140545,6.671657867012529,0.2457053826235062,1.9461813129817571,-3.866935390966739,-0.456732136671793,0.04904340616061519,6.2743763516081055,5.954207569186937,0.5629573728298493,0.7280440880804913,0.14258928334143062,0.8815929232082589
2.1763282001378603,-0.8674242428402086,0.14845303498363985,0.5029980118428525,-0.0215911355529342,7.620910440557079,0.22574384297385403,1.3546865122822243,-3.6854389264961016,-0.450047942257678,0.10198752208590926,0.041215523496072694,2.8317874540835057,0.03794150936714851,7.620910440557079,0.22574384297385403,1.3546865122822243,-3.6854389264961016,-0.450047942257678,0.10198752208590926,6.6824366331665415,6.362267966804409,0.15490104608260982,0.3199898043720587,0.14068684393351633,0.8750052325038051
2.2035323026395837,-0.9676833011604495,0.13620988463177236,0.5057724908475744,-0.02090066013467499,8.796362058003268,0.21079909477478107,1.1575316752606073,-3.478118897714734,-0.4439067836142844,0.1388405528237369,0.05055144479730598,2.5899554161277694,0.040050914224732066,8.796362058003268,0.21079909477478107,1.1575316752606073,-3.478118897714734,-0.4439067836142844,0.1388405528237369,7.090496454733688,6.770327940517207,0.1000055530461533,0.10000831838115408,0.1389473033789931,0.8670987652285792
2.2307364051413074,-1.062302404167062,0.12413379898911908,0.5095495234779872,-0.019832701013882778,10.10096635120434,0.19468967025210906,1.1104596466818497,-3.238821762646544,-0.43817218343276076,0.1703301631665179,0.056711255481200186,2.3271335704794547,0.044405825149788455,10.10096635120434,0.19468967025210906,1.1104596466818497,-3.238821762646544,-0.43817218343276076,0.1703301631665179,7.498554834933398,7.178386592467771,0.10000604759823511,0.10001001605607995,0.13734418586940905,0.8575227195544103
2.257940507643031,-1.1504116433829104,0.11221371799761036,0.5141832026959045,-0.018334027410603984,11.005716968054086,0.16861603014984472,0.6726612221784146,-2.9640340386619233,-0.43287582568719574,0.20053922121887832,0.06287108408386317,2.048610401098149,0.0487607160135372,11.005716968054086,0.16861603014984472,0.6726612221784146,-2.9640340386619233,-0.43287582568719574,0.20053922121887832,7.499997382491377,7.499997537123871,0.10000695281018968,0.10001206327541726,0.13585559421815205,0.845823836851199
2.2851446101447537,-1.2310455291892661,0.1004377196650978,0.5196386922255586,-0.01630398496256296,11.572697999509616,0.1372018299427982,0.043649912870523076,-2.664633386158025,-0.42828877791956566,0.21883836605595436,0.06287117942967764,1.7638720266266819,0.048760644397408154,11.572697999509616,0.1372018299427982,0.043649912870523076,-2.664633386158025,-0.42828877791956566,0.21883836605595436,7.499997708289078,7.499997798587582,0.10000826865729039,0.10001530127667135,0.13446296916563227,0.8314269960006381
2.312348712646477,-1.303534488955823,0.08878650785023616,0.5255919935670543,-0.013954817452554273,12.032148661169511,0.10720024158631508,-0.5225498987463009,-2.349808523557878,-0.42455632527437775,0.22002582275987537,0.06287131299375735,1.4791337284688197,0.048760547511114014,12.032148661169511,0.10720024158631508,-0.5225498987463009,-2.349808523557878,-0.42455632527437775,0.22002582275987537,7.49999794540873,7.499997995733294,0.10001025628442496,0.10002086437698447,0.13315027924407224,0.8136260052980687
2.3395528151482003,-1.3674589208901144,0.07723683405971701,0.53157759860244,-0.011253683627906087,12.396124449937957,0.07848607657461518,-1.0139097010712468,-2.02248471806345,-0.42164003891405416,0.2058103217521159,0.06287151611582438,1.1943955672253594,0.048760402534778056,12.396124449937957,0.07848607657461518,-1.0139097010712468,-2.02248471806345,-0.42164003891405416,0.2058103217521159,7.4999981210029745,7.4999981451144135,0.10001345686611436,0.1000319213500498,0.13190377099648523,0.7915803189015075
2.3667569176499237,-1.4224788024684816,0.0657664952222685,0.5371764836912971,-0.00818946414595229,12.675585208654066,0.05086800085880402,-1.4210234045792027,-1.68525927790322,-0.4195048956419602,0.1782278183166821,0.06287187089219182,0.909657674032336,0.04876015105195622,12.675585208654066,0.05086800085880402,-1.4210234045792027,-1.68525927790322,-0.4195048956419602,0.1782278183166821,7.499998251189013,7.499998257072604,0.10001914335219295,0.10024672289404292,0.1307116552399554,0.7643376812199991
2.3939610201516466,-1.4683247686065408,0.0543542410412499,0.5420250115294428,-0.004781158231966382,13.22501479267558,0.024748743505078382,-1.520489673786453,-1.3404313586176675,-0.41812107733253956,0.1395701519611617,0.06287624920699096,0.6249240181742872,0.04875705542333543,13.22501479267558,0.024748743505078382,-1.520489673786453,-1.3404313586176675,-0.41812107733253956,0.1395701519611617,7.499998345503335,7.499998337774242,0.10003106695715498,0.5082268035324518,0.12956368858244352,0.7309195218712302
2.42116512265337,-1.5047900006829,0.042979632395364537,0.5458218922495752,-0.001084280371949489,13.844122856483555,-0.0022245107032681658,-1.4568313153944434,-0.9806567006109147,-0.4174478099774386,0.09820659502266327,0.07072957231082677,0.34803976227533895,0.043204756199186546,13.844122856483555,-0.0022245107032681658,-1.4568313153944434,-0.9806567006109147,-0.4174478099774386,0.09820659502266327,7.499998409468165,7.499998390572116,0.2527341666806903,0.9162260091427815,0.12845083544205307,0.6904990350642392
2.4483692251550933,-1.531467886085321,0.0316233393836184,0.5484935145269171,0.0027707975399771877,14.62517595884148,-0.03494973705713729,-1.173420882647237,-0.6040397633766864,-0.4175083257946265,0.0585748065909525,0.08349456566687062,0.08194291784091008,0.034179906410513605,14.62517595884148,-0.03494973705713729,-1.173420882647237,-0.6040397633766864,-0.4175083257946265,0.0585748065909525,7.499998446051991,7.4999984168715255,0.660729669714778,1.3241930185838708,0.12736499111706917,0.642693314878997
2.4755733276568166,-1.5479002457233368,0.020265400093378516,0.5500869895694359,0.006627221584603916,15.091220933703998,-0.075720000047902,-0.9435983444183824,-0.206174977486624,-0.4184591020239371,0.02665294462175449,0.09625901102938811,-0.1684555347149783,0.025155444333042096,15.091220933703998,-0.075720000047902,-0.9435983444183824,-0.206174977486624,-0.4184591020239371,0.02665294462175449,7.499998456659099,7.49999841677054,1.0687328072450315,1.4345203348616897,0.12629856359190345,0.5880108822268518
2.5027774301585395,-1.5535090509441736,0.008881595789140263,0.5508120590068989,0.010358903512867317,15.050254425903368,-0.12171538303839993,-0.8747533178997218,0.20436814367001135,-0.4205189966666707,0.0009831985397404422,0.10329643852604155,-0.4088817705032924,0.020179984178040573,15.050254425903368,-0.12171538303839993,-0.8747533178997218,0.20436814367001135,-0.4205189966666707,0.0009831985397404422,7.499998441881459,7.49999838957329,1.4766989348632162,1.0265498238254822,0.12524421791594717,0.5282428919932847
2.529981532660263,-1.5479493990156876,-0.002558246100101667,0.5508388060407535,0.013899516300562093,14.585613588311547,-0.16720840130662334,-0.9298560871320459,0.6137968077493008,-0.42383015442288385,-0.0228136803841261,0.09463597096258093,-0.6493080898171114,0.02630293616840403,14.585613588311547,-0.16720840130662334,-0.9298560871320459,0.6137968077493008,-0.42383015442288385,-0.0228136803841261,7.499998401617767,7.499998333668481,1.4584904185715104,0.6185453257697193,0.12419458324514536,0.46652019882155127
2.5571856351619866,-1.5312516077424454,-0.014088165064342998,0.5502181803411422,0.017245872163393437,13.736843238530982,-0.20194592664962618,-1.1105174741162165,1.0105853348562557,-0.4283789089111785,-0.04810958069031759,0.07847617566420749,-0.8979343666370828,0.037727913292853396,13.736843238530982,-0.20194592664962618,-1.1105174741162165,1.0105853348562557,-0.4283789089111785,-0.04810958069031759,7.499998334890224,7.499998246044335,1.0505310190222232,0.2105498715831083,0.12314220225556685,0.4066187725559024
2.58438973766371,-1.5037595407062772,-0.02574182881193907,0.5489094023767279,0.020335889420435398,13.088810641833303,-0.23054679204837877,-1.0659596572593524,1.3842838263673565,-0.4338726665995604,-0.07832021188612995,0.062315687108708114,-1.1622588862284904,0.049153381118564134,13.088810641833303,-0.23054679204837877,-1.0659596572593524,1.3842838263673565,-0.4338726665995604,-0.07832021188612995,7.499998239085079,7.49999812102239,0.6425362553953244,0.10003252987832738,0.12207956247548747,0.351807879634147
2.611593840165433,-1.466101341602302,-0.03754494530680951,0.5467787713046209,0.0230697551193505,12.473655616165221,-0.2527953018017356,-0.8941098164423807,1.740353172693436,-0.440144485161888,-0.10731868766491516,0.05187840016051741,-1.4365591133548514,0.05653254620272443,12.473655616165221,-0.2527953018017356,-0.8941098164423807,1.740353172693436,-0.440144485161888,-0.10731868766491516,7.499998109145459,7.4999979485672235,0.23455488668772573,0.10002070467287918,0.12099908438362993,0.3040317430897952
2.638797942667156,-1.4187565955031507,-0.04951868099672172,0.5438592627250342,0.025370693455928406,12.009203195705334,-0.2752856307315146,-0.49630865298700294,2.0796877786467904,-0.4470215544640565,-0.13164214275921066,0.04929008523185361,-1.7187087608778446,0.0583624892256765,12.009203195705334,-0.2752856307315146,-0.49630865298700294,2.0796877786467904,-0.4470215544640565,-0.13164214275921066,7.499997936561619,7.499997711584353,0.10004171285587447,0.10001494422563384,0.11989310917610695,0.26381391003134447
2.6660020451688795,-1.362180556001262,-0.06167950118484158,0.540278056379866,0.02722861995862472,11.332104938194288,-0.2941506976015114,-0.14035501381842308,2.4063873733467807,-0.45451045297972814,-0.14514377422756128,0.049289574555576185,-2.0034464251863087,0.058362856394109264,11.332104938194288,-0.2941506976015114,-0.14035501381842308,2.4063873733467807,-0.45451045297972814,-0.14514377422756128,7.199801878887347,7.49999658458444,0.10002750482392814,0.10001165236087248,0.11875357812041486,0.2307254412280451
2.693206147670603,-1.2967169472378837,-0.07404405013580678,0.5363295502682925,0.0286905109076784,10.197236825459445,-0.30205884612628175,-0.10040538600287224,2.7146671176457025,-0.46251255870823305,-0.14896200641010846,0.043513790399785354,-2.2824088993154086,0.05427980824799501,10.197236825459445,-0.30205884612628175,-0.10040538600287224,2.7146671176457025,-0.46251255870823305,-0.14896200641010846,6.791742704379025,7.091946857737827,0.10001805825429631,0.1000101412566917,0.11757178537472682,0.20386113307554782
2.7204102501723257,-1.2228668647113923,-0.08662628919123984,0.5322771725770495,0.029553900976720428,9.141507903270137,-0.30998501814472706,0.0462538828292945,2.9920737934798485,-0.4707297985198047,-0.15169344482265568,0.037737977150683326,-2.5456703747801894,0.05019652365569422,9.141507903270137,-0.30998501814472706,0.0462538828292945,2.9920737934798485,-0.4707297985198047,-0.15169344482265568,6.3836824291890215,6.683887771422206,0.27894442739308745,0.10000901417963878,0.11633801759731151,0.18218846879819872
2.747614352674049,-1.1414701825408464,-0.09943207088078815,0.5281504885552545,0.029948744209540842,8.422034630895341,-0.3292706706614858,0.6361737053999292,3.2407603115007224,-0.47916266272741237,-0.15043514945306485,0.02851973512527787,-2.7897880769852574,0.048547003865979425,8.422034630895341,-0.3292706706614858,0.6361737053999292,3.2407603115007224,-0.47916266272741237,-0.15043514945306485,5.975621797802067,6.275827702397189,0.686992365967091,0.48398830060848963,0.1150413754094158,0.16472073250710764
2.7748184551757724,-1.0533082068432642,-0.11246726107262332,0.5240580353296713,0.02995695394279423,7.605307007974683,-0.3457279628162543,1.2444594993702334,3.4698742048726627,-0.4881201758028986,-0.1331286147624641,0.018838422817986384,-3.002966443263227,0.04722485946700627,7.605307007974683,-0.3457279628162543,1.2444594993702334,3.4698742048726627,-0.4881201758028986,-0.1331286147624641,5.567560998280783,5.867767273598159,1.095047792788147,0.8920416509696384,0.1136697847279727,0.15059157231011985
2.8020225576774953,-0.958913393305823,-0.12574613236832455,0.5204363908477608,0.029669755893272684,6.677415486213282,-0.3581655192548198,1.8280829014554565,3.6767697562746804,-0.497525394741064,-0.09927421098235303,0.009157063429086435,-3.1847421558098814,0.045902738269564085,6.677415486213282,-0.3581655192548198,1.8280829014554565,3.6767697562746804,-0.497525394741064,-0.09927421098235303,5.159500107920651,5.459706670463504,1.5031055970705252,1.300099246003439,0.11220963538280289,0.13909016122349369
2.8292266601792186,-0.8588901719808905,-0.1392808642040708,0.5177357250364192,0.029160641343286456,5.6448612966948755,-0.36612329962387813,2.3622031046346006,3.8584228516082204,-0.507268966239455,-0.04954285634951114,-0.0005243055115328072,-3.335115082119532,0.04458061601147611,5.6448612966948755,-0.36612329962387813,2.3622031046346006,3.8584228516082204,-0.507268966239455,-0.04954285634951114,4.75143916768954,5.051645975835142,1.911164522164882,1.7081582311792918,0.11064508164514944,0.12965708426485303
2.856430762680942,-0.7539252412307491,-0.1530806611575921,0.516387956094059,0.028481988436332706,4.518316868834162,-0.36918813018567026,2.8236645421456137,4.011986236931519,-0.5172290220106921,0.014718759038857434,-0.010205678021415978,-3.4540851711639253,0.04325848959545535,4.518316868834162,-0.36918813018567026,2.8236645421456137,4.011986236931519,-0.5172290220106921,0.014718759038857434,4.343378203739491,4.64358523685592,2.3192240760140317,2.1162178924865267,0.1089575638023223,0.12185590781647854
2.8836348651826658,-0.6447827564057611,-0.16715141248923707,0.5167883667236501,0.027668153475774705,3.312537603225657,-0.3670279361205163,3.192050060192904,4.134902992166548,-0.5272724537466826,0.09153401867386818,-0.019887052792139773,-3.541652396528609,0.04193635865771952,3.312537603225657,-0.3670279361205163,3.192050060192904,4.134902992166548,-0.5272724537466826,0.09153401867386818,3.935317235808037,4.23552448613761,2.7272840179412285,2.524277943747409,0.10712525952080636,0.11534728336271179
2.9108389676843887,-0.5322964315721802,-0.18149538636729695,0.5192784675500487,0.026738672241016323,2.045943214113176,-0.35941952395563675,3.4506871037866267,4.225017604665512,-0.5372571193419011,0.17837087570198784,-0.029568429638368417,-3.5978167429424968,0.04061422327827696,2.045943214113176,-0.35941952395563675,3.4506871037866267,4.225017604665512,-0.5372571193419011,0.17837087570198784,3.5272562814465775,3.827463750754958,3.135344212778293,2.9323382409430687,0.10512244748333964,0.10986741548391513
2.938043070186112,-0.41735861958327425,-0.1961109841116546,0.5241308871359677,0.025700956129174068,0.739895405532095,-0.3462676512626971,3.5875192000094533,4.280675653574951,-0.5470348049127107,0.27224372137477376,-0.039249808728266215,-3.622578201364381,0.0392920835279866,0.739895405532095,-0.3462676512626971,3.5875192000094533,4.280675653574951,-0.5470348049127107,0.27224372137477376,3.119195358913767,3.419403057382681,3.5434045764309423,3.340398700414581,0.10291878689748646,0.10521084412499254
2.9652471726878353,-0.3009066803267901,-0.21099257501651017,0.5315370332376976,0.024552282363136606,-0.5822731710803628,-0.3276137157735973,3.595763030182823,4.300803844027601,-0.5564547055906922,0.3698389614187312,-0.04893119038353918,-3.615936766844954,0.03796993935730983,-0.5822731710803628,-0.3276137157735973,3.595763030182823,4.300803844027601,-0.5564547055906922,0.3698389614187312,2.711134490070427,3.0113424365378796,3.9514650516294374,3.7484592679603264,0.10047853309685757,0.10121698825312235
2.9924512751895587,-0.18390717171405782,-0.2261304258649656,0.5415981702532636,0.02328108181776518,-1.8963998463643141,-0.3036331985458569,3.474288714954718,4.284963624997528,-0.5653671426955676,0.46765846746373174,-0.05861257503340452,-3.577892437587222,0.036647790557232184,-1.8963998463643141,-0.3036331985458569,3.474288714954718,4.284963624997528,-0.5653671426955676,0.46765846746373174,2.303073704484545,2.6032819276952583,4.3595255954427525,4.156519904768888,0.09775973874203593,0.09775976928342016
3.0196553776912816,-0.06733858204346942,-0.24151073156596223,0.5543203991379458,0.02186761577079616,-3.178707005441549,-0.2746219494762896,3.2276862794266443,4.23337376919278,-0.5736272113517351,0.5621733737859402,-0.06829396321841825,-3.508445214695164,0.03532563672795243,-3.178707005441549,-0.2746219494762896,3.2276862794266443,4.23337376919278,-0.5736272113517351,0.5621733737859402,1.8950130468656405,2.1952215874248218,4.7675861716809,4.564580579858491,0.09472995258413833,0.09473962543291789
3.046859480193005,0.04782655190175751,-0.2571157450213525,0.5696138212221582,0.020284171002666166,-4.40698801249727,-0.24097239746258792,2.8660114906629426,4.146899897993803,-0.5810980550145113,0.6499796821748686,-0.07797535560712017,-3.4075951025136115,0.034003477237499975,-4.40698801249727,-0.24097239746258792,2.8660114906629426,4.146899897993803,-0.5810980550145113,0.6499796821748686,1.486952593221614,1.787161504891046,5.17564674488608,4.972641265046319,0.0915839736203641,0.09207758203618703
3.0740635826947282,0.16063924179116665,-0.27292399607351925,0.5872959351200808,0.01849493553089772,-5.561663634376141,-0.20314168143782613,2.404235452665478,4.027011744377961,-0.5876534928151694,0.7279469525379799,-0.08765675298120673,-3.2753421097895545,0.032681311175993155,-5.561663634376141,-0.20314168143782613,2.404235452665478,4.027011744377961,-0.5876534928151694,0.7279469525379799,1.0788924935033255,1.3791018363058285,5.583707273385614,5.3807019303691686,0.08829714013503054,0.08971050388119638
3.1012676851964516,0.27019048206086804,-0.2889105819275588,0.6070990786327412,0.01645577719778151,-6.626621642940646,-0.1616144258264695,1.8614504659525686,3.8757116767882858,-0.5931797799393764,0.7933520202305685,-0.09733815601755125,-3.111686252538494,0.03135913738911448,-6.626621642940646,-0.1616144258264695,1.8614504659525686,3.8757116767882858,-0.5931797799393764,0.7933520202305685,0.6708331204448017,0.9710428966886068,5.991767697220269,5.788762537898899,0.08488135205069,0.08758761261311461
3.1284717876981745,0.37562573978334235,-0.30504750546297926,0.6286815083110427,0.014114263234458458,-7.589773850818434,-0.11686335220051619,1.2599065040306503,3.6954403823735906,-0.5975763553453168,0.8439911095082228,-0.10701956385879109,-2.9166275618909596,0.030036955207915165,-7.589773850818434,-0.11686335220051619,1.2599065040306503,3.6954403823735906,-0.5975763553453168,0.8439911095082228,0.26277596205364556,0.5629854814417983,6.399827908802623,6.196823029894449,0.08138917092061251,0.08566778870822828
3.155675890199898,0.4761568787344409,-0.32130403388639944,0.6516415289646476,0.011410459229892388,-8.597583149957421,-0.07057765071488266,0.8146333261049343,3.4889673965710273,-0.6007555179572748,0.8782657351864603,-0.11670096136345602,-2.6901661160890344,0.0287147727062849,-8.597583149957421,-0.07057765071488266,0.8146333261049343,3.4889673965710273,-0.6007555179572748,0.8782657351864603,0.1000045631569438,0.15493279832853996,6.807887653238992,6.604883298646562,0.07791380682736154,0.08391749887528123
3.182879992701621,0.5710711054159296,-0.337647048575385,0.6755339600484114,0.008279350294495795,-9.872098052133376,-0.020743105740445817,0.7130472707522427,3.2550778632924966,-0.6026755196016532,0.9004271036911387,-0.12166335500594223,-2.437021099332414,0.030728911671675786,-9.872098052133376,-0.020743105740445817,0.7130472707522427,3.2550778632924966,-0.6026755196016532,0.9004271036911387,0.10000499390970599,0.10001010411832023,7.215945940440335,7.012943081036265,0.07455596234951088,0.08230919682679333
3.2100840952033445,0.659622577260029,-0.35404229518590774,0.7000292712725549,0.004700348566460857,-11.053225128208563,0.035107433406850755,0.5084357763293051,2.986516295975198,-0.6032398171764204,0.9198249147332567,-0.12556904780227193,-2.1671180412014044,0.03349009746004194,-11.053225128208563,0.035107433406850755,0.5084357763293051,2.986516295975198,-0.6032398171764204,0.9198249147332567,0.10000561950234262,0.10001204155635388,7.499997322160795,7.421001356199436,0.07137697857859748,0.08082008304047096
3.237288197705068,0.7408680726988053,-0.3704528930054959,0.7250522825365973,0.0006052690635825694,-11.702440270381539,0.0923482816249109,-0.11026465443597476,2.685823226612789,-0.602284750959448,0.9336564537080624,-0.12708898348929534,-1.8838994580892452,0.03456451728455188,-11.702440270381539,0.0923482816249109,-0.11026465443597476,2.685823226612789,-0.602284750959448,0.9336564537080624,0.10000652521399685,0.10001512649511066,7.499997671346688,7.499997198677022,0.06839014326509789,0.07943103139277222
3.264492300206791,0.8139334830570887,-0.38683750910582154,0.7504515684046669,-0.0039491214641089074,-12.18348955994661,0.14839004035754363,-0.7225756161986766,2.3674688419770353,-0.599772498840266,0.9306568027464691,-0.12708915806403867,-1.5991611352789274,0.034564406718762375,-12.18348955994661,0.14839004035754363,-0.7225756161986766,2.3674688419770353,-0.599772498840266,0.9306568027464691,0.10000786518091143,0.10002039417815921,7.4999979221971245,7.499997482659337,0.06558249194977922,0.07812562946078282
3.2916964027085145,0.8783383481038679,-0.4031537816419869,0.7757692514605079,-0.008897533596126998,-12.56659401790524,0.2030071853138623,-1.2612803517067008,2.0360279431595725,-0.5957356809721445,0.9109997816181544,-0.1270894075671196,-1.314422929304212,0.034564242277315194,-12.56659401790524,0.2030071853138623,-1.2612803517067008,2.0360279431595725,-0.5957356809721445,0.9109997816181544,0.10000994051289429,0.10003060415651609,7.499998105360731,7.499997690494072,0.06293303693405676,0.07688966576859048
3.318900505210238,0.9337266609659537,-0.419360236171087,0.8005521828986957,-0.014204870120482108,-12.863500962149027,0.2564924752181667,-1.7163894185231081,1.6941650313989363,-0.5902130526942798,0.8766877816469157,-0.12708981309891185,-1.0296849521654814,0.03456396685241318,-12.863500962149027,0.2564924752181667,-1.7163894185231081,1.6941650313989363,-0.5902130526942798,0.8766877816469157,0.10001338843239024,0.10005558668593081,7.499998238666032,7.499997839946411,0.06042067131641501,0.07571093497801086
3.3461046077119607,0.9798149001349656,-0.43541645255443717,0.8244016871726266,-0.019789014655411684,-13.342001834798591,0.31526695687982237,-1.9281630748772454,1.3442250326936183,-0.5832354051075241,0.8299949479725399,-0.12709063262679315,-0.7449475165632988,0.03456339829301056,-13.342001834798591,0.31526695687982237,-1.9281630748772454,1.3442250326936183,-0.5832354051075241,0.8299949479725399,0.10001977165588423,0.39939554149040973,7.49999833241026,7.4999979409552955,0.05802674942843432,0.07457885002280908
3.373308710213684,1.016383335709745,-0.45128284829761633,0.846980954813184,-0.02551657384143958,-13.853265535849333,0.37822751327360604,-2.0005731069463453,0.9812678472015778,-0.574658850497159,0.7775410020435415,-0.1328503637288382,-0.46596923454325523,0.030491279053045682,-13.853265535849333,0.37822751327360604,-2.0005731069463453,0.9812678472015778,-0.574658850497159,0.7775410020435415,0.10004201582298135,0.8072923079440569,7.49999839232556,7.499997998282384,0.05573547943173229,0.07348409399715115
3.4005128127154074,1.0430778468066622,-0.46691592657006353,0.8681332599320691,-0.031175215827907138,-14.665282697383844,0.45759413877080024,-1.7862923215622029,0.6044021915807424,-0.5643695104570919,0.7231172061799821,-0.14645723795855986,-0.19483894926143966,0.02087122969222342,-14.665282697383844,0.45759413877080024,-1.7862923215622029,0.6044021915807424,-0.5643695104570919,0.7231172061799821,0.5079273035924804,1.2151081016808307,7.499998421164882,7.499998012885832,0.0535336384608113,0.07241833378023034
3.4277169152171307,1.059520065978691,-0.4822690925813856,0.8878050145297492,-0.03649848786897555,-14.706680224115905,0.5239696559653195,-1.8648903841296431,0.2054463378643636,-0.5519210726017834,0.6745227267661628,-0.16006277545877987,0.06059797346716401,0.01125212578643302,-14.706680224115905,0.5239696559653195,-1.8648903841296431,0.2054463378643636,-0.5519210726017834,0.6745227267661628,0.9159334702425687,0.8078781323174774,7.4999984202158165,7.499997983266597,0.05141021964482379,0.0713738626285404
3.4549210177188536,1.0651090492125566,-0.49728361001330557,0.9061547999284377,-0.04130763223811716,-14.6916693815892,0.5968399980318908,-1.841922556706429,-0.19463569841255185,-0.5376669483731101,0.6237900576018218,-0.15798389525937312,0.31601996226215157,0.012721905974224972,-14.6916693815892,0.5968399980318908,-1.841922556706429,-0.19463569841255185,-0.5376669483731101,0.6237900576018218,1.3239398205107173,0.4000474215305708,7.499998389663831,7.499997905224716,0.04935606453090131,0.07034336157956995
3.482125120220577,1.059814159722447,-0.5119103567886364,0.9231244485949935,-0.0455884294819944,-14.714692101617024,0.6734246149280614,-1.6651022399870035,-0.5943093781907336,-0.5214304518895222,0.5736822075689441,-0.1402090364590283,0.5714385698204703,0.0252887443248001,-14.714692101617024,0.6734246149280614,-1.6651022399870035,-0.5943093781907336,-0.5214304518895222,0.5736822075689441,1.7319075120482281,0.10006074031327643,7.4999983279741045,7.499997769628011,0.047363639224658756,0.06931956121696643
3.5093292227223003,1.043646506480411,-0.5260954042493589,0.9387309581731139,-0.04936439235722497,-14.59972642341362,0.7391812238609139,-1.42963588754142,-0.9946093704044208,-0.5031105396378358,0.5283845955564885,-0.1088137665466666,0.8247797149742692,0.0474852153421442,-14.59972642341362,0.7391812238609139,-1.42963588754142,-0.9946093704044208,-0.5031105396378358,0.5283845955564885,2.06787544823606,0.10003095889977379,7.266146098268605,7.416137498794744,0.04542669634562392,0.06829538366089924
3.5365333252240236,1.0165890512187548,-0.5397820749393638,0.9531051868709643,-0.05264338108047442,-13.359421008806512,0.7328815293331049,-1.7376008775554135,-1.3917818245240825,-0.4830017778565742,0.4894926343316696,-0.06806848745922266,1.0655452028243508,0.07221174622267694,-13.359421008806512,0.7328815293331049,-1.7376008775554135,-1.3917818245240825,-0.4830017778565742,0.4894926343316696,1.6599113510663928,0.10001966160127525,6.858086399961649,7.008078472735736,0.04354016606711644,0.06726375628695665
3.563737427725747,0.9787268758043661,-0.5529217048126887,0.9664213946691615,-0.05521715301108123,-12.090732602782623,0.7037720269938955,-2.016701225717765,-1.7552128830113298,-0.46306439361097673,0.4422227619515679,-0.03517184450732198,1.2984583759771664,0.09138927306747849,-12.090732602782623,0.7037720269938955,-2.016701225717765,-1.7552128830113298,-0.46306439361097673,0.4422227619515679,1.2519075653004215,0.100014048218163,6.450025812972897,6.600018263066274,0.041700110408226805,0.06621738586431701
3.5909415302274703,0.9309778846225807,-0.56551895604138,0.9784516680138872,-0.057000352838009895,-10.80344458700459,0.6587531969681636,-2.292893620053677,-2.0841304120583555,-0.44391890725078925,0.3873602150917909,-0.01012471629190392,1.5235198487834758,0.1050171827289542,-10.80344458700459,0.6587531969681636,-2.292893620053677,-2.0841304120583555,-0.44391890725078925,0.3873602150917909,0.8438986893976778,0.10001081246980503,6.04196493408176,6.191957671283886,0.039903684778907905,0.06514860287156778
3.6181456327291937,0.8742809872659865,-0.5775953714966835,0.9889894550103339,-0.05798119625388848,-9.508357370291657,0.6035811255054995,-2.590702725570779,-2.378028425974916,-0.4259981177571295,0.32498410202630335,0.0070727517781779825,1.7407296604619502,0.11309537485714145,-9.508357370291657,0.6035811255054995,-2.590702725570779,-2.378028425974916,-0.4259981177571295,0.32498410202630335,0.4359104794375979,0.1000087640866856,5.633903912827188,5.783896900301492,0.0381489164938845,0.06404966445838389
3.645349735230917,0.8095888582137533,-0.5891842679576895,0.9978303558332878,-0.05821962757767244,-8.273132189897114,0.546501233064195,-2.886562052592049,-2.636694754499346,-0.40957823495077234,0.2545063595283821,0.016420933744727906,1.9500873843877855,0.11562411490170155,-8.273132189897114,0.546501233064195,-2.886562052592049,-2.636694754499346,-0.40957823495077234,0.2545063595283821,0.10004385753312735,0.10000738429805527,5.225842809394041,5.375836034314822,0.0364346621884642,0.06291259378558481
3.67255383773264,0.7378599438465969,-0.6003264762437652,1.0047539729252384,-0.057836547361474554,-7.2974562239804746,0.5042616654106474,-3.012595501932177,-2.861757890603613,-0.3947111593891758,0.1759800295720833,0.0193073717128569,2.1502054490739484,0.11358439547985982,-7.2974562239804746,0.5042616654106474,-3.012595501932177,-2.861757890603613,-0.3947111593891758,0.1759800295720833,0.1000183045646032,0.10000728237030669,4.817781654276915,4.967775119295087,0.03476054593037326,0.06172902854340529
3.699757940234363,0.660008388855501,-0.6110642390823625,1.0095413516879739,-0.056993302306279976,-6.3241851430844935,0.4618442577441116,-3.186537003835184,-3.0602786377226163,-0.38099317335565486,0.09402507274128995,0.022193324644855798,2.334622544501629,0.11154432660584004,-6.3241851430844935,0.4618442577441116,-3.186537003835184,-3.0602786377226163,-0.38099317335565486,0.09402507274128995,0.10001182373924479,0.10000716241526242,4.409720468117762,4.559714177432646,0.03312687834832141,0.060490071660720145
3.7269620427360866,0.5767562551110609,-0.6214288164227866,1.01209921940456,-0.055828325690226416,-5.366222812455675,0.41916034562577553,-3.4220383514433377,-3.2323224185949626,-0.36842911482815177,0.007338193463423492,0.02507915989941817,2.503338302972933,0.10950416788799985,-5.366222812455675,0.41916034562577553,-3.4220383514433377,-3.2323224185949626,-0.36842911482815177,0.007338193463423492,0.10000893887490259,0.10000705003973391,4.001659264671682,4.151653226229112,0.03153457181914443,0.059186105597793824
3.7541661452378094,0.4888238247169855,-0.6314515998271907,1.0122988483717161,-0.05445296199677066,-4.512267263854455,0.38246893219049516,-3.6277710765890037,-3.3783056940320924,-0.35702623382109044,-0.08575528861406914,0.027964946666683674,2.6563526546466445,0.1074639680276087,-4.512267263854455,0.38246893219049516,-3.6277710765890037,-3.3783056940320924,-0.35702623382109044,-0.08575528861406914,0.10000813215769894,0.22614237025955294,3.5935980545263297,3.7435922814899407,0.029985101349499534,0.05780647203794393
3.781370247739533,0.3969200503343811,-0.6411641780878639,1.009965952710194,-0.05295268151391948,-4.053533277690803,0.3795876302582692,-3.3176757438506113,-3.501057875193159,-0.34662150978605555,-0.18444554483438333,0.02842399163322201,2.7912388259881524,0.10370805449396649,-4.053533277690803,0.3795876302582692,-3.3176757438506113,-3.501057875193159,-0.34662150978605555,-0.18444554483438333,0.507990896467388,0.6341969312117673,3.1855368471658463,3.3355313595947687,0.02848037626931068,0.056339251926741246
3.808574350241256,0.30167691303316096,-0.6505937051693857,1.0049482772025333,-0.05142963618110295,-3.548744836954947,0.37619517467721714,-3.028388767291365,-3.611330609973606,-0.33629516898412337,-0.27469993583757635,0.028881660788307072,2.894723700936554,0.09995116049579922,-3.548744836954947,0.37619517467721714,-3.028388767291365,-3.611330609973606,-0.33629516898412337,-0.27469993583757635,0.9160464717798985,1.0422549866033104,2.7774756525423276,2.927470479937279,0.027022583741708954,0.05477100424550655
3.8357784527429795,0.2034339049518282,-0.6597423134172643,0.9974753119907912,-0.04994691277974248,-3.003631074398057,0.3720891870877769,-2.7697550276435705,-3.7078710282705893,-0.32606111689155065,-0.35708453427803794,0.02933928828854341,2.966805812500666,0.09619422847928576,-3.003631074398057,0.3720891870877769,-2.7697550276435705,-3.7078710282705893,-0.32606111689155065,-0.35708453427803794,1.3241050434122295,1.450314195999036,2.3694144828407433,2.519409668442775,0.025614038008969744,0.05308639676773937
3.8629825552447024,0.10256460143558506,-0.6686125134630083,0.9877611477185113,-0.04854495791346752,-2.425614161728894,0.3671130454387978,-2.550049207864781,-3.789582115895876,-0.31593876450623193,-0.432433233954717,0.02979691041036488,3.0074850826228157,0.09243728291553086,-2.425614161728894,0.3671130454387978,-2.550049207864781,-3.789582115895876,-0.31593876450623193,-0.432433233954717,1.7321646391646481,1.8583739717780194,1.961353355305364,2.111348963928699,0.024257142032589947,0.05126754751503924
3.8901866577464257,-0.0005275788839436421,-0.6772073439969036,0.9759971896968556,-0.04724721390202013,-1.8235365337497929,0.36116265121038527,-2.375652930518637,-3.8555687721811798,-0.3059517835883951,-0.5018050339899086,0.030254537207189024,3.0167614835725827,0.08868032914908794,-1.8235365337497929,0.36116265121038527,-2.375652930518637,-3.8555687721811798,-0.3059517835883951,-0.5018050339899086,2.1402247367210503,2.2664340766405418,1.5532922981205417,1.703288431952199,0.02295417242816681,0.04929353823740764
3.9173907602481495,-0.10541486696480375,-0.6855304876782274,0.9623460341163134,-0.04606453969378886,-1.2073205591028078,0.354192291179026,-2.2507567789057807,-3.9051764469609465,-0.2961266778050737,-0.566432539820257,0.03071217396799095,2.994635004037381,0.0849233681393563,-1.2073205591028078,0.354192291179026,-2.2507567789057807,-3.9051764469609465,-0.2961266778050737,-0.566432539820257,2.5482851225859924,2.674494389694264,1.1452313657163502,1.2952282013497927,0.021707062629298456,0.047139831349302115
3.944594862749873,-0.21165168731524475,-0.6935863481747314,0.9469367452427316,-0.044998410113534185,-0.5875520889483788,0.3462164417734331,-2.1771655902739857,-3.9380205192032167,-0.2864911944105192,-0.6276623579400583,0.031169825631658224,2.941105642663835,0.08116639857406276,-0.5875520889483788,0.3462164417734331,-2.1771655902739857,-3.9380205192032167,-0.2864911944105192,-0.6276623579400583,2.9563456883239683,3.0825548394083593,0.7371706919904241,0.8871685917459816,0.020517215597805772,0.04477757366654124
3.9717989652515957,-0.3187820011735385,-0.7013800839933164,0.9298617541208569,-0.04404305100209415,0.024975266725155782,0.3373075625449159,-2.154224415372703,-3.9540043464560704,-0.27707268684073283,-0.6868901938210966,0.03162750000028492,2.8561734102863245,0.07740941611268842,0.024975266725155782,0.3373075625449159,-2.154224415372703,-3.9540043464560704,-0.27707268684073283,-0.6868901938210966,3.364406370502111,3.4906153781823224,0.32911080919273034,0.4791108780234226,0.01938537764644023,0.04217277013432159
3.999003067753319,-0.42634714070678875,-0.7089175977665594,0.9111755228807192,-0.04318672125436968,0.6365266445351875,0.33647723293294995,-1.9718500219618191,-3.9533249167400712,-0.2678965373346545,-0.7454939356286104,0.03208521885895708,2.7398383546430365,0.07365240609803396,0.6365266445351875,0.33647723293294995,-1.9718500219618191,-3.9533249167400712,-0.2678965373346545,-0.7454939356286104,3.7724671276131003,3.8986759706258916,0.10000152986197607,0.10000383801916896,0.018311596975242934,0.039285313224839725
4.026207170255042,-0.5338937969644022,-0.7162054826280682,0.8908950294414655,-0.0424123563688764,1.3453587299646068,0.35962085748897177,-1.2350748636434434,-3.9360087806570583,-0.25874297620045034,-0.799136345744085,0.029657117366312807,2.5961003089420838,0.07193567555138959,1.3453587299646068,0.35962085748897177,-1.2350748636434434,-3.9360087806570583,-0.25874297620045034,-0.799136345744085,4.180527929413916,4.306736587015292,0.10000144131721864,0.10000394525259307,0.017295279067261964,0.036298924140761885
4.053411272756765,-0.6409693832810796,-0.7232443530742261,0.8691552423789908,-0.04176833100679656,2.130614171245325,0.38077923720868373,-0.5563553165318557,-3.8994095038655128,-0.2489598135315627,-0.8327354489319432,0.02722902320741739,2.436660813307687,0.07021894486373594,2.130614171245325,0.38077923720868373,-0.5563553165318557,-3.8994095038655128,-0.2489598135315627,-0.8327354489319432,4.588588751138879,4.714797198628064,0.10000137546218532,0.10000414845430164,0.01633515527944238,0.03327454255837892
4.080615375258489,-0.7470493191204309,-0.7300170813603487,0.8465014218694278,-0.04122517321331609,2.9746744003780448,0.4002765165549601,0.06337036119377984,-3.841448057559331,-0.2386010561320097,-0.8478705959902545,0.02480093826730609,2.2615198697312957,0.06850221337431549,2.9746744003780448,0.4002765165549601,0.06337036119377984,-3.841448057559331,-0.2386010561320097,-0.8478705959902545,4.9966495695319955,5.122857772989199,0.1000013271906808,0.10000446644283727,0.015429417965321395,0.030367178628489717
4.107819477760213,-0.8515524658333206,-0.7365080089483833,0.8234358632679116,-0.04075319412130594,3.8594817563649446,0.4185004445578813,0.6270312624957678,-3.760524710262194,-0.22771189274661582,-0.8461466621887677,0.02237286506867053,2.0706774815403883,0.0667854802223427,3.8594817563649446,0.4185004445578813,0.6270312624957678,-3.760524710262194,-0.22771189274661582,-0.8461466621887677,5.4047103590635315,5.530918266724474,0.10000129303065033,0.10000493619176366,0.014575755096031491,0.027794971285523676
4.135023580261935,-0.9538541655115564,-0.7427027066195236,0.8004172027382375,-0.04032176421501079,4.766991389126437,0.4358860620464942,1.1412685162126204,-3.6555309729585113,-0.21632696375584648,-0.8290888394520479,0.019944807255652185,1.864133654032633,0.06506874423961037,4.766991389126437,0.4358860620464942,1.1412685162126204,-3.6555309729585113,-0.21632696375584648,-0.8290888394520479,5.812771086712803,5.938978611049003,0.10000127058511288,0.10000562544638979,0.013771303630885431,0.025623477152756303
4.162227682763659,-1.053299604798144,-0.7485876875154243,0.7778625849667491,-0.039899016321703645,5.6794908738117575,0.4528970723960979,1.6161535029936676,-3.5258492505838834,-0.20446907464486114,-0.7980416537550101,0.0175167705099392,1.6418883957215897,0.06335200379029873,5.6794908738117575,0.4528970723960979,1.6161535029936676,-3.5258492505838834,-0.20446907464486114,-0.7980416537550101,6.220831702108801,6.347038673646753,0.1000012582121111,0.1000066634578885,0.013012711450624992,0.023769262109860263
4.1894317852653815,-1.149217169216652,-0.7541500851804955,0.7561525780173531,-0.03945208712748736,6.579760288432574,0.4700052614464819,2.0648001638787665,-3.371343798695107,-0.1921484162646673,-0.7540756482010512,0.015088764608036553,1.4039417210906435,0.06163525657279339,6.579760288432574,0.4700052614464819,2.0648001638787665,-3.371343798695107,-0.1921484162646673,-0.7540756482010512,6.6288921135358985,6.75509812127736,0.10000127375814759,0.10000750979858516,0.012296341841367662,0.022146128095705854
4.216635887767105,-1.2409315514849029,-0.7593773103921034,0.7356386267896383,-0.03894802637742208,7.451055933733021,0.48766820045068954,2.502893098050756,-3.1923473253718186,-0.17936234495592798,-0.6979046128973183,0.012660793232471674,1.150293642744957,0.05991851116438575,7.451055933733021,0.48766820045068954,2.502893098050756,-3.1923473253718186,-0.17936234495592798,-0.6979046128973183,7.036952082393291,7.163155686499363,0.10000129941863453,0.10000868278279339,0.011618463966508214,0.020695183248434546
4.243839990268828,-1.3277764953454199,-0.7642567020092339,0.7166527581639541,-0.03835547483571476,8.23817053334612,0.5039353726187856,2.888432544481999,-2.989648036004472,-0.1660957692440365,-0.6298156525070899,0.010232890174202149,0.8809442118939691,0.05820178284439381,8.23817053334612,0.5039353726187856,2.888432544481999,-2.989648036004472,-0.1660957692440365,-0.6298156525070899,7.445010669361537,7.499996419664767,0.10000133558958584,0.10001034998549208,0.010975385662509756,0.019377290362165858
4.271044092770552,-1.4091071869609613,-0.7687751883408512,0.6995191885959615,-0.037647116095531466,8.571372740087224,0.49894753820528737,2.7328413893532884,-2.765536000388648,-0.15238665971307094,-0.5512384374976883,0.009175186667248102,0.5972636133487602,0.057453741236427075,8.571372740087224,0.49894753820528737,2.7328413893532884,-2.765536000388648,-0.15238665971307094,-0.5512384374976883,7.499997379390076,7.499996642219978,0.10000138257908152,0.10001280021211696,0.0103635376144076,0.018165443092631166
4.298248195272275,-1.4843411117877399,-0.7729207306515807,0.6845232416393847,-0.03674843947038082,8.633381665838497,0.48573394700648964,2.392924575623576,-2.532359497786839,-0.13881323974075183,-0.4768939402207696,0.009175420514850888,0.31252516316582823,0.05745359596022283,8.633381665838497,0.48573394700648964,2.392924575623576,-2.532359497786839,-0.13881323974075183,-0.4768939402207696,7.312713923449122,7.443289756773399,0.10000144074795986,0.10001656441325908,0.00977952277143269,0.017040166417284335
4.325452297773999,-1.5532316791367453,-0.7766970202540845,0.6715497700071682,-0.03561518119557716,8.260195650142851,0.45512850096821666,1.6573057045102888,-2.2974960980128705,-0.1255992836578207,-0.4117965747866132,0.006663548571243691,0.03248094370473692,0.055677291070351534,8.260195650142851,0.45512850096821666,1.6573057045102888,-2.2974960980128705,-0.1255992836578207,-0.4117965747866132,6.904654921171137,7.035231509364668,0.10000151051529166,0.10002274649310065,0.00922015058261913,0.01598686194478653
4.352656400275721,-1.6157329984843967,-0.7801138360408548,0.6603472137768147,-0.03436658200620548,7.793042798819043,0.42640796349839083,0.9886274767617366,-2.0727848888620954,-0.11321792126602565,-0.3667110605244246,0.00415177970008027,-0.23186178538167745,0.053900892772721955,7.793042798819043,0.42640796349839083,0.9886274767617366,-2.0727848888620954,-0.11321792126602565,-0.3667110605244246,6.496594629312186,6.627171598596483,0.10000159267209538,0.10003400913111889,0.008682527189962265,0.014994220984109803
4.379860502777444,-1.672121251065024,-0.7831938279760079,0.6503711684977925,-0.03303993037000813,7.366619041627449,0.4053314835537873,0.5346827055785611,-1.8607821537627058,-0.10161787531946435,-0.33981633731057825,0.0016402185995849658,-0.48050286929768377,0.05212433721399776,7.366619041627449,0.4053314835537873,0.5346827055785611,-1.8607821537627058,-0.10161787531946435,-0.33981633731057825,6.088533915251873,6.2191111416184,0.10000168889997603,0.2984081098930224,0.008164076365316438,0.01405326445889622
4.407064605279167,-1.7227421595093622,-0.785958251072206,0.6411267700258354,-0.03167872929378143,6.998469175875273,0.3917229999452237,0.2948114093960371,-1.6603798942631265,-0.09059119609369157,-0.3252707741821204,0.0029451919823495873,-0.7096259645437029,0.04764948478191745,6.998469175875273,0.3917229999452237,0.2948114093960371,-1.6603798942631265,-0.09059119609369157,-0.3252707741821204,5.680472995705195,5.811050417938826,0.10000180174458877,0.706410844529036,0.0076625792789177085,0.013156716162969095
4.434268707780891,-1.7679113043446966,-0.7884227032564924,0.6322780705441701,-0.030277779387189917,6.576316990886669,0.37727192138562216,0.08837752850617134,-1.469992821447465,-0.07993472345089918,-0.31725069438223313,0.012099769195238884,-0.9151979932267376,0.0376249571135502,6.576316990886669,0.37727192138562216,0.08837752850617134,-1.469992821447465,-0.07993472345089918,-0.31725069438223313,5.272411957507619,5.402989539791113,0.10000193480657388,1.1144307536235523,0.0071761396803724205,0.012298587920102244
4.461472810282615,-1.807901139736151,-0.7905972556666976,0.6236475501354529,-0.0287679660554901,6.236357815973335,0.36679500732028775,0.10380153319359468,-1.2910900199435598,-0.06967137943050264,-0.31484646303790226,0.029104280959688485,-1.0972186192819484,0.022050521363216932,6.236357815973335,0.36679500732028775,0.10380153319359468,-1.2910900199435598,-0.06967137943050264,-0.31484646303790226,4.864350844409843,4.994928563884444,0.33621231269287105,1.5224500021056155,0.00670313137147606,0.011473885002659145
4.488676912784338,-1.8430240849776476,-0.7924926030141615,0.6150824346826649,-0.027058677921739244,5.937756965962514,0.3555811696324306,0.28581447554600015,-1.1214355026803982,-0.059693050454241184,-0.31202263548906767,0.049414239961925656,-1.2511433770531641,0.004139130683606957,5.937756965962514,0.3555811696324306,0.28581447554600015,-1.1214355026803982,-0.059693050454241184,-0.31202263548906767,4.45628968193407,4.586867523410685,0.74427175049845,1.930457614681263,0.006242152549697585,0.010678389800690236
4.515881015286062,-1.8735317313416364,-0.7941164988773591,0.6065941389239624,-0.025106386428071226,5.590917337782491,0.3371646194183143,0.4824612310731955,-0.9599041535480325,-0.0500197838678779,-0.30424730919983806,0.06972319954561788,-1.373666265128608,-0.013771556726047067,5.590917337782491,0.3371646194183143,0.4824612310731955,-0.9599041535480325,-0.0500197838678779,-0.30424730919983806,4.048228486776462,4.1788064401624005,1.1523321938186182,2.3384310875941683,0.005792006913843235,0.00990849962173221
4.5430851177877845,-1.899645062326587,-0.795477242204815,0.5983173639386165,-0.022903353542943688,5.202691634170067,0.31170473848675806,0.6845900134433901,-0.807808265212336,-0.040847523001267566,-0.29112238441661525,0.09003048374298303,-1.4647879195281108,-0.03168106268196054,5.202691634170067,0.31170473848675806,0.6845900134433901,-0.807808265212336,-0.040847523001267566,-0.29112238441661525,3.640167271088148,3.7707453300567577,1.5603929684706583,2.7462701026181784,0.005351667443184497,0.009161105964727889
4.570289220289507,-1.9216207611751628,-0.7965884624074829,0.5903976407524009,-0.020428884987639558,4.456662196943396,0.2605209286900432,0.15900803278927128,-0.6662737087115154,-0.032367875345200955,-0.27249872751924514,0.11033349945100342,-1.5245109198156437,-0.04958755368818908,4.456662196943396,0.2605209286900432,0.15900803278927128,-0.6662737087115154,-0.032367875345200955,-0.27249872751924514,3.2321060448000987,3.3626842061396918,1.9684539051477463,2.3597055485374403,0.004920253132795142,0.008433502240913701
4.59749332279123,-1.9397461394411541,-0.7974690014061367,0.5829845574373782,-0.017651666884172364,3.7387145080831905,0.20773755436709887,-0.42053509418025986,-0.545034213490312,-0.025280637297272885,-0.2681730566966484,0.11534862542354377,-1.5681188805950474,-0.056685509436343956,3.7387145080831905,0.20773755436709887,-0.42053509418025986,-0.545034213490312,-0.025280637297272885,-0.2681730566966484,2.8240448171694266,2.954623080616502,2.3765149354250115,1.9533874060497358,0.004497023685700254,0.007723314150021732
4.624697425292954,-1.9545733060518906,-0.7981567384544807,0.575689150114802,-0.014827951978874336,3.3351479508553985,0.17319643052067615,-0.26928939277657504,-0.44332584078773707,-0.019629323574813017,-0.27961333650430004,0.1046958183911978,-1.5959918414824985,-0.052706239327786626,3.3351479508553985,0.17319643052067615,-0.26928939277657504,-0.44332584078773707,-0.019629323574813017,-0.27961333650430004,2.4159835982467683,2.5465619667933597,2.7845760243161024,2.3612100112802286,0.004081375391495998,0.007028448805298116
4.651901527794677,-1.966633587666343,-0.7986907365850494,0.5680825202476902,-0.012256014796730334,2.9181345368867864,0.14184180342191652,-0.13315146071403972,-0.35259613407425455,-0.014917670125995956,-0.2869391127480208,0.09403842112328897,-1.592466457788386,-0.04872372678182434,2.9181345368867864,0.14184180342191652,-0.13315146071403972,-0.35259613407425455,-0.014917670125995956,-0.2869391127480208,2.007922400996627,2.138500881884935,3.192637150859275,2.769204794519168,0.003672884930879257,0.006347057691797238
4.679105630296401,-1.9762256490394103,-0.7990965584122438,0.5602765992127395,-0.009937423671477453,2.4964870705159607,0.11373899518976785,-0.01556177637006476,-0.27321090301896767,-0.011058991166676857,-0.2905613787335397,0.0833797453078524,-1.55753941720981,-0.04474031335891552,2.4964870705159607,0.11373899518976785,-0.01556177637006476,-0.27321090301896767,-0.011058991166676857,-0.2905613787335397,1.5998612453865735,1.7304398524587812,3.6006983007163327,3.1772350847090305,0.0032712960630784833,0.005677507414281143
4.706309732798124,-1.9836581064497265,-0.7993974083415077,0.5523721376826303,-0.007872090851723914,2.079491853068457,0.08893416151969656,0.08160514441931427,-0.20529621285842467,-0.007964823883091403,-0.29098472289301985,0.07272047335219707,-1.4912100380446212,-0.040756481897591804,2.079491853068457,0.08893416151969656,0.08160514441931427,-0.20529621285842467,-0.007964823883091403,-0.29098472289301985,1.1918001687230333,1.3223789281970184,4.008759462647252,3.58527829530705,0.0028764704552730357,0.005018352353624818
4.733513835299847,-1.989243005667543,-0.7996140842268316,0.5444561594546131,-0.006059772514314503,1.6767040204444121,0.06744909488956204,0.15794536735681483,-0.14872550333605192,-0.005545449837204766,-0.28876472817956894,0.062060853096786585,-1.3934780750254963,-0.03677240833429475,1.6767040204444121,0.06744909488956204,0.15794536735681483,-0.14872550333605192,-0.005545449837204766,-0.28876472817956894,0.7837392613501695,0.9143182294370331,4.416820626392097,3.993327490107588,0.002488392300880955,0.004368313032509576
4.76071793780157,-1.993288949504917,-0.799764943212621,0.5366005741903339,-0.0045011080436157995,1.2977773953990097,0.04927941105385359,0.21442151626694794,-0.10311227529883063,-0.003710557746180662,-0.28446796621632175,0.05140099855600559,-1.2643434205822586,-0.03278817480636687,1.2977773953990097,0.04927941105385359,0.21442151626694794,-0.10311227529883063,-0.003710557746180662,-0.28446796621632175,0.37567888022963225,0.5062582314391575,4.824881780863149,4.401379827524873,0.002107177169094893,0.003726262385138804
4.787922040303293,-1.9960940264113325,-0.7998658856058867,0.5288618784789282,-0.003198232409608784,0.9649594504360498,0.03485183071190483,0.3867626264360499,-0.06780740600997655,-0.002369955596647075,-0.2786348213092208,0.04074096701201201,-1.1038060380388426,-0.02880382655967586,0.9649594504360498,0.03485183071190483,0.3867626264360499,-0.06780740600997655,-0.002369955596647075,-0.2786348213092208,0.10000097678215854,0.10000130974878761,5.232942911774468,4.809433893046986,0.0017330887263014214,0.003091219973702634
4.815126142805017,-1.997938666034804,-0.7999303581208626,0.5212818682394829,-0.002154980670347704,0.7108607169566084,0.02488273541857308,1.2255953788711096,-0.0415565502103077,-0.0014218428215877095,-0.26811329117581884,0.03259302372069307,-0.9144475053260249,-0.023043239710771688,0.7108607169566084,0.02488273541857308,1.2255953788711096,-0.0415565502103077,-0.0014218428215877095,-0.26811329117581884,0.10000084483116603,0.10000113856685754,5.64100399713497,5.217488830045675,0.001366571103635887,0.0024623558835498473
4.84233024530674,-1.9990691746863432,-0.7999690380787222,0.5139880867842614,-0.0013052452995295056,0.4683365019111574,0.01592325981659118,2.055360762108907,-0.02221822240177164,-0.0007449303367375876,-0.23477206886337082,0.024444962895129093,-0.7093876202991923,-0.017282568697913822,0.4683365019111574,0.01592325981659118,2.055360762108907,-0.02221822240177164,-0.0007449303367375876,-0.23477206886337082,0.10000074141058732,0.10000100678813166,6.049064995757034,5.625543929418732,0.0010083153367501675,0.0018390095164834677
4.869534347808464,-1.999673601485967,-0.7999893032399595,0.5076013233583608,-0.0006578058225646036,0.2557320416547212,0.008465662784785957,2.878145835883543,-0.009477548198482006,-0.00031175234452547,-0.17885782401294006,0.016296789118846036,-0.4886263828101592,-0.011521817057439605,0.2557320416547212,0.008465662784785957,2.878145835883543,-0.009477548198482006,-0.00031175234452547,-0.17885782401294006,0.10000065815151132,0.10000090228503764,6.457125807678193,6.033598194169874,0.000659409406211937,0.0012207378129188134
4.8967384503101865,-1.9999314296786235,-0.7999977841826952,0.5027356567806776,-0.00022060761385131564,0.09265468412980504,0.0029940920263026236,3.6965178201444484,-0.0025205875243320074,-8.145158638312886e-05,-0.1005604496786562,0.00814848978955039,-0.25216381342091637,-0.005760976073061068,0.09265468412980504,0.0029940920263026236,3.6965178201444484,-0.0025205875243320074,-8.145158638312886e-05,-0.1005604496786562,0.1000005896633519,0.10000081786977996,6.865186037635468,6.441648508560824,0.0003217590862365987,0.0006074473459403079
