3.4359840350164063e-31,-2.0,0.8,0.5,3.673593052011099e-16,2.006293961512655e-18,-2.085927854429238e-18,3.750686537088355e-18,4.2877123960201103e-17,-5.2964021746647294e-17,-2.7206720104744952e-17,9.183128801618465e-17,1.0936045300178987e-16,5.4854240055923904e-17,2.006293961512655e-18,-2.085927854429238e-18,3.750686537088355e-18,4.2877123960201103e-17,-5.2964021746647294e-17,-2.7206720104744952e-17,0.10000045339428809,0.10000029011646845,4.10534196282654,5.5046572936627145,1.0000000040853136,1.0000000028658187
0.027601477068947187,-2.0,0.7999999999999999,0.49999999999999994,7.437086213726857e-16,9.739332318747022e-15,-9.741215849923025e-15,0.8280425547472231,1.1563913600248385e-16,-1.2859384038613803e-16,1.0878395163259295e-16,0.027314833467475357,0.1836844824432839,-0.01931158275479586,9.739332318747022e-15,-9.741215849923025e-15,0.8280425547472231,1.1563913600248385e-16,-1.2859384038613803e-16,1.0878395163259295e-16,0.10000125062322612,0.10000053574882296,4.5193630157907885,5.9186777525843866,1.000000012255941,1.0000000085974559
0.055202954137894375,-2.0,0.7999999999999999,0.49999999999999994,0.0007539297495957346,0.057988993802344645,-0.00865489796009721,1.6285650594985042,3.8445909419134037e-16,-3.974657862940814e-16,0.022855197586968037,0.05462966610639893,0.38353243024579226,-0.038623149698925274,0.057988993802344645,-0.00865489796009721,1.6285650594985042,3.8445909419134037e-16,-3.974657862940814e-16,0.022855197586968037,0.10000133933675599,0.10000059588271532,4.93338341677803,6.305329971457354,0.999384386843,0.9994829734192144
0.08280443120684157,-1.9999999999999998,0.7999999999999998,0.5006308372121029,0.002256424781193375,0.1790448854574509,-0.026095490784662945,1.6272832443833227,0.0016005818826871205,-0.0002388879675800985,0.06780599873200457,0.0814102685740313,0.5990096162720606,-0.05755701512311162,0.1790448854574509,-0.026095490784662945,1.6272832443833227,0.0016005818826871205,-0.0002388879675800985,0.06780599873200457,0.1000014461197528,0.10000066945044493,5.34740226586237,5.891309971933342,0.9987687614414358,0.9989631735342763
0.11040590827578875,-1.999955821575868,0.7999934063392405,0.5025023829312414,0.004479177274277854,0.36802660660567943,-0.052392655125322214,1.62266339195579,0.006542485182953225,-0.0009591620580758957,0.11272141988653281,0.09202743796155731,0.814486776321115,-0.06506333244287232,0.36802660660567943,-0.052392655125322214,1.62266339195579,0.006542485182953225,-0.0009591620580758957,0.11272141988653281,0.10000157727105098,0.10000076156777919,5.761414003982719,5.477289038787281,0.9981531193220298,0.9984415960990902
0.13800738534473594,-1.9997752393211166,0.7999669320496892,0.5056136606174186,0.006964678759647402,0.5807504787688368,-0.07686290479204168,0.8064375054383643,0.016700563125942335,-0.002405276727098736,0.15750932629022057,0.0864812949651343,1.029963752523751,-0.06114218682978603,0.5807504787688368,-0.07686290479204168,0.8064375054383643,0.016700563125942335,-0.002405276727098736,0.15750932629022057,0.12190987771005941,0.10000088034157925,5.347409276794632,5.063267812503103,0.9975374141640304,0.9979186010634173
0.16560886241368314,-1.9993142791109575,0.7999005428592616,0.5099611506751635,0.00927015459624737,0.8770752187317641,-0.10355622014962772,0.7249607936358913,0.03273013414846048,-0.004526806431168946,0.1797681926041165,0.08136248066350064,1.2288498913163608,-0.05691846443006126,0.8770752187317641,-0.10355622014962772,0.7249607936358913,0.03273013414846048,-0.004526806431168946,0.1797681926041165,0.5359302865666918,0.45334491716372166,4.933393197353151,4.649246456381484,0.9969215717869374,0.9973943156039337
0.1932103394826303,-1.998410879063795,0.7997755963153561,0.514923018321052,0.011411191042560859,1.2336246985813353,-0.1300041163160857,0.6888912872879724,0.056938705686027095,-0.0073851110669757416,0.1997781813255432,0.07742797459890455,1.3965935630362318,-0.05185729046258512,1.2336246985813353,-0.1300041163160857,0.6888912872879724,0.056938705686027095,-0.0073851110669757416,0.1997781813255432,0.9499515218697893,0.8673660285613868,4.519375365022194,4.235225038707073,0.9963054745626075,0.9968687156425184
0.2208118165515775,-1.9968392866844666,0.7995717563415893,0.520437191211785,0.013431740635501345,1.6370940686720137,-0.15606256436122007,0.6332316186876874,0.09098856951560669,-0.010973416702342923,0.21879259839461956,0.07349340096655585,1.5320102911805797,-0.046796065304734964,1.6370940686720137,-0.15606256436122007,0.6332316186876874,0.09098856951560669,-0.010973416702342923,0.21879259839461956,1.36397302820508,1.2813876143862861,4.1053570221056,3.8212035966080804,0.9956889718232278,0.9963416537236087
0.2484132936205247,-1.9943278677694454,0.7992688738321115,0.5264761900992294,0.015346750639335254,2.0768589075431585,-0.18160640916672907,0.5543268788017329,0.1361747839117667,-0.015280973993880233,0.23627072639715999,0.06955876528608657,1.6351000507544584,-0.04173479847289416,2.0768589075431585,-0.18160640916672907,0.5543268788017329,0.1361747839117667,-0.015280973993880233,0.23627072639715999,1.7779946662554627,1.6954093522063978,3.6913386972252455,3.4071821544745755,0.9950718453036708,0.9958128608363095
0.2760147706894719,-1.9905692425939359,0.7988470963788282,0.532997611135944,0.01717458400968178,2.5420935363796806,-0.20645705916889268,0.4496696879459927,0.1934991574237579,-0.020293579132069545,0.251570967031107,0.06562406680888229,1.7058628365711996,-0.03667348999755361,2.5420935363796806,-0.20645705916889268,0.4496696879459927,0.1934991574237579,-0.020293579132069545,0.251570967031107,2.192016379851288,2.109431160156842,3.2773208893673194,2.99316073094061,0.9944537935265152,0.9952819478604376
0.30361624775841906,-1.9852283800374433,0.7982869636197675,0.539941341413666,0.01893545039967522,3.0219231845652543,-0.230402632111442,0.31821338380016323,0.2636646938752605,-0.025992098916442007,0.2639825146115488,0.0616892959113625,1.7442986562426075,-0.03161213292537685,3.0219231845652543,-0.230402632111442,0.31821338380016323,0.2636646938752605,-0.025992098916442007,0.2639825146115488,2.60603814046852,2.5234530040994123,2.863304598993874,2.5791393420355715,0.9938344198927719,0.9947484064898251
0.3312177248273663,-1.9779508450355543,0.7975695432975515,0.5472276487373197,0.020649873920866292,3.505623141066492,-0.25321853588975785,0.1605807347735095,0.3470742373581582,-0.03235155188329105,0.272765674027541,0.0577544238632732,1.7504075384457158,-0.02655070663964988,3.505623141066492,-0.25321853588975785,0.1605807347735095,0.3470742373581582,-0.03235155188329105,0.272765674027541,3.020059927287057,2.9374748680828873,2.449290870110576,2.1651180263263488,0.9932132223401764,0.9942116092717689
0.35881920189631344,-1.9683710834318908,0.7966765926800999,0.5547563842341867,0.02233718912434055,3.9828431653547387,-0.27468732819678227,-0.020833263286709494,0.44383461409867553,-0.03934075749508458,0.2771979394961066,0.053819402213014136,1.7241895337073079,-0.021489176715055146,3.9828431653547387,-0.27468732819678227,-0.020833263286709494,0.44383461409867553,-0.03934075749508458,0.2771979394961066,3.434081726637726,3.351496741512953,2.0352818513162196,1.7510968412133416,0.9925895842564536,0.9936708083178211
0.3864206789652606,-1.956120592508441,0.7955907296642243,0.5624074568047478,0.024014010734636895,4.443830568716549,-0.2946166692779297,-0.22186425544175148,0.5537669683964274,-0.046922533485438435,0.27662291065722705,0.049884141628479234,1.6656447360892048,-0.01642747990862817,4.443830568716549,-0.2946166692779297,-0.22186425544175148,0.5537669683964274,-0.046922533485438435,0.27662291065722705,3.8481035281091027,3.765518616225263,1.6212826738334642,1.3370758931913773,0.9919627662702238,0.993125132052411
0.41402215603420783,-1.9408358062287068,0.794295598432209,0.5700426577299986,0.02569260519617454,4.879626047659427,-0.3128544140923244,-0.43667656629333174,0.6764232559371437,-0.055054388726642804,0.2704991294982324,0.045948454650311596,1.5747733422568047,-0.011365483663460798,4.879626047659427,-0.3128544140923244,-0.43667656629333174,0.6764232559371437,-0.055054388726642804,0.2704991294982324,4.262125322535145,4.179540484943937,1.207308852467047,0.9230554403840548,0.9913318984860312,0.9925735792150193
0.441623633103155,-1.922165525241055,0.7927760159842256,0.5775088332500142,0.02737911029238993,5.282225093462074,-0.32930112632880065,-0.657913616006428,0.8111081423966526,-0.063689632663131,0.25844621126714035,0.04201185596971597,1.4515758570862136,-0.006302844895263175,5.282225093462074,-0.32930112632880065,-0.657913616006428,0.8111081423966526,-0.063689632663131,0.25844621126714035,4.676147100644617,4.593562340218503,0.7934357765665638,0.5090365039503165,0.9906959726840167,0.9920150091655834
0.46922511017210217,-1.8997777424482574,0.7910180880487445,0.5846423304238605,0.029071609320204136,5.746990372308515,-0.3501525642687667,-0.7149961999638337,0.9569053571868634,-0.07277883015027388,0.24028682368159068,0.038072408564909246,1.2960542773237238,-0.0012381942089188904,5.746990372308515,-0.3501525642687667,-0.7149961999638337,0.9569053571868634,-0.07277883015027388,0.24028682368159068,5.090168851804786,5.00758417340213,0.5665182810748906,0.10000290428813984,0.9900538339693442,0.9914481272957569
0.4968265872410494,-1.8733657411747116,0.7890092848372469,0.591274601677678,0.030758169415815884,6.7683282879194495,-0.4050426510335328,0.09766095402536364,1.1155307801635963,-0.08244355812357124,0.22055187246390304,0.030578027824094727,1.1119553173807413,0.006339792082014278,6.7683282879194495,-0.4050426510335328,0.09766095402536364,1.1155307801635963,-0.08244355812357124,0.22055187246390304,5.504190562421706,5.421605973318613,0.9798691778167469,0.10000265359857463,0.9894041713300323,0.9908714639476495
0.5244280643099966,-1.8425754439263213,0.7867337208582167,0.5973621591280036,0.03236667959731187,7.705568040195726,-0.4538423417923309,0.7577834116446867,1.3023466381977105,-0.09362333356801882,0.2232474590469641,0.01501497333359758,0.9197614949274112,0.019622328249173225,7.705568040195726,-0.4538423417923309,0.7577834116446867,1.3023466381977105,-0.09362333356801882,0.2232474590469641,5.918212213410546,5.835627724151387,1.2327842931344186,0.10000245186358926,0.988745506537037,0.9902833445872987
0.5520295413789438,-1.8066287530562868,0.7841495785636206,0.603524118749589,0.0337750787802934,8.22383221549966,-0.47442650450522594,0.8868951067002403,1.5150316977623859,-0.1061500525579172,0.24416340050670451,-0.005485025343503205,0.7163410842280967,0.03639528120042086,8.22383221549966,-0.47442650450522594,0.8868951067002403,1.5150316977623859,-0.1061500525579172,0.24416340050670451,6.332233775385103,6.249649401398374,0.8192278887673599,0.10000228633043472,0.9880761509967889,0.9896818487157228
0.5796310184478909,-1.7648116403917702,0.7812196803220757,0.6102633892497509,0.03490903439762408,8.692738166793184,-0.4869135751324859,1.0454153313743273,1.7420216140773697,-0.11924492484291904,0.26864301545685365,-0.01791235085143515,0.4886844722131645,0.04746085103937681,8.692738166793184,-0.4869135751324859,1.0454153313743273,1.7420216140773697,-0.11924492484291904,0.26864301545685365,6.746255197875502,6.663670962768892,0.4055603154714135,0.100002149230603,0.987394007689847,0.9890647601911015
0.6072324955168381,-1.7167292707572033,0.7779283442634354,0.6176783332806159,0.035839987366845225,9.170548504693938,-0.49774339311925897,1.3305470016106398,1.9819540272544744,-0.13268445872149756,0.29749802275330894,-0.022264833063015733,0.2367894943893267,0.05281750283451594,9.170548504693938,-0.49774339311925897,1.3305470016106398,1.9819540272544744,-0.13268445872149756,0.29749802275330894,7.160276380726809,7.077692324000231,0.10012109618886632,0.1000020348043729,0.9866965360562397,0.9884295130670262
0.6348339725857853,-1.6620244121222314,0.7742660572186283,0.6258897181336985,0.03661733714089567,9.773477348505738,-0.5165796634464065,1.9060308451990706,2.235074711516452,-0.14642291157289883,0.33422308530742145,-0.020655104860805427,-0.03723120766218338,0.05395886694355251,9.773477348505738,-0.5165796634464065,1.9060308451990706,2.235074711516452,-0.14642291157289883,0.33422308530742145,7.574297074220294,7.491713274324782,0.10006424767212364,0.10000193953269015,0.9859808048981659,0.9877731237825088
0.6624354496547326,-1.600333048724926,0.7702245685824803,0.635114768958724,0.03725712806292347,10.291047644024252,-0.5355077889260428,2.552336390496062,2.504837122435108,-0.16068127330779933,0.3868323519738896,-0.019044273840720067,-0.3274165095557354,0.055099444271434636,10.291047644024252,-0.5355077889260428,2.552336390496062,2.504837122435108,-0.16068127330779933,0.3868323519738896,7.988316280058588,7.905732969404172,0.1000407010007256,0.10000186096399902,0.9852434244831061,0.9870920992479019
0.6900369267236797,-1.5311958443285858,0.7657895281018658,0.6457919132512582,0.037716054814172485,10.221225319353048,-0.5301145861191459,2.6967922081028477,2.788885237997086,-0.1754620792640842,0.45728060632840606,-0.017432994270053487,-0.633765707366825,0.05623969097027896,10.221225319353048,-0.5301145861191459,2.6967922081028477,2.788885237997086,-0.1754620792640842,0.45728060632840606,7.9927966448225884,7.968061741353341,0.10002840172153235,0.10000179656576964,0.9844804375798549,0.9863823110904251
0.7176384037926269,-1.454218492384084,0.7609465155445884,0.6584135334209059,0.03796321798455537,9.488442554205433,-0.4974427177847401,2.224037925196691,3.071006154265752,-0.1900940248567663,0.5317160546200724,-0.016950684843382857,-0.9414192701784407,0.05658141807653178,9.488442554205433,-0.4974427177847401,2.224037925196691,3.071006154265752,-0.1900940248567663,0.5317160546200724,7.578777539458425,7.554042213843992,0.1000210362394459,0.10000174361194644,0.9836871353264826,0.9856388279720145
0.7452398808615741,-1.3694541864385221,0.7556996396765604,0.6730896819096929,0.03794800806487623,8.67710199429313,-0.466678352238709,1.8037517683687174,3.3329011838456757,-0.20382417862481667,0.5931027864128579,-0.016468224434808523,-1.2329095482816606,0.056923050090409336,8.67710199429313,-0.466678352238709,1.8037517683687174,3.3329011838456757,-0.20382417862481667,0.5931027864128579,7.164756946917596,7.140021434717789,0.1000162911427687,0.10000170085874693,0.982857895900782,0.9848556878581322
0.7728413579305212,-1.2774611908395388,0.7500737912841505,0.6894601948683959,0.037701767957650505,7.804245030867994,-0.43759458696964465,1.413002500400525,3.5724020155660736,-0.2167051904627075,0.6428889994855601,-0.015985668593661653,-1.5082364368654468,0.057264619783490005,7.804245030867994,-0.43759458696964465,1.413002500400525,3.5724020155660736,-0.2167051904627075,0.6428889994855601,6.750735865718794,6.726000251082638,0.10001309542961971,0.10000166829624108,0.9819861787490487,0.9840255629125405
0.8004428349994684,-1.178857618525831,0.7440924079388722,0.707204880845575,0.03726771802562465,6.886359527775931,-0.4098893031728551,1.029707346441482,3.787810705826022,-0.22878344742044565,0.6818899555987303,-0.015503049007801547,-1.7673998880519513,0.057606147236452986,6.886359527775931,-0.4098893031728551,1.029707346441482,3.787810705826022,-0.22878344742044565,0.6818899555987303,6.336714545737378,6.311978876870618,0.10000958818895486,0.10000167655709868,0.9810645695421099,0.9831392344656158
0.8280443120684157,-1.0743084481874614,0.737777646861142,0.7260260508185787,0.03669461773452454,5.940099644017051,-0.38322186836681615,0.6334007357659062,3.9778844004204554,-0.240096997622778,0.7103113993092615,-0.015020359740272814,-2.010399898744199,0.05794762692132103,5.940099644017051,-0.38322186836681615,0.6334007357659062,3.9778844004204554,-0.240096997622778,0.7103113993092615,5.922693093466553,5.8979573937546785,0.10000760649578455,0.10000169303273362,0.9800845978106183,0.9821847607235242
0.8556457891373628,-0.9645129631263334,0.7311506150869338,0.745631694618425,0.036031433208068966,4.982780946856972,-0.35724343306004014,0.20593293738798607,4.141839924532054,-0.25067448723482383,0.7277941951929585,-0.014537630866109595,-2.23723643429481,0.0582890794556692,4.982780946856972,-0.35724343306004014,0.20593293738798607,4.141839924532054,-0.25067448723482383,0.7277941951929585,5.50867156172707,5.483935845439453,0.10000636065468645,0.10000171922497801,0.9790365147823981,0.9811460758421011
0.88324726620631,-0.850192063426112,0.7242316289757517,0.7657198894079563,0.03532360162775661,4.032647768523278,-0.3316223437855786,-0.2678764655787323,4.279372038576313,-0.26053493366046254,0.7334782484420141,-0.01405487683811745,-2.447909477326241,0.058630514663775286,4.032647768523278,-0.3316223437855786,-0.2678764655787323,4.279372038576313,-0.26053493366046254,0.7334782484420141,5.0946499815238715,5.069914259201563,0.10000552966543372,0.10000175716688053,0.9779090211598455,0.9800005237904543
0.9108487432752572,-0.7320750742338541,0.7170404799786626,0.7859649724629001,0.034610959016520164,3.108901254583311,-0.3060649299954646,-0.7996493026631537,4.39067907348635,-0.26968820017801076,0.7260844623200322,-0.013572105730670017,-2.642419017824897,0.05897193796327291,3.108901254583311,-0.3060649299954646,-0.7996493026631537,4.39067907348635,-0.26968820017801076,0.7260844623200322,4.680628373654996,4.655892654487232,0.10000496017138265,0.10000180963217749,0.9766889306442412,0.9787143490721937
0.9384502203442043,-0.6108858464699143,0.7095966873056836,0.8060059760997452,0.03392706137723855,2.231849374744011,-0.28037638233917533,-1.395614127236094,4.476489340174352,-0.27813604432488953,0.7040129604293758,-0.013089322544066577,-2.820765049502156,0.05931335263573714,2.231849374744011,-0.28037638233917533,-1.395614127236094,4.476489340174352,-0.27813604432488953,0.7040129604293758,4.266606753913342,4.2418710470824275,0.1013460379960175,0.10003564110288214,0.9753607493810384,0.9772346674107318
0.9660516974131516,-0.4873281285977053,0.7019197216562024,0.8254377736832783,0.03329950214803235,1.5702618592980182,-0.2810118788500095,-1.2474731180568892,4.538091679512693,-0.2858748466126987,0.6654919490993702,-0.012632057229299566,-2.9829207235602015,0.05967280810307447,1.5702618592980182,-0.2810118788500095,-1.2474731180568892,4.538091679512693,-0.2858748466126987,0.6654919490993702,3.852585135892867,3.827849451587066,0.5153636009808946,0.5140558049619938,0.9739061431852983,0.9754808295076308
0.9936531744820988,-0.36207009516885563,0.6940291536328331,0.8438063344559135,0.032750238335583576,0.860373193952267,-0.28124307425377726,-1.147310999571328,4.58143322621435,-0.293631189542879,0.6310598484371951,-0.012174741584798369,-3.1127494668546953,0.06003222736556334,0.860373193952267,-0.28124307425377726,-1.147310999571328,4.58143322621435,-0.293631189542879,0.6310598484371951,3.4385635328891144,3.4138278833666797,0.9293835312225386,0.9280769696197194,0.9723032518802472,0.9733823052077731
1.0212546515510459,-0.23561577103258752,0.6859244990879376,0.861224518391686,0.032299439859027945,0.11344569629352431,-0.2808860058480448,-1.1054185787041801,4.60518079719796,-0.30139391380769487,0.5993923701915764,-0.011717402523299385,-3.210251214466267,0.06039162911216246,0.11344569629352431,-0.2808860058480448,-1.1054185787041801,4.60518079719796,-0.30139391380769487,0.5993923701915764,3.024541959607934,2.9998063605880474,1.343404235573771,1.3420984529568123,0.9705257904907256,0.9710356186400328
1.0488561286199931,-0.10850597886037207,0.6776055818872542,0.8777686331528307,0.031960574793553714,-0.6576932310994577,-0.27980013687154065,-1.1295246923262703,4.608312065982776,-0.30914678245709787,0.568881184639885,-0.011260049241704609,-3.2754259465307416,0.060751019411208945,-0.6576932310994577,-0.27980013687154065,-1.1295246923262703,4.608312065982776,-0.30914678245709787,0.568881184639885,2.610520434232226,2.585784906984544,1.7574253170786194,1.7561200907090895,0.9685416494170762,0.9686405912145919
1.0764576056889403,0.018690240955404232,0.6690726740603257,0.893470594125624,0.031741773072261656,-1.4391234754804265,-0.27789665250486184,-1.2243607665860978,4.590158761346183,-0.316869679518846,0.537704634745832,-0.010802686503085933,-3.308273654957252,0.061110401043120675,-1.4391234754804265,-0.27789665250486184,-1.2243607665860978,4.590158761346183,-0.316869679518846,0.537704634745832,2.196498981680701,2.171763556493469,2.171446617161254,2.1701418177567047,0.9663113575311689,0.9663113812967704
1.1040590827578876,0.145385402749528,0.6603266028672415,0.9083120362714276,0.031646810059476914,-2.216430705938607,-0.2751435395813014,-1.391374999823747,4.550436827738326,-0.32454003760049616,0.5039104691227875,-0.010345317422285548,-3.3087943371703785,0.06146977537409076,-2.216430705938607,-0.2751435395813014,-1.391374999823747,4.550436827738326,-0.32454003760049616,0.5039104691227875,1.7824776397395232,1.7577423622299788,2.585468056434365,2.584163601365505,0.963786153906247,0.9641551530956531
1.1316605598268348,0.2709841805040402,0.6513688184614561,0.9222207095297227,0.03167559259155957,-2.9753789726446893,-0.2715670434002227,-1.6286242683856837,4.489260066433451,-0.3321344056989184,0.4655064639708461,-0.00988794450269354,-3.276987994557736,0.06182914291491287,-2.9753789726446893,-0.2715670434002227,-1.6286242683856837,4.489260066433451,-0.3321344056989184,0.4655064639708461,1.3684564725469248,1.3437214164609825,2.9994895892459845,2.9981854224420457,0.96090507147054,0.9622192707531495
1.1592620368957818,0.39489438928424353,0.642201418278749,0.9350693755204608,0.031824061994468175,-3.7025975606052217,-0.2672493474437485,-1.9308552110175294,4.407135211948572,-0.33963005722001144,0.42055402857306795,-0.009430570278349681,-3.2128546328238268,0.062188503421656945,-3.7025975606052217,-0.2672493474437485,-1.9308552110175294,4.407135211948572,-0.33963005722001144,0.42055402857306795,0.9544356062922735,0.9297009037645634,3.413511186619845,3.4122072685480695,0.9575916325695517,0.9604710604527494
1.186863513964729,0.5165378307765918,0.6328271270424656,0.9466772878963736,0.032083417363624994,-4.386220647559757,-0.2623225973953079,-2.2897678142356583,4.304938050283987,-0.34700653395517117,0.36725957274271065,-0.008973198100225288,-3.1163942645477967,0.06254785561634875,-4.386220647559757,-0.2623225973953079,-2.2897678142356583,4.304938050283987,-0.34700653395517117,0.36725957274271065,0.5404153539044599,0.5156812872588804,3.82753282863486,3.826229130774362,0.9537489478818852,0.9588831257243177
1.2144649910336762,0.6353604796547434,0.6232492341527269,0.956814194571783,0.03243852457632596,-5.016423631929285,-0.256959693675124,-2.6944362846720806,4.183871881661023,-0.3542470251118444,0.3040585989248719,-0.008515834036053875,-2.987606918020108,0.06290719599631926,-5.016423631929285,-0.256959693675124,-2.6944362846720806,4.183871881661023,-0.3542470251118444,0.3040585989248719,0.12639696289129962,0.10166442927638904,4.241554500556731,4.240251002125189,0.9492531043570137,0.9574324346932629
1.2420664681026234,0.7508415234558231,0.6134714930123596,0.9652066610176241,0.03286533190457376,-6.0988452465769045,-0.27444913827069106,-2.5184859768349033,4.0454111798162025,-0.36133949220446204,0.22968817759975643,-0.008058496003973768,-2.8264926826599126,0.06326651246706748,-6.0988452465769045,-0.27444913827069106,-2.5184859768349033,4.0454111798162025,-0.36133949220446204,0.22968817759975643,0.10000371109876703,0.10000591787252314,4.655576190644305,4.654272876553601,0.9439439369058856,0.9560995661151076
1.2696679451715707,0.8625008473699827,0.603497989304173,0.971546393984652,0.033327095497474854,-7.227815177173525,-0.2916802148324203,-2.424483462851166,3.877074042595752,-0.3689146938010328,0.1601742446616828,-0.00808397995319823,-2.6486673471889066,0.06328446870895393,-7.227815177173525,-0.2916802148324203,-2.424483462851166,3.877074042595752,-0.3689146938010328,0.1601742446616828,0.10000369790538957,0.10000693908811487,5.069597888773414,5.068294748273343,0.9376118982735486,0.9548680889568638
1.2972694222405179,0.9695138176512997,0.593315398842826,0.9759674397257174,0.033779232884699716,-8.368890813844137,-0.3079040361159781,-2.424523135432428,3.6775756677244082,-0.3769654985621954,0.09325491995775471,-0.008109480705716586,-2.4546785055068887,0.06330240827955375,-8.368890813844137,-0.3079040361159781,-2.424523135432428,3.6775756677244082,-0.3769654985621954,0.09325491995775471,0.1000037100006662,0.1000086365041029,5.483619585418356,5.482316611135683,0.9299789523242757,0.9537240527597954
1.324870899309465,1.0710203381133132,0.5829105942784772,0.9785414132604979,0.03416931335412462,-9.506289502225943,-0.32335732481925217,-2.503713509620159,3.4465819198335668,-0.3854641047544868,0.02633450023198461,-0.008135011111343318,-2.244526171508893,0.06332032229756018,-9.506289502225943,-0.32335732481925217,-2.503713509620159,3.4465819198335668,-0.3854641047544868,0.02633450023198461,0.10000373977563536,0.10001179336469226,5.897641270714843,5.896338457884612,0.9206779615434372,0.9526553524101666
1.3524723763784121,1.1661510899398473,0.572271215630194,0.9792682843647733,0.034425678260517525,-10.626977199487532,-0.3383013929366068,-2.643565850313516,3.1841942881271037,-0.39438924454056146,-0.04277169079100949,-0.00816059940654299,-2.01821037456465,0.06333819093131268,-10.626977199487532,-0.3383013929366068,-2.643565850313516,3.1841942881271037,-0.39438924454056146,-0.04277169079100949,0.10000378023679249,0.10001928129810403,6.311662933392254,6.310360279046303,0.9092230945273029,0.9516513977705355
1.3800738534473593,1.2540395555666601,0.5613854899407682,0.9780877225222052,0.03445262974919023,-11.720770332239562,-0.3530009177108032,-2.822577333994493,2.890874020643224,-0.403726862680094,-0.1157380129886899,-0.008186329983803817,-1.7757312003668944,0.06335595459724776,-11.720770332239562,-0.3530009177108032,-2.822577333994493,2.890874020643224,-0.403726862680094,-0.1157380129886899,0.10000412372507853,0.10002604475909319,6.725684559273338,6.724382060959078,0.8949719356787714,0.9507028508616133
1.4076753305163066,1.3338319485566594,0.5502420321983855,0.9748931824106923,0.03412708147754743,-12.78021469117231,-0.3677014212744278,-3.0167800806564133,2.567363447087517,-0.41347020941560597,-0.193645316548269,-0.008212182834066196,-1.51708864217337,0.06337362750946557,-12.78021469117231,-0.3677014212744278,-3.0167800806564133,2.567363447087517,-0.41347020941560597,-0.193645316548269,0.10000455499030475,0.10003903739201023,7.139706122392349,7.1384037848516115,0.8770800377084248,0.9498014066649509
1.4352768075852538,1.4046949718690986,0.5388296436945078,0.9695482856464763,0.03329966165672999,-13.800251076219794,-0.3826057270097126,-3.200227916313153,2.2146106443529026,-0.42361931176313133,-0.2769129027665637,-0.008238277745655033,-1.2422828256494862,0.06339112484673891,-13.800251076219794,-0.3826057270097126,-3.200227916313153,2.2146106443529026,-0.42361931176313133,-0.2769129027665637,0.10000509196255623,0.10012832723474602,7.55372758043454,7.552425418221204,0.8544531933142017,0.9489396064337621
1.462878284654201,1.4658214967858516,0.5271371249749145,0.9619050805106695,0.031805065098538275,-15.156378116458557,-0.40804449395328696,-3.1797393372562053,1.8337033307269082,-0.4341797949636377,-0.36524392021408586,-0.008266101703229866,-0.9513152460089629,0.06340739490920488,-15.156378116458557,-0.40804449395328696,-3.1797393372562053,1.8337033307269082,-0.4341797949636377,-0.36524392021408586,0.10000575414638094,0.5139903740605162,7.967748851603166,7.966446896384055,0.8257138239369538,0.948110675065766
1.4904797617231482,1.5164344172201625,0.5151531213204255,0.951823808822308,0.029487454993576273,-16.475595326745292,-0.43360929881821414,-3.112494630456498,1.4153649076971844,-0.44544242570659937,-0.45300942261659244,-0.016372553528252367,-0.6522628142571524,0.05771206935603898,-16.475595326745292,-0.43360929881821414,-3.112494630456498,1.4153649076971844,-0.44544242570659937,-0.45300942261659244,0.10000655218466047,0.9279168849302847,8.381769734312394,8.380468057920023,0.7892219959022186,0.9473083758454404
1.5180812387920952,1.555500579264159,0.5028582524217485,0.9393200796319392,0.026424848006225608,-17.75213719115314,-0.45494085133571066,-2.9634690537289647,0.9606141410887705,-0.4574106828248124,-0.5389188717863588,-0.03255888751376716,-0.34512680515645827,0.04630425941937515,-17.75213719115314,-0.45494085133571066,-2.9634690537289647,0.9606141410887705,-0.4574106828248124,-0.5389188717863588,0.10000746925581318,1.3418017539570142,8.795789426143912,8.794488257373771,0.7432374548631332,0.9465268769321366
1.5456827158610424,1.5820149484515271,0.49023304194866796,0.9244451227503051,0.02286628049337037,-17.897786143260937,-0.4398382853297996,-3.1025370154407796,0.4706289334823526,-0.4699677223006822,-0.6207149949173936,-0.05682428401553635,-0.029906450201917005,0.029184538272596112,-17.897786143260937,-0.4398382853297996,-3.1025370154407796,0.4706289334823526,-0.4699677223006822,-0.6207149949173936,0.10000841785833404,1.0184230880159035,8.999997728186246,8.999998165470691,0.6864637393914469,0.9457605100594391
1.5732841929299897,1.5950050021670232,0.47726123863844033,0.907312472051741,0.01919931740702993,-17.516366878735454,-0.40100004144725204,-3.2620121995452087,-0.023376400335784434,-0.4821079086472575,-0.7063495992046425,-0.0747518578404597,0.2996240394284509,0.016509731508678627,-17.516366878735454,-0.40100004144725204,-3.2620121995452087,-0.023376400335784434,-0.4821079086472575,-0.7063495992046425,0.10000922550114771,0.6045411795349295,8.999997774021413,8.99999816382588,0.6190763456166822,0.9450036492743155
1.6008856699989369,1.5943597789892006,0.46395434825315496,0.8878161797866341,0.015492460089571714,-17.07594361802554,-0.3541739149464699,-3.2652233799368156,-0.5068539990704666,-0.4931761020959105,-0.7963859541290158,-0.0846003842906965,0.6372335466923225,0.009546812549182038,-17.07594361802554,-0.3541739149464699,-3.2652233799368156,-0.5068539990704666,-0.4931761020959105,-0.7963859541290158,0.10000970040301531,0.19063110381375584,8.999997765236863,8.999998122829561,0.5440435486693519,0.944250575449408
1.628487147067884,1.580369859956553,0.450341959380202,0.8658347511357105,0.011758901160993335,-16.87494318843061,-0.3092666282233495,-2.999541882537859,-0.9781752652740331,-0.5029518252877245,-0.8865109423753325,-0.08636931973490446,0.9829226260789704,0.008296165320040239,-16.87494318843061,-0.3092666282233495,-2.999541882537859,-0.9781752652740331,-0.5029518252877245,-0.8865109423753325,0.10000976737866232,0.10004100585665157,8.999997704554259,8.999998039310789,0.4671584941904775,0.943495644205817
1.6560886241368313,1.5533707778026804,0.4364597461077378,0.841365739688367,0.008017068589677585,-16.684638440187186,-0.26452688704292343,-2.54405980471139,-1.4439486227292873,-0.5114880410348218,-0.969302728863548,-0.08636992297985438,1.3303800326810626,0.008295729586085895,-16.684638440187186,-0.26452688704292343,-2.54405980471139,-1.4439486227292873,-0.5114880410348218,-0.969302728863548,0.10000950116264493,0.10002305779963841,8.999997590979126,8.999997906921951,0.39515108979148256,0.9427332649333621
1.6836901012057786,1.5135156630036803,0.42234192067207454,0.8146115526447719,0.004431257719614656,-15.963787404264892,-0.21288889025137347,-2.1490540644899236,-1.9044692880397887,-0.5187893738416568,-1.0395225372253198,-0.08637018144004983,1.6778377900270518,0.008295538134238967,-15.963787404264892,-0.21288889025137347,-2.1490540644899236,-1.9044692880397887,-0.5187893738416568,-1.0395225372253198,0.10000903957335426,0.10001548377147304,8.692676117340728,8.815430897990703,0.3329936122630019,0.94195774487259
1.7112915782747256,1.460949497621336,0.4080225676663707,0.7859191951708934,0.0011425018628297627,-14.863395543742525,-0.1593559916322724,-1.810534966612148,-2.345093400012154,-0.5246654216641636,-1.0988396037062662,-0.08397411680509409,2.0156939724952374,0.006601342567938641,-14.863395543742525,-0.1593559916322724,-1.810534966612148,-2.345093400012154,-0.5246654216641636,-1.0988396037062662,0.10000849873119011,0.10001150339043878,8.27865662781937,8.401411113879282,0.28259516580268734,0.941163034107653
1.7388930553436728,1.396221455916361,0.39354102706143784,0.7555895990467439,-0.0016319882473232695,-13.689775973440495,-0.10991200230236682,-1.4287087652185244,-2.7553450712794554,-0.529063882413001,-1.1488130430697387,-0.08157799078029931,2.337386801193321,0.004907198535375354,-13.689775973440495,-0.10991200230236682,-1.4287087652185244,-2.7553450712794554,-0.529063882413001,-1.1488130430697387,0.10000795535793443,0.10000913699161665,7.864635860871603,7.987390206793646,0.24334049114063064,0.9403425137209057
1.76649453241262,1.3201698621144045,0.37893808244300736,0.723880662181947,-0.00393292129806222,-12.593504534464357,-0.06534276268834474,-0.9354877791492603,-3.1332031088893975,-0.5320976160241517,-1.1882475152911216,-0.07918183190530216,2.6429161978093973,0.0032130815959173567,-12.593504534464357,-0.06534276268834474,-0.9354877791492603,-3.1332031088893975,-0.5320976160241517,-1.1882475152911216,0.28242246895349843,0.10000795167255887,7.450614675613923,7.573368934684135,0.2133559032877501,0.9394889385647112
1.7940960094815672,1.2336888283520397,0.3642514022958754,0.6910832756364057,-0.0058371772433117985,-11.895984246577356,-0.025066708425312598,-0.055627082169813005,-3.4808024355150975,-0.5339011727901156,-1.2140683597755904,-0.07322489485960551,2.928721356662652,0.004036437220382732,-11.895984246577356,-0.025066708425312598,-0.055627082169813005,-3.4808024355150975,-0.5339011727901156,-1.2140683597755904,0.6964374594129288,0.49147240516466617,7.036593291551016,7.159347485147686,0.19055196510221295,0.9385943299233245
1.8216974865505144,1.1376135397466343,0.34951494131802513,0.6575731956439254,-0.007418718633217937,-11.06963506149444,0.013535914536276712,0.8729571187363641,-3.8091491719095596,-0.5345930509679108,-1.215603749408513,-0.0668277694674948,3.1826399329943826,0.005171007812929328,-11.06963506149444,0.013535914536276712,0.8729571187363641,-3.8091491719095596,-0.5345930509679108,-1.215603749408513,1.1104561949169849,0.9054874794614161,6.622571796684092,6.745325935263528,0.17312334754701575,0.9376497465175863
1.8492989636194617,1.0324753962259734,0.3347593834805159,0.6240207366297001,-0.008735896766282508,-10.089805689331705,0.05009828452667772,1.8027409197793416,-4.1146874502210125,-0.5342194397332304,-1.191508843513537,-0.060430573682051264,3.4042316583181016,0.006305629692119157,-10.089805689331705,0.05009828452667772,1.8027409197793416,-4.1146874502210125,-0.5342194397332304,-1.191508843513537,1.5244761617803346,1.3195062611248405,6.208550236191236,6.3313043250673875,0.15966971388314943,0.9366449500703162
1.8769004406884087,0.9189039449228134,0.3200141378649335,0.5911333326080135,-0.009841943087878885,-8.955796966265858,0.0842603033058729,2.697955821525186,-4.393180990585234,-0.5328366530816736,-1.1417505313549947,-0.05403335573155507,3.593496433770864,0.007440268613885307,-8.955796966265858,0.0842603033058729,2.697955821525186,-4.393180990585234,-0.5328366530816736,-1.1417505313549947,1.9384967316022335,1.7335262572935246,5.794528637459197,5.917282678913646,0.14915930277828138,0.9355678191316512
1.9045019177573559,0.7976456605514404,0.3053070592034053,0.5596193314983603,-0.010781489743942958,-7.673206212748012,0.11560371516853216,3.523073372535985,-4.640374215183768,-0.530510944252154,-1.067282965614135,-0.0476361275089464,3.7504342224271925,0.008574916106944008,-7.673206212748012,0.11560371516853216,3.523073372535985,-4.640374215183768,-0.530510944252154,-1.067282965614135,2.3525176530064464,2.147546845359832,5.380507019530387,5.503261013659978,0.14084119053527172,0.9344038377348896
1.9321033948263031,0.6695644780597118,0.29066417354080404,0.5301607451968837,-0.01159029052014334,-6.254353213641832,0.1436834243233338,4.244347616826914,-4.852166040510236,-0.5273201109588445,-0.9700409367098644,-0.04123889370332318,3.875045005122669,0.009709568853429981,-6.254353213641832,0.1436834243233338,4.244347616826914,-4.852166040510236,-0.5273201109588445,-0.9700409367098644,2.7665388001910203,2.5615677766044045,4.9664853974678875,5.089239342461151,0.13416994823692746,0.9331354458392321
1.9597048718952503,0.5356375283578442,0.27610935959017896,0.5033861825263464,-0.012296208774903367,-4.718199444048734,0.16806218919860022,4.831468151560105,-5.024795427317667,-0.5233542362171961,-0.8528906732913757,-0.03484165664166903,3.9673287705544023,0.010844225258165065,-4.718199444048734,0.16806218919860022,4.831468151560105,-5.024795427317667,-0.5233542362171961,-0.8528906732913757,3.180560101031427,2.9755889266951336,4.552463784795817,4.675217676857112,0.12874799055450353,0.9317411947228411
1.9873063489641976,0.3969457525945849,0.2616640096402938,0.47984514016517554,-0.012920501472532847,-3.089743920462236,0.18834570300711884,5.259181549550797,-5.155024701079298,-0.5187154715558738,-0.7195350158967407,-0.028444417670599555,4.027285511743615,0.01197888447385731,-3.089743920462236,0.18834570300711884,5.259181549550797,-5.155024701079298,-0.5187154715558738,-0.7195350158967407,3.5945815100687835,3.389610224352289,4.138442195216567,4.261196028174318,0.12428352564245129,0.9301946389284923
2.0149078260331446,0.25465945651788835,0.24734669644683635,0.4599849109235971,-0.013478971538215723,-1.3989259109799965,0.20421494100040394,5.508730952335453,-5.240306197048855,-0.5135168519532881,-0.5743738369553842,-0.022047177679082458,4.054915224478849,0.013113546042351158,-1.3989259109799965,0.20421494100040394,5.508730952335453,-5.240306197048855,-0.5135168519532881,-0.5743738369553842,4.008602996447369,3.803631624543497,3.7244206442085774,3.8471744087261857,0.12056055202633294,0.9284628699244047
2.0425093031020918,0.11001926518578256,0.23317287283312985,0.4441313446338699,-0.01398282971727945,0.32088732231597666,0.21545280512952097,5.568973474976041,-5.278918618501925,-0.507880217942129,-0.42232472589549763,-0.015649937341136875,4.050217906572497,0.014248209744818984,0.32088732231597666,0.21545280512952097,5.568973474976041,-5.278918618501925,-0.507880217942129,-0.42232472589549763,4.422624537810141,4.21765309649649,3.3103991509772115,3.4331528331411514,0.11741763350307466,0.9265045590632084
2.070110780171039,-0.03568668601163671,0.21915462864382843,0.43247455839641585,-0.014439218996902167,2.0347066385716683,0.2219625588619591,5.437062691239963,-5.270061654433305,-0.5019334022819061,-0.26861283222837123,-0.009252697255857822,4.01319355753448,0.015382875541734474,2.0347066385716683,0.2219625588619591,5.437062691239963,-5.270061654433305,-0.5019334022819061,-0.26861283222837123,4.836646116868059,4.6316746175995585,2.8963777413827914,3.0191313201754357,0.11473289916514157,0.9242673237557792
2.0977122572399862,-0.18114817191841545,0.2053005253506059,0.42506044746723953,-0.014851386008002284,3.70786824075476,0.22377629051651063,5.118625859914222,-5.213900745806734,-0.49580690780331294,-0.11854187103368306,-0.002855458057114124,3.9438421785245112,0.016517543565069907,3.70786824075476,0.22377629051651063,5.118625859914222,-5.213900745806734,-0.49580690780331294,-0.11854187103368306,5.250667719248572,5.045696169913533,2.4823564530171573,2.6051098955812875,0.1124134069899693,0.9216842280599887
2.1253137343089334,-0.32505953379356667,0.19161552235424728,0.42178851673219325,-0.015218475863750818,5.307953727552985,0.22105259358406745,4.627417344805297,-5.111558105584865,-0.4896303516520474,0.022739763263259466,0.0035417794597357873,3.842163772569516,0.017652214159414658,5.307953727552985,0.22105259358406745,4.627417344805297,-5.111558105584865,-0.4896303516520474,0.022739763263259466,5.664689331943252,5.459717737891247,2.068335345143712,2.1910885971921714,0.11038755649086501,0.9186686728300821
2.1529152113778807,-0.46614608763145843,0.17810100143086288,0.42241616778645735,-0.015534899572001517,6.80651768773172,0.21406369220687607,3.9844839893744,-4.965050742490778,-0.48352897355920543,0.1504633169943514,0.009939014130574656,3.7081583451491746,0.018786888000143526,6.80651768773172,0.21406369220687607,3.9844839893744,-4.965050742490778,-0.48352897355920543,0.1504633169943514,6.07871094193958,5.873739306575136,1.6543145208999293,1.777067484961646,0.10859963569786783,0.9151078862034792
2.180516688446828,-0.6031888218464769,0.16475488755499706,0.4265691775801947,-0.015789186758669273,8.180478609696069,0.20317323976002663,3.216927742363897,-4.7771808006134675,-0.47762049946746316,0.26044096045865617,0.016336243986296715,3.5418259054727073,0.01992156638544429,8.180478609696069,0.20317323976002663,3.216927742363897,-4.7771808006134675,-0.47762049946746316,0.26044096045865617,6.492732534665413,6.287760859746288,1.2402941863697146,1.3630466634426226,0.10700586919751329,0.9108535140753369
2.208118165515775,-0.7350460681688242,0.15157185629128692,0.43375773277810886,-0.015962200764249,9.413064816305342,0.1888068582453173,2.356389116266855,-4.551387507854929,-0.47201261794920313,0.34923291777197335,0.022733465108042247,3.3431664694140535,0.02105625203743409,9.413064816305342,0.1888068582453173,2.356389116266855,-4.551387507854929,-0.47201261794920313,0.34923291777197335,6.906754091711674,6.701782377394261,0.8262748572136313,0.9490263416362579,0.10557152866654948,0.9057086062240407
2.2357196425847223,-0.8606710860987747,0.1385436108407084,0.44339707714971355,-0.016024578045917646,10.494253035960856,0.17141808228006725,1.4373978256055777,-4.291573015179163,-0.46680126978088504,0.4142727379301297,0.029130667622176008,3.112180067742604,0.022190951932456352,10.494253035960856,0.17141808228006725,1.4373978256055777,-4.291573015179163,-0.46680126978088504,0.4142727379301297,7.320775586721933,7.1158038312991305,0.4122585982651039,0.5350070423791353,0.10426880106776025,0.899409412284727
2.2633211196536696,-0.979124840266955,0.125659206297096,0.454831616625982,-0.0159333058058412,11.496226743259466,0.1524544223780973,0.5639067604231124,-4.00191613065136,-0.4620698775136289,0.45394704105253664,0.03552781159144518,2.8488667828047682,0.02332569435326733,11.496226743259466,0.1524544223780973,0.5639067604231124,-4.00191613065136,-0.4620698775136289,0.45394704105253664,7.734796976511072,7.529825175601023,0.10000654905735046,0.12099085883267098,0.103075201425912,0.8915999054648024
2.2909225967226168,-1.0895836365789784,0.11290539516865249,0.46736122547011,-0.015627572512072658,12.915488973138311,0.13695297172408138,0.12089947520075091,-3.6846032918178664,-0.45786191027030027,0.4695117005693795,0.039938506363489466,2.5552131311700497,0.025864857612031524,12.915488973138311,0.13695297172408138,0.12089947520075091,-3.6846032918178664,-0.45786191027030027,0.4695117005693795,8.148818177719146,7.943846322087424,0.10000747147141324,0.10000662734474842,0.10197238020450518,0.881796274706132
2.3185240737915636,-1.1912841298462564,0.10026773015158258,0.48032044190697815,-0.0150301521487213,14.273658277362484,0.11820128034765809,-0.3565434352767567,-3.328116719091549,-0.4540818059617339,0.47284870466178086,0.04393956907484424,2.244986380386647,0.028693632248102213,14.273658277362484,0.11820128034765809,-0.3565434352767567,-3.328116719091549,-0.4540818059617339,0.47284870466178086,8.562838985577583,8.35786705416262,0.10000877679735182,0.10000751583977992,0.10094521890807766,0.8693379976355781
2.3461255508605108,-1.2831450671510416,0.0877344015969038,0.4933717645857817,-0.014027821958191375,15.549100410633462,0.09630031923086056,-0.8448256640849036,-2.93414266745894,-0.4508192760326979,0.46300757920890584,0.04794062512890102,1.918596186163418,0.03152241368261195,15.549100410633462,0.09630031923086056,-0.8448256640849036,-2.93414266745894,-0.4508192760326979,0.46300757920890584,8.976858587974414,8.771886510284174,0.10001080731214126,0.10000862584877068,0.09998110008470035,0.8533243454268795
2.373727027929458,-1.3641317387039291,0.07529112368724805,0.5061514576660651,-0.012484095060488754,16.225913916274266,0.0690919878390746,-1.5664781352113863,-2.504964529032083,-0.44816124497971505,0.43968914301440837,0.051941666069870114,1.5760426154177047,0.03435120983948839,16.225913916274266,0.0690919878390746,-1.5664781352113863,-2.504964529032083,-0.44816124497971505,0.43968914301440837,8.999997759169641,8.999997619024132,0.10001401002064525,0.10001008583614993,0.09906912931763696,0.8325613060697218
2.4013285049984052,-1.4332724597105342,0.06292121136074975,0.5182875274644423,-0.010253303985407105,16.569104181745573,0.039962317334172145,-2.2797822638237,-2.057105338149328,-0.44625420406172694,0.39645203268636414,0.05194159220490165,1.22858469520742,0.03435126593024415,16.569104181745573,0.039962317334172145,-2.2797822638237,-2.057105338149328,-0.44625420406172694,0.39645203268636414,8.999997924891238,8.999997787433681,0.10001949378001304,0.10001197865283044,0.09819977056683456,0.8055369525663263
2.4289299820673524,-1.4900516055298718,0.05060393618041885,0.5292301891535725,-0.00749861965503901,16.8149108669473,0.012050965567835704,-2.8457987422850093,-1.5997735890238807,-0.4451511850762059,0.3335266748092418,0.05194144819176224,0.8811269124666413,0.0343513715415653,16.8149108669473,0.012050965567835704,-2.8457987422850093,-1.5997735890238807,-0.4451511850762059,0.3335266748092418,8.999998044015003,8.999997905496329,0.1000301502152994,0.10001433556811931,0.09736454651180536,0.7705075516162194
2.4565314591362997,-1.5342077195628219,0.03831710595332341,0.538436018020202,-0.004216122738004028,16.97930617380886,-0.014929118752945824,-3.256722915447795,-1.135657212313444,-0.44481856062642666,0.25497842608122345,0.05194114219154896,0.5336693791183676,0.03435159170703612,16.97930617380886,-0.014929118752945824,-3.256722915447795,-1.135657212313444,-0.44481856062642666,0.25497842608122345,8.999998124724799,8.99999798103529,0.10005564313436009,0.10001697538761982,0.09655596729696665,0.7257574146267609
2.484132936205247,-1.565553536066676,0.026039456652351106,0.5454737992007591,-0.0004867882209316719,17.074039570337487,-0.04130001407996086,-3.5075064714152484,-0.6670032823104253,-0.44523062635534577,0.16508806321057634,0.051940390196582614,0.1862123918750741,0.03435212733351999,17.074039570337487,-0.04130001407996086,-3.5075064714152484,-0.6670032823104253,-0.44523062635534577,0.16508806321057634,8.999998171205577,8.999998017353628,0.1001482188764182,0.10001926263865635,0.0957673579924458,0.6701735256071298
2.511734413274194,-1.5839638118682795,0.013750433728611131,0.5500304735918228,0.0035087510657662614,17.11171611940661,-0.06742085018734817,-3.593365531830927,-0.1957345706354583,-0.4463705677469211,0.06827570377062454,0.051937875956060316,-0.16124274524562346,0.034353909148110345,17.11171611940661,-0.06742085018734817,-3.593365531830927,-0.1957345706354583,-0.4463705677469211,0.06827570377062454,8.999998185266454,8.999998014780054,0.10607924265949724,0.10002019122734095,0.09499263666754426,0.6041624868086843
2.5393358903431413,-1.5893663751312743,0.0014299467386916244,0.551914983863814,0.007509352909850372,17.466211115686313,-0.09568548027247738,-3.376490821395497,0.27657406944467733,-0.44823148279733616,-0.030906492556551906,0.05181960575557374,-0.5085820900535227,0.03443753088553085,17.466211115686313,-0.09568548027247738,-3.376490821395497,0.27657406944467733,-0.44823148279733616,-0.030906492556551906,8.99999816733121,8.999997971422022,0.5136281657110271,0.10001926144614501,0.09422612551271559,0.5305130419210831
2.5669373674120886,-1.5817325222956315,-0.010941904255319195,0.5510619190182328,0.011233923408847496,16.988635613353846,-0.12004197599225779,-3.28021070244176,0.7586672950356838,-0.45087254338690824,-0.12410262653681023,0.04374590612389276,-0.8479660400364349,0.04014564193251231,16.988635613353846,-0.12004197599225779,-3.28021070244176,0.7586672950356838,-0.45087254338690824,-0.12410262653681023,8.999998117311204,8.999997883831222,0.10070942812565577,0.1000170384938391,0.09346238409073393,0.4543616061626812
2.5945388444810358,-1.560792184348744,-0.023386652422630813,0.5476365032176809,0.014639934764354979,16.83048074155082,-0.14316652364469293,-2.8847850637671257,1.2275787313503697,-0.45418587923456977,-0.2146412870215715,0.043732395139343065,-1.1954102620315867,0.04015520064298138,16.83048074155082,-0.14316652364469293,-2.8847850637671257,1.2275787313503697,-0.45418587923456977,-0.2146412870215715,8.99999803392189,8.99999774538771,0.10010455033973938,0.1000145204521114,0.09269605379905388,0.38172669821759014
2.622140321549983,-1.5269091981450496,-0.0359228535533634,0.5417120866559056,0.017366302192940983,16.504416183740037,-0.1663755137195387,-2.373282500219801,1.692124859597642,-0.45813748675398974,-0.2942656158079811,0.04373064337561647,-1.5428663361477395,0.0401564471039057,16.504416183740037,-0.1663755137195387,-2.373282500219801,1.692124859597642,-0.45813748675398974,-0.2942656158079811,8.90320454504478,8.999997543160092,0.10005057127948018,0.10001228217495423,0.09192158252709963,0.3175088119251778
2.64974179861893,-1.4802040526350697,-0.04856812488842875,0.533589921009002,0.019391479324130875,15.524770756510902,-0.18382508703415726,-2.003372909858793,2.1476711244295035,-0.462729696680754,-0.3597717183159315,0.04184048315372462,-1.8884340812936684,0.038821160662868885,15.524770756510902,-0.18382508703415726,-2.003372909858793,2.1476711244295035,-0.462729696680754,-0.3597717183159315,8.48918456160013,8.688798064569248,0.10003109849324804,0.10001047914752752,0.09113332441862342,0.26398867341810883
2.677343275687877,-1.4209251573424888,-0.061340148000483485,0.5236596901758492,0.020666891573198697,14.377400363389693,-0.19825222945046356,-1.6153312142839282,2.576177728466001,-0.4678035406052246,-0.415067769747949,0.037943597263164215,-2.2198458567737953,0.03606663146264091,14.377400363389693,-0.19825222945046356,-1.6153312142839282,2.576177728466001,-0.4678035406052246,-0.415067769747949,8.07516352951576,8.274778739740366,0.10001921410101886,0.10000956381558154,0.09032524963918298,0.2211942862518305
2.7049447527568242,-1.3498188468447019,-0.07425221669927091,0.5122032066470922,0.02123897033652038,13.174711033583131,-0.2098516730226904,-1.191240911466312,2.9730152149071745,-0.47327559497026933,-0.45965329721776144,0.034046892164324216,-2.535094418935527,0.03331192731989339,13.174711033583131,-0.2098516730226904,-1.191240911466312,2.9730152149071745,-0.47327559497026933,-0.45965329721776144,7.661142156797722,7.860758078318857,0.12293324438707268,0.1000087479808619,0.08949079571551667,0.18782213372590237
2.7325462298257714,-1.2677592355648104,-0.08731532218113518,0.4995160967042702,0.02131250228305884,12.446485273703775,-0.2282823554919278,-0.3620840280563346,3.3366566993906246,-0.4790678111110854,-0.4925333059191906,0.029702872190961058,-2.833732216047272,0.030873455160598924,12.446485273703775,-0.2282823554919278,-0.3620840280563346,3.3366566993906246,-0.4790678111110854,-0.4925333059191906,7.247120619533364,7.4467369820719655,0.5369415633633465,0.3970677628756698,0.0886228904512736,0.1620754533429632
2.7601477068947187,-1.1756625821896312,-0.10053830138398855,0.48592144995524894,0.021059048886994704,11.669944600972688,-0.2465825013527677,0.5814106802016594,3.680198077261748,-0.48536874131144114,-0.5025273599166196,0.023075976893999962,-3.1023263720902112,0.03004896368235469,11.669944600972688,-0.2465825013527677,0.5814106802016594,3.680198077261748,-0.48536874131144114,-0.5025273599166196,6.833098988704916,7.032715678156963,0.9509576432611992,0.8110818561891942,0.08771380813647237,0.14222645766455688
2.787749183963666,-1.0740836793509074,-0.11393519556728009,0.4720509525539918,0.02060242671952539,10.738193664472654,-0.2617577081275657,1.5413130733535823,4.002305785561379,-0.4921747825681333,-0.48647956635939255,0.016449036437239897,-3.3385937502592355,0.029224495108794355,10.738193664472654,-0.2617577081275657,1.5413130733535823,4.002305785561379,-0.4921747825681333,-0.48647956635939255,6.419077300618657,6.618694259264577,1.3649761738534396,1.2251001271161954,0.08675497178158231,0.12683814131204801
2.815350661032613,-0.9636141279878204,-0.12751994654224852,0.45862339795861173,0.02002366570269531,9.647809015155298,-0.27332543592818626,2.481240048657785,4.298695791753235,-0.49939968194663653,-0.4439370489091552,0.009822085657076249,-3.542534217806797,0.028400026403731807,9.647809015155298,-0.27332543592818626,2.481240048657785,4.298695791753235,-0.49939968194663653,-0.4439370489091552,6.005055576978065,6.204672773740443,1.7789958552170444,1.6391197758739315,0.08573645435421491,0.11480578456072539
2.8429521381015603,-0.8449637746653637,-0.14130411541173818,0.4463700796830896,0.019373340106826443,8.401534817371564,-0.2808147888194736,3.3643987171712686,4.564989571050626,-0.5069438676987684,-0.37545115860357403,0.003195129592375075,-3.7141477233795435,0.027575554862471357,8.401534817371564,-0.2808147888194736,3.3643987171712686,4.564989571050626,-0.5069438676987684,-0.37545115860357403,5.59103383246158,5.790651251496909,2.193016181532382,2.053140101485134,0.08464659949994222,0.10530083731216813
2.8705536151705076,-0.7189633197000268,-0.15529651495126917,0.43600707313838344,0.018680417854016786,7.0089335530723424,-0.2838049080909214,4.1550876605855604,4.796884341656269,-0.5146947706529905,-0.282588784560776,-0.003431830824869911,-3.8534342400513855,0.026751080263397595,7.0089335530723424,-0.2838049080909214,4.1550876605855604,4.796884341656269,-0.5146947706529905,-0.282588784560776,5.177012078176529,5.3766297139405355,2.6070369077029567,2.4671608227864192,0.08347160370998084,0.09770767878091847
2.8981550922394548,-0.5865622265414095,-0.16950285086095476,0.4282072052813875,0.017959113710331282,5.4865350629787235,-0.28196055297275413,4.820371082704326,4.99034126039917,-0.5225282053157168,-0.16790222777765837,-0.010058795567738072,-3.960393751803575,0.025926602740507797,5.4865350629787235,-0.28196055297275413,4.820371082704326,4.99034126039917,-0.5225282053157168,-0.16790222777765837,4.762990323507708,4.9626081786681056,3.0210578981312235,2.881181798485719,0.08219500051551983,0.0915700854745053
2.925756569308402,-0.4488214366762808,-0.18392540113785472,0.42357285579155735,0.01721362408757756,3.8574472193162213,-0.2750619173329003,5.3317878478719996,5.141777732127951,-0.530310733052942,-0.034852865874578885,-0.01668576488076585,-4.035026248548971,0.025102122393056387,3.8574472193162213,-0.2750619173329003,5.3317878478719996,5.141777732127951,-0.530310733052942,-0.034852865874578885,4.348968577299002,4.548586662215781,3.43507907059208,3.2952029470908077,0.08079702451496065,0.08654936516416555
2.953358046377349,-0.30690077650932795,-0.1985627606756321,0.4226108652133331,0.016441146263232263,2.1504373581385807,-0.2630259312458777,5.666941362201526,5.248248973096582,-0.5379028482567468,0.11231235414495123,-0.02331273914433815,-4.077331723891642,0.024277639204024423,2.1504373581385807,-0.2630259312458777,5.666941362201526,5.248248973096582,-0.5379028482567468,0.11231235414495123,3.9349468487982637,4.134565182150981,3.8491003715790564,3.709224216791425,0.07925383133834786,0.08239292394013169
2.9809595234462964,-0.16204135282627705,-0.21340967380711212,0.42571085208082443,0.015633641426083776,0.3985433472254813,-0.2459168565929881,5.81081796088901,5.307604220525452,-0.5451627524665684,0.26872830620482485,-0.029939718868128653,-4.087310174014889,0.023453153018167885,0.3985433472254813,-0.2459168565929881,5.81081796088901,5.307604220525452,-0.5451627524665684,0.26872830620482485,3.520925148633181,3.720543759209599,4.263121764105142,4.123245571965428,0.07753655114280812,0.07891116970181539
3.0085610005152437,-0.015543636642396535,-0.2284569710181623,0.43312815026231394,0.014778707359643812,-1.362679158834845,-0.22394486974425984,5.756702153088479,5.318604605584877,-0.5519504209446874,0.42911546490412916,-0.03656670473248228,-4.064961597131577,0.022628663521905863,-1.362679158834845,-0.22394486974425984,5.756702153088479,5.318604605584877,-0.5519504209446874,0.42911546490412916,3.106903490081004,3.3065224201089425,4.67714322106838,4.537266986290477,0.07561016159986485,0.07596072024474843
3.0361624775841904,0.1312577064174513,-0.2436916179050629,0.44497237092679587,0.013859812110004583,-3.0971279816897814,-0.19745242624792747,5.506594816028823,5.280992648029964,-0.558131630131642,0.5880089473753596,-0.04319369766487752,-4.01028599327812,0.021804170205415405,-3.0971279816897814,-0.19745242624792747,5.506594816028823,5.280992648029964,-0.558131630131642,0.5880089473753596,2.692881891031367,2.8925012019614957,5.091164721310203,4.951288438787127,0.07343218810053818,0.0734322428189055
3.0637639546531377,0.277020903893329,-0.2590968752955956,0.46120228640411265,0.012856046609502528,-4.770174935020992,-0.16688938060306824,5.071090645975762,5.1955073410637596,-0.5635816087469323,0.7399990979179625,-0.04982069896452899,-3.923283364387119,0.020979672291112042,-4.770174935020992,-0.16688938060306824,5.071090645975762,5.1955073410637596,-0.5635816087469323,0.7399990979179625,2.2788603774334395,2.4784801601035076,5.505186247012399,5.365309911206726,0.07107455701230926,0.07124157086967199
3.091365431722085,0.42042458062924715,-0.2746525601459045,0.48162735453633687,0.011741491681391861,-6.350560830247521,-0.13277893479326086,4.468727293161945,5.063843466979911,-0.5681880021586987,0.879968690097415,-0.05644771051269358,-3.803953714681911,0.0201551686017883,-6.350560830247521,-0.13277893479326086,4.468727293161945,5.063843466979911,-0.5681880021586987,0.879968690097415,1.8648389900849158,2.064459383555596,5.919207781691015,5.779331385931225,0.06858605116744478,0.06932352484131496
3.118966908791032,0.5601941399638312,-0.29033538825833877,0.5059157901574521,0.01048426628097921,-7.81200405346458,-0.09567737240574915,3.7248730965579275,4.888558607848879,-0.5718528968826342,1.0033121640070026,-0.06307473515408399,-3.6522970515855775,0.019330657310376108,-7.81200405346458,-0.09567737240574915,3.7248730965579275,4.888558607848879,-0.5718528968826342,1.0033121640070026,1.4508177998726428,1.6504390295500748,6.333229308259498,6.193352843772433,0.0659694969542661,0.06762701534848706
3.1465683858599793,0.6951255782785764,-0.30611937287845586,0.5336086878452873,0.009045338342137386,-9.134392861458922,-0.0561310989464599,2.8702659330353804,4.672935757104654,-0.5744937336831087,1.1061241633663845,-0.0697017774599127,-3.468313387682207,0.018506135427180305,-9.134392861458922,-0.0561310989464599,2.8702659330353804,4.672935757104654,-0.5744937336831087,1.1061241633663845,1.0367969485979938,1.2364194145362333,6.747250806559546,6.607374260895108,0.06326170434729823,0.0661116827503363
3.1741698629289266,0.8241055074229638,-0.32197624849496415,0.5641393485758529,0.007377261434040155,-10.304475188451157,-0.014634706163935179,1.9393466460569726,4.420813022000341,-0.5760430349235343,1.1853477426988406,-0.07632884548231829,-3.252002745359766,0.01768159760298,-10.304475188451157,-0.014634706163935179,1.9393466460569726,4.420813022000341,-0.5760430349235343,1.1853477426988406,0.622776793467873,0.8224013249109217,7.161272249277732,7.021395603321201,0.06054807979059622,0.06474535626150588
3.2017713399978738,0.9461264766758093,-0.33787588711413286,0.5968566971146833,0.005423199429571197,-11.316010506685105,0.028406383104932854,0.9685440962378599,4.1363942863787715,-0.576446974430129,1.2388765746787218,-0.0829559557813813,-3.003365170525942,0.01685703265739285,-11.316010506685105,0.028406383104932854,0.9685440962378599,4.1363942863787715,-0.576446974430129,1.2388765746787218,0.20875879849319684,0.4083877652540633,7.575293593566886,7.435416814896649,0.05793217835816769,0.06350216014511156
3.229372817066821,1.060297068719417,-0.3537866750603301,0.6310515204819338,0.003117004081918496,-12.489347260539258,0.07461713990661697,0.2524392450274318,3.824055681866537,-0.5756629162982465,1.265609822341295,-0.0895831552490563,-2.722400798248457,0.016032408332691334,-12.489347260539258,0.07461713990661697,0.2524392450274318,3.824055681866537,-0.5756629162982465,1.265609822341295,0.10000458537584486,0.10000984862838884,7.989314753534083,7.849437793467688,0.05547508660002552,0.06236109114608224
3.256974294135768,1.1658466539328336,-0.3696758218439795,0.6659842209715213,0.00038583833462063453,-13.891104739033846,0.12747790318858726,-0.24390045369576757,3.4793312498486446,-0.5736033730221637,1.272577518374222,-0.09231367574360447,-2.417130450714389,0.017962741048792395,-13.891104739033846,0.12747790318858726,-0.24390045369576757,3.4793312498486446,-0.5736033730221637,1.272577518374222,0.10000519351439667,0.10001166397148524,8.403335520999086,8.263458286708552,0.053184711808331696,0.061304941217326506
3.2845757712047154,1.2618813356408023,-0.3855081221911216,0.701109240163385,-0.0028447614880832005,-15.209207485374723,0.18443288065833022,-0.7682188073483611,3.0959162409318584,-0.5700847946005065,1.2658455055944324,-0.09504422515584704,-2.095696669674068,0.019893060889074825,-15.209207485374723,0.18443288065833022,-0.7682188073483611,3.0959162409318584,-0.5700847946005065,1.2658455055944324,0.10000606309733386,0.10001435488064665,8.817355072898748,8.677477290520335,0.05104436259648388,0.06031947485239402
3.3121772482736627,1.3473331967722642,-0.40124330457664303,0.7360484458588796,-0.0066686012050391295,-16.154305116948485,0.24123486658866541,-1.4302035056338036,2.6761196492874277,-0.5649941746742558,1.2446415317994726,-0.0977748208193831,-1.7580995301239646,0.021823363157727788,-16.154305116948485,0.24123486658866541,-1.4302035056338036,2.6761196492874277,-0.5649941746742558,1.2446415317994726,0.10000734642050049,0.10001850670522658,8.99999774888685,8.99999720451429,0.04903264673771322,0.05939266541613426
3.33977872534261,1.42119805190583,-0.41683797833300335,0.770402390557902,-0.011152482334047364,-16.54108096203487,0.2924423083027012,-2.2239466875918037,2.230236967037198,-0.5583357360358784,1.205165802534793,-0.09777504929592461,-1.4106416525078258,0.02182321665029961,-16.54108096203487,0.2924423083027012,-2.2239466875918037,2.230236967037198,-0.5583357360358784,1.205165802534793,0.10000933301048152,0.1000251863147975,8.999997939516811,8.999997396999692,0.04713020725797269,0.058514101816825384
3.367380202411557,1.4827558864098256,-0.43224886934797146,0.8036667468208455,-0.016111528637030786,-16.823061550032627,0.34237856243921333,-2.873935353349697,1.7736787001679937,-0.5502638963692714,1.1437815890346668,-0.09777536934464413,-1.0631839365786449,0.021823005350128696,-16.823061550032627,0.34237856243921333,-2.873935353349697,1.7736787001679937,-0.5502638963692714,1.1437815890346668,0.10001263165854742,0.1000361582729576,8.999998073916764,8.999997525579026,0.04532092902925904,0.05767464113561421
3.394981679480504,1.5317120383801923,-0.4474369656654776,0.8352368081224697,-0.02141789116513177,-17.01845901594812,0.39150644663829276,-3.3709615567391604,1.309337352565281,-0.5408137423292065,1.0644567282815485,-0.09777583929106544,-0.7157264940802939,0.021822688232940347,-17.01845901594812,0.39150644663829276,-3.3709615567391604,1.309337352565281,-0.5408137423292065,1.0644567282815485,0.10001870208137177,0.1000525880147216,8.999998163451359,8.999997597079325,0.04359160349779346,0.056866211324062436
3.422583156549451,1.567851683292539,-0.4623642237729488,0.8646173860990194,-0.026826484744830393,-17.14135411643891,0.44026562313128415,-3.708886598147618,0.8396027462877713,-0.5300075861199748,0.9714132101729099,-0.09777651180486818,-0.368269487644868,0.02182222839838652,-17.14135411643891,0.44026562313128415,-3.708886598147618,0.8396027462877713,-0.5300075861199748,0.9714132101729099,0.10003183694134318,0.10006682897733025,8.999998213947459,8.999997611768531,0.04193133846584979,0.05608169164392455
3.4501846336183983,1.591025959241226,-0.47699321600760747,0.8914298255440793,-0.03198275730360734,-17.296520459875754,0.49174278318629994,-3.851196140041154,0.36647605371217923,-0.517855604618871,0.8690424617828129,-0.09777720660890411,-0.020813014316887923,0.021821753792960998,-17.296520459875754,0.49174278318629994,-3.851196140041154,0.36647605371217923,-0.517855604618871,0.8690424617828129,0.2007372390430967,0.10006123225397946,8.99999013366935,8.999997564570176,0.04033110218283596,0.055314668793052635
3.4777861106873456,1.601141239634081,-0.49128679560352123,0.9154166811249189,-0.03648200068151882,-16.953547073300914,0.5302930802457942,-3.9803821507761845,-0.11093345913365561,-0.5042827774649342,0.7627437598354484,-0.09581185187296355,0.32467762612611833,0.02321105448743225,-16.953547073300914,0.5302930802457942,-3.9803821507761845,-0.11093345913365561,-0.5042827774649342,0.7627437598354484,0.6146880019713692,0.10004297995016391,8.585970263563196,8.63497307647612,0.03878336117626365,0.05455923179161872
3.5053875877562928,1.5980793123056243,-0.5052057451219848,0.9364695355214996,-0.040037648934508535,-16.50908506410945,0.5647920429132582,-3.9673294041315064,-0.578876399914686,-0.4896459051707087,0.6528793331751521,-0.08480936757954462,0.6468811918246774,0.029637260865949436,-16.50908506410945,0.5647920429132582,-3.9673294041315064,-0.578876399914686,-0.4896459051707087,0.6528793331751521,1.028646376845546,0.10002846374655977,8.171949136546923,8.220953560173296,0.03728181704829105,0.053809793938141996
3.53298906482524,1.5821014686276245,-0.5187206953454582,0.954489969464923,-0.04266861131457352,-16.01317218302778,0.5923630879873243,-3.8189962628765977,-1.0345515327409998,-0.4740568105495147,0.5433751816020558,-0.06572604331560272,0.9448410469492224,0.04177657664555604,-16.01317218302778,0.5923630879873243,-3.8189962628765977,-1.0345515327409998,-0.4740568105495147,0.5433751816020558,1.4425657053386896,0.10001971240284446,7.757927650200103,7.80693277206965,0.035821233585195705,0.053060904029581524
3.560590541894187,1.5535463182200298,-0.5318053635312191,0.9694879270797471,-0.04458863084825181,-14.996329049964725,0.5911206055639343,-3.748934214164854,-1.4765387375519425,-0.457706714359942,0.43796524382587176,-0.03856277161435295,1.218557809319773,0.05962839599079638,-14.996329049964725,0.5911206055639343,-3.748934214164854,-1.4765387375519425,-0.457706714359942,0.43796524382587176,1.3488352462698672,0.10001451987605986,7.3439059957999975,7.3929115707696305,0.034397279881053816,0.052307225279686224
3.5881920189631344,1.5127916681140776,-0.5444387449119285,0.9815764147142025,-0.04601164151146416,-13.648899009712846,0.5634385292203096,-3.751609681753308,-1.8904595699429323,-0.4413909125204868,0.33448912208060966,-0.013229021333899374,1.4779407927259272,0.07618673118530218,-13.648899009712846,0.5634385292203096,-3.751609681753308,-1.8904595699429323,-0.4413909125204868,0.33448912208060966,0.9349086246062851,0.10001129336372769,6.929884245353951,6.978890172459417,0.03300645254538843,0.051543403883647955
3.6157934960320817,1.460612191644526,-0.5566217860623046,0.9908088085471227,-0.046881972077208955,-12.277140748662728,0.523893675314074,-3.7491957900579553,-2.267189342975899,-0.42583917687645095,0.23093915347805627,0.004024893458506925,1.7292402267898501,0.08703261297028946,-12.277140748662728,0.523893675314074,-3.7491957900579553,-2.267189342975899,-0.42583917687645095,0.23093915347805627,0.520938352600846,0.10000917587927143,6.515862433711945,6.564868665461083,0.03164602864010227,0.05076392768042974
3.643394973101029,1.3980344169834156,-0.5683755763379196,0.9971830702961693,-0.0471004083327721,-10.888321817506847,0.4777805944294428,-3.7718585022195255,-2.606056561822352,-0.41137893761070293,0.12745581185177915,0.013198098126677044,1.9724569386077593,0.09216542428882643,-10.888321817506847,0.4777805944294428,-3.7718585022195255,-2.606056561822352,-0.41137893761070293,0.12745581185177915,0.10695716003277748,0.10000921315096348,6.10184058042803,6.150847096299927,0.030313988748344862,0.04996313289370498
3.670996450169976,1.3261034065518966,-0.5797302426510295,1.0007010389643,-0.04669602576260347,-9.836815187260402,0.44473552544058015,-3.6316285893724944,-2.9065903267875863,-0.3981914874895705,0.023346945895454406,0.014290337037995019,2.207591097263136,0.09158498497506114,-9.836815187260402,0.44473552544058015,-3.6316285893724944,-2.9065903267875863,-0.3981914874895705,0.023346945895454406,0.1000185558296146,0.100009124922438,5.687818699548339,5.736825486111288,0.02900895220849864,0.04913517088110601
3.6985979272389233,1.2458772202982453,-0.590720915862023,1.0013454491560634,-0.045793699988308456,-8.7694562290433,0.4122318048018353,-3.52559520503642,-3.1781009556102258,-0.3859161300823761,-0.07689136733704342,0.015247140434394032,2.426697175811886,0.09090878528077527,-8.7694562290433,0.4122318048018353,-3.52559520503642,-3.1781009556102258,-0.3859161300823761,-0.07689136733704342,0.10001216311446312,0.10000893738499761,5.273796800462382,5.322803850284086,0.02773013507334317,0.04827389251788677
3.72619940430787,1.1581569396491704,-0.6013727710770288,0.9992231338437101,-0.0445923178345086,-7.690056966591151,0.37983952858035264,-3.4782362091258294,-3.4201509006233004,-0.37453792337504743,-0.17420300254324622,0.01620382784370692,2.6296398576022875,0.09023249631728895,-7.690056966591151,0.37983952858035264,-3.4782362091258294,-3.4201509006233004,-0.37453792337504743,-0.17420300254324622,0.10000918976688038,0.10000868836220633,4.859774890081416,4.908782201118083,0.02647730364071453,0.047372734694083395
3.7538008813768173,1.0637557229932775,-0.6117105709805165,0.9944148736636709,-0.043237683012599386,-6.661395256165064,0.350008798709769,-3.4600200582537544,-3.6324078316455632,-0.364053791337057,-0.2702074595098145,0.017160467172772642,2.816419076607157,0.08955616615114911,-6.661395256165064,0.350008798709769,-3.4600200582537544,-3.6324078316455632,-0.364053791337057,-0.2702074595098145,0.10000752505281961,0.16919871800876873,4.445752974008347,4.494760549440586,0.02525077665644298,0.04642446892388218
3.7814023584457646,0.9634959015230482,-0.6217589933539699,0.9869567486661522,-0.04183017006740052,-6.124916768287521,0.34739955615034834,-2.986917476216068,-3.816272180055797,-0.35439303150553947,-0.36570912380580267,0.01676648014572236,2.9856842032389856,0.08792493585352687,-6.124916768287521,0.34739955615034834,-2.986917476216068,-3.816272180055797,-0.35439303150553947,-0.36570912380580267,0.4798146854204038,0.5832124495177463,4.031731057274692,4.080738905794004,0.024051383593518858,0.04542104669409257
3.8090038355147118,0.858161152456377,-0.6315407644864649,0.9768626366715216,-0.0404507798664555,-5.542048423593403,0.34581181045146175,-2.505502820404836,-3.9853289297848953,-0.34480429062269313,-0.448152458032418,0.015704781413325597,3.1232903097237803,0.0858216258426181,-5.542048423593403,0.34581181045146175,-2.505502820404836,-3.9853289297848953,-0.34480429062269313,-0.448152458032418,0.893830327741263,0.9972304581120012,3.6177091449147825,3.666717281558576,0.022880411212368147,0.04435342358362453
3.836605312583659,0.7481601873887074,-0.641057872207362,0.9644929668777474,-0.039168291683494685,-4.892077592498377,0.3438853060021827,-2.055079398060376,-4.138297652263703,-0.33525937386634597,-0.5173080366760044,0.014643042115172426,3.2285695587011656,0.08371827919905822,-4.892077592498377,0.3438853060021827,-2.055079398060376,-4.138297652263703,-0.33525937386634597,-0.5173080366760044,1.307849393734944,1.4112498850942823,3.2036872425423044,3.2526956902780877,0.021739543461171438,0.04321132809613401
3.8642067896526062,0.6339370596352728,-0.6503115261272837,0.9502145009658526,-0.03801956000125093,-4.1820195083829095,0.3414256794635287,-1.6501251319990586,-4.273326219752558,-0.3257676314783787,-0.5740312635564335,0.013581301843030474,3.301521856491681,0.08161492328028984,-4.1820195083829095,0.3414256794635287,-1.6501251319990586,-4.273326219752558,-0.3257676314783787,-0.5740312635564335,1.7218695700982283,1.8252700128390895,2.789665357100482,2.838674149566958,0.020630879999155912,0.041982756281430805
3.8918082667215534,0.5159869439726418,-0.6593031939373397,0.934370390207941,-0.03702326239220034,-3.4216011731183893,0.33828685376834783,-1.3030859955329321,-4.388756135315078,-0.3163437784159164,-0.6195771545481988,0.012519569249119145,3.3421471690593836,0.07951156327495416,-3.4216011731183893,0.33828685376834783,-1.3030859955329321,-4.388756135315078,-0.3163437784159164,-0.6195771545481988,2.1358902810570672,2.2392905520009574,2.3756434980758883,2.4246526843682767,0.019556829756971962,0.04065360486109888
3.9194097437905007,0.39485079214254143,-0.668034749483191,0.9172691455842353,-0.0361864519058482,-2.6228994506521266,0.3343801745290115,-1.0237640552021126,-4.483197381633989,-0.307006561578903,-0.6555442527727672,0.011457847696245345,3.3504454799276573,0.07740820020545511,-2.6228994506521266,0.3343801745290115,-1.0237640552021126,-4.483197381633989,-0.307006561578903,-0.6555442527727672,2.5499112974331983,2.653311355966729,1.9616216798041808,2.01063133328561,0.018519955188696507,0.039207235777109634
3.947011220859448,0.2711079224178068,-0.6765085840526276,0.8991751559236476,-0.03550878972326033,-1.7998052925633021,0.32967976688839334,-0.8188180748269597,-4.555593280675318,-0.29777717485932986,-0.6838016528664406,0.01039613940924655,3.326416780988767,0.07530483361982208,-1.7998052925633021,0.32967976688839334,-0.8188180748269597,-4.555593280675318,-0.29777717485932986,-0.6838016528664406,2.963932504880143,3.0673323391388605,1.5475999265586928,1.596610162676325,0.017522776576441104,0.03762394456549904
3.974612697928395,0.14536681894579717,-0.6847276739161634,0.8803012202823464,-0.0349850793138722,-0.9673594300537894,0.32422381158655333,-0.6914236958022452,-4.605270565186573,-0.28867752633346394,-0.7064022411824162,0.009334446873263269,3.270061069807038,0.07320146208853719,-0.9673594300537894,0.32422381158655333,-0.6914236958022452,-4.605270565186573,-0.28867752633346394,-0.7064022411824162,3.3779538376606086,3.4813534461265156,1.1335782860312211,1.1825893040948505,0.01656755575592507,0.0358803117481492
4.002214174997342,0.018254549044502525,-0.6926956000395772,0.860803475020897,-0.034606590117830516,-0.1410181179233367,0.31811172670487076,-0.6411246080557542,-4.631971114312632,-0.279728470232751,-0.7254865564670284,0.008272774008481979,3.181378349810143,0.07109808288192757,-0.1410181179233367,0.31811172670487076,-0.6411246080557542,-4.631971114312632,-0.279728470232751,-0.7254865564670284,3.791975253736787,3.895374637842411,0.7195568764233913,0.7685690852005164,0.01565609268837784,0.03394841338961663
4.029815652066289,-0.10959469545122334,-0.7004165189962384,0.840778974468743,-0.03436151580084658,0.6640856567588492,0.3114975559000054,-0.6638868773967583,-4.635863422660799,-0.27094811670274327,-0.743182542634617,0.007211128766138081,3.0603686347125976,0.06899469033892992,0.6640856567588492,0.3114975559000054,-0.6638868773967583,-4.635863422660799,-0.27094811670274327,-0.743182542634617,4.205996723543503,4.309395884266615,0.30553616887019913,0.3545508150250695,0.014789575112338528,0.031794864927218246
4.057417129135237,-0.2375513734065664,-0.7078950872262837,0.8202660385601717,-0.034234802798612185,1.4913183673281043,0.31679417942984933,-0.38912572994072214,-4.617533677633953,-0.26235032405653613,-0.7615068010574585,0.0061495354622052596,2.907031974141128,0.06689126724116294,1.4913183673281043,0.31679417942984933,-0.38912572994072214,-4.617533677633953,-0.26235032405653613,-0.7615068010574585,4.620018224101913,4.723417160072799,0.1000013683245863,0.10000398114696586,0.013968516972343721,0.029468960496425646
4.0850186062041836,-0.3650021233248713,-0.7151363436797613,0.7992473260529369,-0.03420752111495236,2.4365820422950706,0.3363793207008568,0.2655937932637186,-4.576371087915647,-0.25360633677742717,-0.7722472459693546,0.00413122482401793,2.728550945545384,0.06546424950220728,2.4365820422950706,0.3363793207008568,0.2655937932637186,-4.576371087915647,-0.25360633677742717,-0.7722472459693546,5.034039735385746,5.137438441414794,0.10000131383573847,0.10000417287803641,0.01319273114589708,0.027071102681303
4.112620083273131,-0.49131672496696793,-0.7221362531688633,0.7779321614017563,-0.0342794752681151,3.4427322584028115,0.3552057967875877,0.8413295607189806,-4.509117824548631,-0.2443217706706344,-0.7649164649749313,0.00211292348057446,2.533906408912383,0.06403723153860208,3.4427322584028115,0.3552057967875877,0.8413295607189806,-4.509117824548631,-0.2443217706706344,-0.7649164649749313,5.448061237484919,5.551459702843355,0.10000127492445679,0.10000446990630468,0.012461362969403925,0.024702525132287136
4.140221560342078,-0.615775037202428,-0.7288798949194736,0.7568193371340906,-0.03442477653449731,4.488047783925878,0.3736632833308464,1.3425888213072565,-4.4140933290638005,-0.23451756601584464,-0.7416945263973189,9.463339264172476e-05,2.323098367169617,0.06261021226021518,4.488047783925878,0.3736632833308464,1.3425888213072565,-4.4140933290638005,-0.23451756601584464,-0.7416945263973189,5.862082707477402,5.96548091321017,0.10000124870891024,0.1000049007880751,0.011772974119218762,0.0225526810044023
4.167823037411026,-0.7376105330047752,-0.7353529261401255,0.7363474726715713,-0.034615095560211695,5.551409909074265,0.39218770461180724,1.77856417636552,-4.290216581071431,-0.22420390746948074,-0.7046370918329817,-0.0019236427047584286,2.0961268248012064,0.06118319025657368,5.551409909074265,0.39218770461180724,1.77856417636552,-4.290216581071431,-0.22420390746948074,-0.7046370918329817,6.2761041146176435,6.379502028500523,0.10000123319966123,0.10000551624165378,0.011125520926395549,0.020740975008779815
4.1954245144799724,-0.8560268475880354,-0.7415412851509129,0.7168984481394136,-0.03481877194850928,6.612736450106028,0.4112435190836612,2.1626787949641813,-4.136989467765792,-0.21337894753391487,-0.6555460935033779,-0.003941900788725738,1.8529917887017975,0.05975616357292316,6.612736450106028,0.4112435190836612,2.1626787949641813,-4.136989467765792,-0.21337894753391487,-0.6555460935033779,6.69012541074083,6.7935229763119445,0.10000122704369835,0.10000640749780897,0.010516386343527247,0.01921468704000563
4.22302599154892,-0.9702138675170489,-0.7474308592782666,0.6988044076719423,-0.035000486450266904,7.6531858198435065,0.43130413191394334,2.5120176907969665,-3.954468174275199,-0.202028018972174,-0.5958529643366757,-0.0059601345559892206,1.593693269873953,0.05832912931128224,7.6531858198435065,0.43130413191394334,2.5120176907969665,-3.954468174275199,-0.202028018972174,-0.5958529643366757,7.104146506203993,7.20754361392531,0.10000124209360024,0.10000724334916299,0.009942584486388661,0.017893741075775065
4.250627468617867,-1.0793630301491872,-0.7530071310112121,0.6823579857403393,-0.035121739079628934,8.655114389438804,0.452830414522093,2.846681082990714,-3.7432289413643964,-0.19012338786540908,-0.5265175656473535,-0.00797834336380212,1.3182312776221257,0.05690209004064045,8.655114389438804,0.452830414522093,2.846681082990714,-3.7432289413643964,-0.19012338786540908,-0.5265175656473535,7.518167172632984,7.6215636080390805,0.10000126655025966,0.10000838456252414,0.009400976349166763,0.016722627889353477
4.278228945686814,-1.182681677938076,-0.7582548173416499,0.6678253232257261,-0.03514240868587977,9.60177967938572,0.47624671068104313,3.1890810228146216,-3.5043350000151863,-0.17762459956285567,-0.4479449630125796,-0.00999651724868174,1.0266058390266544,0.055475044636378014,9.60177967938572,0.47624671068104313,3.1890810228146216,-3.5043350000151863,-0.17762459956285567,-0.4479449630125796,7.932186507304834,8.035581630006925,0.10000130078075828,0.10000998203963804,0.00888842191630472,0.015665321123607148
4.305830422755761,-1.2794065000829042,-0.7631575186533652,0.655461380600984,-0.0350236034630629,10.027433916403227,0.4803857535940116,2.989601888666606,-3.2393116983735384,-0.1644794868988313,-0.35992161629034713,-0.01201463499460441,0.7188170276773064,0.05404799577444257,10.027433916403227,0.4803857535940116,2.989601888666606,-3.2393116983735384,-0.1644794868988313,-0.35992161629034713,7.992153643839848,8.074670457173573,0.10000134509136613,0.10001228985332822,0.008401875391906522,0.01469754947365511
4.333431899824708,-1.3688162876447338,-0.7676973954393157,0.6455270123623276,-0.03473179859765184,9.756209317778652,0.45916268296074225,2.1466801127747495,-2.9625397110695513,-0.15122013053675723,-0.2774041883150347,-0.013625161047954379,0.40909467602488264,0.05290905176312762,9.756209317778652,0.45916268296074225,2.1466801127747495,-2.9625397110695513,-0.15122013053675723,-0.2774041883150347,7.57813408986789,7.660652157813611,0.10000139935699771,0.1000157373119289,0.00793844003805709,0.013802151667655204
4.361033376893656,-1.4505867595456654,-0.7718712944046894,0.6378702470197203,-0.03423727450473073,9.360123417632392,0.43920013101612787,1.4002509293816745,-2.693253923305035,-0.13854656227210002,-0.21815264640791757,-0.015235645355905682,0.11553580702714233,0.05177004360867164,9.360123417632392,0.43920013101612787,1.4002509293816745,-2.693253923305035,-0.13854656227210002,-0.21815264640791757,7.16411319902994,7.24663188357971,0.1000014638820071,0.10002116256000256,0.007495395891424224,0.012966469203394445
4.3886348539626026,-1.5249245459506213,-0.7756953841662244,0.631848911752362,-0.03355690342855497,8.863267746198781,0.4199416009511421,0.7365593684946435,-2.4349006914307387,-0.12642398992717974,-0.17950365248981734,-0.01684603705799265,-0.1618594758632989,0.05063095296268704,8.863267746198781,0.4199416009511421,0.7365593684946435,-2.4349006914307387,-0.12642398992717974,-0.17950365248981734,6.750091870481243,6.832610961249423,0.10000153969681966,0.10003050239344546,0.0070702769572073615,0.012180827572345537
4.41623633103155,-1.5921314015503105,-0.7791848730251645,0.6268943458043721,-0.032722442279939756,8.286296895726657,0.40085716885848666,0.1399309795846292,-2.190261409978094,-0.11483298145822982,-0.15917352597039428,-0.018456255854584817,-0.423091074817704,0.04949172886028951,8.286296895726657,0.40085716885848666,0.1399309795846292,-2.190261409978094,-0.11483298145822982,-0.15917352597039428,6.336070328497562,6.418589722175791,0.10000162816857219,0.1000490169761977,0.006660942217356246,0.01143762331778321
4.443837808100497,-1.6525858516328207,-0.7823544329296428,0.6225009213773168,-0.031776849258715226,7.838828118692915,0.3910242770115938,-0.17056442824317922,-1.9615473762242064,-0.10376873150405919,-0.15531122424615387,-0.02006612088376859,-0.6681588001474676,0.048352246283569524,7.838828118692915,0.3910242770115938,-0.17056442824317922,-1.9615473762242064,-0.10376873150405919,-0.15531122424615387,5.922048662588011,6.004568298865994,0.10000173146935208,0.4039422116214951,0.006265545136152447,0.010730758070609074
4.471439285169445,-1.7067274565573267,-0.7852186031927261,0.6182141021827364,-0.030769508961523147,7.404341118624443,0.3843080833875866,-0.3536292607360477,-1.7451841416586855,-0.09297588388872201,-0.16001905440108607,-0.015743955151958245,-0.8911309694419742,0.04301881126271515,7.404341118624443,0.3843080833875866,-0.3536292607360477,-1.7451841416586855,-0.09297588388872201,-0.16001905440108607,5.508026917522376,5.590546757775301,0.10000185265980262,0.817867692158242,0.005882503339074507,0.010055255320627848
4.4990407622383914,-1.7548971166244092,-0.787784874919846,0.6137973399220903,-0.029682132098398317,6.922258590658146,0.375096476915628,-0.5064487406753678,-1.54081339006231,-0.08236841313768847,-0.1697797443322008,-0.0033419126986183197,-1.089859732951995,0.03197289776972972,6.922258590658146,0.375096476915628,-0.5064487406753678,-1.54081339006231,-0.08236841313768847,-0.1697797443322008,5.094005119050501,5.176525137271129,0.10000199613865034,1.2318135188818373,0.005510470464198677,0.009406992694406395
4.526642239307339,-1.7974258420777407,-0.7900583647862716,0.6091111682021334,-0.028453486511691467,6.541962967757769,0.3688025620497762,-0.4415328461634464,-1.3497488283069365,-0.07201519633145888,-0.18375847763454914,0.01714040370924642,-1.2643446904893951,0.015214225678723776,6.541962967757769,0.3688025620497762,-0.4415328461634464,-1.3497488283069365,-0.07201519633145888,-0.18375847763454914,4.679983283555543,4.7625034619002955,0.34424391557785006,1.6457437698923671,0.005148288500028104,0.008782511177067829
4.554243716376286,-1.834680903411093,-0.7920460905764303,0.6040391627954788,-0.026993628569317155,6.211026818954597,0.3606185723417573,-0.21881083401857065,-1.1691809874664687,-0.061835700872073,-0.19594543636311648,0.0409350568731731,-1.4098185107938812,-0.003886272918480296,6.211026818954597,0.3606185723417573,-0.21881083401857065,-1.1691809874664687,-0.061835700872073,-0.19594543636311648,4.265961422389415,4.348481748810839,0.7582638970065126,2.059607199609402,0.004794962338709487,0.008178873334248576
4.5818451934452336,-1.8669520256260976,-0.7937528472560933,0.5986307793269373,-0.025252788233085143,5.833100453328395,0.3441006529388414,0.015597702037079627,-0.9977474731484774,-0.0518820956169455,-0.20198493858071725,0.06472665123539294,-1.5229684055570631,-0.02298461303001245,5.833100453328395,0.3441006529388414,0.015597702037079627,-0.9977474731484774,-0.0518820956169455,-0.20198493858071725,3.851939544103475,3.934460011082213,1.1722849171043253,2.473106129371521,0.004449645831211939,0.00759355749688054
4.60944667051418,-1.8944913296268053,-0.7951848697285535,0.593055696676429,-0.023212486753450966,5.370801883453275,0.31687570007634847,0.16988840576082598,-0.8367452847450684,-0.04238440933544431,-0.20155441896561269,0.08850805157779792,-1.6038014687787534,-0.042075749849124953,5.370801883453275,0.31687570007634847,0.16988840576082598,-0.8367452847450684,-0.04238440933544431,-0.20155441896561269,3.4379176557478512,3.5204382597009154,1.5863062790134554,2.793066664177598,0.00411161496582458,0.007024378277501513
4.637048147583127,-1.917586735416246,-0.7963547420309068,0.5874924970032047,-0.020841459494576952,4.564965944357579,0.2640032160630098,-0.34648368819864356,-0.6885032197170745,-0.0336381719660804,-0.19686524802972546,0.11045336879215129,-1.6541435758296563,-0.059868779677398794,4.564965944357579,0.2640032160630098,-0.34648368819864356,-0.6885032197170745,-0.0336381719660804,-0.19686524802972546,3.023895764100527,3.106416504282028,2.000327809152299,2.379676414129884,0.0037802513877365274,0.006469425631982612
4.664649624652075,-1.936590441247163,-0.7972832052630701,0.5820587253740396,-0.018130922305405122,3.8038530363617733,0.21006683023682796,-0.9076361020189052,-0.562503416883364,-0.026351293251788924,-0.20642870960430476,0.11624749008182142,-1.6883098328101596,-0.06624291774702776,3.8038530363617733,0.21006683023682796,-0.9076361020189052,-0.562503416883364,-0.026351293251788924,-0.20642870960430476,2.609873876155182,2.6923947550155853,2.414349436803048,1.9666411440620477,0.003455038811229816,0.005927018992454359
4.6922511017210216,-1.9521163664094736,-0.7980105398794967,0.5763609880795241,-0.015342641713671135,3.385291868534965,0.17564689668086111,-0.73980899302519,-0.45751145452657943,-0.020553138454060697,-0.23148080666112822,0.10589734275420966,-1.7062933087504966,-0.06120306173198107,3.385291868534965,0.17564689668086111,-0.73980899302519,-0.45751145452657943,-0.020553138454060697,-0.23148080666112822,2.195852000187365,2.2783730241849556,2.8283711256383626,2.380348534871438,0.0031355645401735834,0.005395673812477279
4.719852578789969,-1.9647443583303696,-0.7985778368592316,0.5699717759025655,-0.012780602695268326,2.9547789307409746,0.1443452131541921,-0.5901166429420921,-0.3640723986455182,-0.015705024663092176,-0.251900627617514,0.09554105745223006,-1.6919558710866964,-0.05615887017505715,2.9547789307409746,0.1443452131541921,-0.5901166429420921,-0.3640723986455182,-0.015705024663092176,-0.251900627617514,1.7818301475541045,1.8643513288353175,3.2423928538203666,2.794286981812784,0.002821546871759487,0.004874077351617024
4.747454055858916,-1.9747932942930204,-0.7990113187373373,0.5630189465057274,-0.01044907256818842,2.5213341193237913,0.11622479477793253,-0.46192933822627297,-0.28251613574486295,-0.01172088357220445,-0.2681887186056843,0.08518314341862764,-1.645293009950896,-0.05111353144613632,2.5213341193237913,0.11622479477793253,-0.46192933822627297,-0.28251613574486295,-0.01172088357220445,-0.2681887186056843,1.3678083364212332,1.4503296963971057,3.6564146063701704,3.2082702468143958,0.0025128240683780084,0.00436106887733023
4.775055532927864,-1.9825911569353898,-0.7993348324364835,0.5556165417389822,-0.008350471977697293,2.0944995782384397,0.09132573943657082,-0.35688602115640755,-0.21292358986719317,-0.008512907564298252,-0.28093865064221074,0.0748244746145758,-1.566303852050783,-0.0460676640267444,2.0944995782384397,0.09132573943657082,-0.35688602115640755,-0.21292358986719317,-0.008512907564298252,-0.28093865064221074,0.9537866014126664,1.0363081792933746,4.070436371521976,3.6222697220506967,0.0022093189324865745,0.0038556209425676404
4.8026570099968104,-1.9884681625185472,-0.7995698012594097,0.5478622200155002,-0.006486981049908902,1.6840845537647353,0.06965974730529789,-0.2750450372541304,-0.15511230778752533,-0.005992182261435099,-0.2907892319713872,0.06446536645473395,-1.4549880844516268,-0.04102149199730438,1.6840845537647353,0.06965974730529789,-0.2750450372541304,-0.15511230778752533,-0.005992182261435099,-0.2907892319713872,0.5397650271339383,0.6222869057538165,4.484458138524902,4.036276686861825,0.0019110422946273739,0.0033568249170961616
4.830258487065758,-1.9927494913250559,-0.7997351943406918,0.5398360076973453,-0.004861630681627208,1.2999687382138283,0.05120914934614032,-0.21501980471450807,-0.10862908659461984,-0.004069470343559264,-0.29838088126008483,0.054105963483574694,-1.3113455688116236,-0.035975119837108355,1.2999687382138283,0.05120914934614032,-0.21501980471450807,-0.10862908659461984,-0.004069470343559264,-0.29838088126008483,0.12574394898434507,0.20826638426903596,4.898479895761809,4.4502875772360095,0.0016180996478761098,0.0028638820245134203
4.857859964134705,-1.9957478145677179,-0.7998475177330626,0.5316002546454328,-0.003478928533980189,1.0201709838675856,0.0385041100936251,0.516463192763753,-0.07274802927646265,-0.002656022182161481,-0.30431574546928186,0.04374633752356576,-1.1353762530585938,-0.0309286053885668,1.0201709838675856,0.0385041100936251,0.516463192763753,-0.07274802927646265,-0.002656022182161481,-0.30431574546928186,0.1000009247419581,0.1000014099226093,5.312501628280886,4.864300625863377,0.0013307037008539158,0.0023760999765614927
4.8854614412036526,-1.9977557676296034,-0.7999208278684183,0.5232006905751428,-0.002345036473503754,0.751682218085167,0.02748455969673097,1.3695644242456586,-0.0445898032588362,-0.0015932518703520697,-0.2900605984972579,0.034997382019881805,-0.9406277281653881,-0.024743107239165636,0.751682218085167,0.02748455969673097,1.3695644242456586,-0.0445898032588362,-0.0015932518703520697,-0.2900605984972579,0.10000081023948904,0.10000124183574596,5.726523313022141,5.278314762002445,0.0010491987299178082,0.001892896450384424
4.913062918272599,-1.998986512061761,-0.7999648039733831,0.5151945896171156,-0.0014208850576776437,0.49530476564239506,0.017585036715114855,2.21266463430897,-0.0238422637532231,-0.00083463742613264,-0.25225859744699547,0.026248280212405873,-0.7297158231291994,-0.018557504173975236,0.49530476564239506,0.017585036715114855,2.21266463430897,-0.0238422637532231,-0.00083463742613264,-0.25225859744699547,0.10000071862428624,0.10000110933210496,6.140544906762023,5.692329104142717,0.0007741106126107439,0.0014138128906201828
4.940664395341547,-1.9996445937580174,-0.7999878411991616,0.5082318797242377,-0.0007163174132657518,0.2704888791346948,0.009347912395948278,3.048062230243076,-0.010171120622204271,-0.000349264438483803,-0.19118578528184604,0.017499037650842847,-0.5026405368465667,-0.012371800467064075,0.2704888791346948,0.009347912395948278,3.048062230243076,-0.010171120622204271,-0.000349264438483803,-0.19118578528184604,0.10000064360510444,0.10000100276005837,6.5545663046578335,6.106342434093808,0.0005062543155617001,0.0009385470292646886
4.968265872410494,-1.9999253317106365,-0.7999974814135515,0.5029548696558721,-0.000240292735654534,0.09801026302343385,0.0033059190497772475,3.878588282128887,-0.002705228027362765,-9.124824884450946e-05,-0.10705476552906776,0.008749638217790692,-0.2594018937286129,-0.006185984981104548,0.09801026302343385,0.0033059190497772475,3.878588282128887,-0.002705228027362765,-9.124824884450946e-05,-0.10705476552906776,0.10000058099757499,0.10000091572136456,6.968587092238867,6.520350964506333,0.0002470585649178705,0.0004670535228107816
