0.0,-1.0,-0.5,1.0,2.225387857902915e-22,-1.0802018533783163e-23,-9.78737189920738e-24,2.2589889557014352e-24,-5.957984924995493e-23,-5.580413680221878e-23,-2.8649064545850197e-23,7.901931500808587e-23,-8.511100952552904e-23,-5.918384639008577e-23,-1.0802018533783163e-23,-9.78737189920738e-24,2.2589889557014352e-24,-5.957984924995493e-23,-5.580413680221878e-23,-2.8649064545850197e-23,0.8100000654557417,2.9999999527072463,3.0000000168348304,2.9999999650021816,1.0000000026239952,0.9999999994610409
0.08126951451502758,-1.0,-0.5,1.0,5.039403773134421e-22,-3.950346746468314e-21,-3.569810096257882e-21,-3.894137742802541,-1.8638088922986475e-22,-1.7081697485026105e-22,-2.1932564221736987e-24,-0.1258700366600489,0.12587003807334934,-0.08899011170624034,-3.950346746468314e-21,-3.569810096257882e-21,-3.894137742802541,-1.8638088922986475e-22,-1.7081697485026105e-22,-2.1932564221736987e-24,0.682632104116048,9.73984235047966e-07,3.000000007654113,2.2332291714430634,1.0000000078719855,0.9999999983831228
0.16253902903005515,-1.0,-0.5,1.0,-0.010229396771350898,0.1015579395559385,0.1001047275377041,0.0466707565617261,-5.074236514814076e-22,-4.60933708284023e-22,-0.31647468381220784,-0.1307059582049546,0.3874151129545339,-0.030094014635334954,0.1015579395559385,0.1001047275377041,0.0466707565617261,-5.074236514814076e-22,-4.60933708284023e-22,-0.31647468381220784,2.999999951939423,2.1782353960290037,2.999999997814378,1.6794668902771468,0.9992204704061749,0.9998340899329213
0.24380854354508275,-1.0,-0.5,0.974280256090285,-0.020880119073549898,0.5024795486791338,0.24553070040259173,2.1769564597763122,0.00825356444285764,0.008135462607648325,-0.31268177408438735,-0.159372632919293,0.35874844351351276,0.0569577308921993,0.5024795486791338,0.24553070040259173,2.1769564597763122,0.00825356444285764,0.008135462607648325,-0.31268177408438735,2.9999999878371435,2.9999991169687754,2.9999999819437755,2.999996587843447,0.9984409372444112,0.9996736166127425
0.3250780580601103,-0.9993292368247104,-0.49933883490352127,0.9488687601127493,-0.03366460713299869,0.8524037873374947,0.3988109754209283,2.1530386537670885,0.049089833417741015,0.028089623427901642,-0.13576157947801326,-0.1593727779418081,0.35874829781355605,0.05695790419816699,0.8524037873374947,0.3988109754209283,2.1530386537670885,0.049089833417741015,0.028089623427901642,-0.13576157947801326,2.9999999988165866,2.9999994932032643,2.999999952376916,2.999997899032481,0.9976680302883248,0.9995165640058927
0.4063475725751379,-0.9953397298952271,-0.49705600484462575,0.9378354824587778,-0.04635776861824763,1.200721188073536,0.5533059761184714,2.116947062275921,0.11836427538543001,0.06050079778362508,0.03921482664572657,-0.1593728668975055,0.35874820351962733,0.05695800818079428,1.200721188073536,0.5533059761184714,2.116947062275921,0.11836427538543001,0.06050079778362508,0.03921482664572657,3.000000003737967,2.9999996001076052,2.9999998885013994,2.999998220195702,0.9969011453183132,0.9993620317182782
0.4876170870901655,-0.9857203226987301,-0.49213913438097867,0.941022452382067,-0.05898078655586095,1.5470701243178255,0.7088542479751504,2.0687221906393614,0.21594630340807344,0.1054677058410367,0.21125808665090454,-0.15937293958459925,0.35874811758611225,0.0569580923734131,1.5470701243178255,0.7088542479751504,2.0687221906393614,0.21594630340807344,0.1054677058410367,0.21125808665090454,3.0000000061642473,2.9999996303288237,2.9999997109488947,2.9999982024251652,0.9961315537308849,0.9992089953326201
0.5688866016051931,-0.9681704714594411,-0.4835678251302639,0.9581912945215596,-0.0715547884998769,1.8910907476144685,0.8652934337245276,2.0084159289317545,0.3416759413320865,0.16307594643589216,0.37938213475062976,-0.1593730046857511,0.35874801855001226,0.05695816894388988,1.8910907476144685,0.8652934337245276,2.0084159289317545,0.3416759413320865,0.16307594643589216,0.37938213475062976,3.000000007222796,2.9999996147628365,2.999998866610327,2.9999978452113,0.995346443201009,0.999056195893686
0.6501561161202206,-0.9404026335859175,-0.4703147221343403,0.9890234964284181,-0.08410097386815057,2.2005197650155974,1.007847499431404,1.7682184579731004,0.4953639682945749,0.23339792370772572,0.5426051222391616,-0.15937304083396373,0.35874785128861486,0.05695822639570659,2.2005197650155974,1.007847499431404,1.7682184579731004,0.4953639682945749,0.23339792370772572,0.5426051222391616,3.0000000073528152,2.999999545577588,2.828494378414343,2.9999965251287004,0.9945282800983908,0.9989020822361004
0.7314256306352482,-0.9001446443743798,-0.451346586185798,1.033120751286162,-0.0966407459338605,1.5117115453416927,0.694011709758071,-2.9522601629824488,0.6741991412781151,0.3153052006917004,0.6863073778751462,-0.14951594484385808,0.3488904080984884,0.04998929705895046,1.5117115453416927,0.694011709758071,-2.9522601629824488,0.6741991412781151,0.3153052006917004,0.6863073778751462,3.00000000698796,2.999999371967854,4.9419256304722845e-06,1.056589738706949,0.9936528876261854,0.998744746592853
0.8126951451502759,-0.845352807476259,-0.42572188560152013,1.0888966186941567,-0.10850242090605464,1.6504600353567216,0.7569377073343282,-3.2183371026904637,0.7970552046547965,0.3717071954114831,0.44637862770750636,-0.08878879838971908,0.06476869672364002,0.0070552561236498995,1.6504600353567216,0.7569377073343282,-3.2183371026904637,0.7970552046547965,0.3717071954114831,0.44637862770750636,3.000000005909748,2.999999101649557,4.6871231174126155e-06,0.8371734571417121,0.9926854998727773,0.9985818189868619
0.8939646596653034,-0.7805765179522877,-0.3955134222886864,1.12517359305783,-0.11571824370409191,1.7389354612562486,0.8328604773779983,-3.015853716312895,0.9311872904546925,0.433223155404662,0.18482593382615187,-0.04067255157547535,-0.23196394345666338,-0.02696285688523375,1.7389354612562486,0.8328604773779983,-3.015853716312895,0.9311872904546925,0.433223155404662,0.18482593382615187,3.0000000038145376,2.999998048693819,3.4825136780305728e-06,1.0624326655445162,0.9915739599191974,0.9984103272677717
0.975234174180331,-0.7048993789344709,-0.3603055867722812,1.1401943069696678,-0.11902368094339834,2.0502085523714824,1.0892414477034642,-1.114591360377885,1.0725097311639535,0.500909322059926,-0.06027103354693885,0.020390576291020587,-0.5157498408134948,-0.07013432939513473,2.0502085523714824,1.0892414477034642,-1.114591360377885,1.0725097311639535,0.500909322059926,-0.06027103354693885,2.9999999998575855,2.9999962516086778,2.2712825359103512e-06,2.99999778000751,0.990262278952134,0.998227423505357
1.0565036886953585,-0.6177370337701336,-0.3195969293524194,1.1352961093339893,-0.11752828774827088,1.9856676807582063,1.2644354711251165,0.5513856294265101,1.2391291848697412,0.5894314457044324,-0.1508533322874937,0.19281524613522913,-0.6881743349685504,-0.19203826635662113,1.9856676807582063,1.2644354711251165,0.5513856294265101,1.2391291848697412,0.5894314457044324,-0.1508533322874937,2.9999999934861723,2.1507099514297736,2.4747320794003294,2.999998454117229,0.9886519289934637,0.9980290466861858
1.1377732032103862,-0.5170336064943678,-0.27169412192012937,1.1230363322560106,-0.10358186757353369,1.187430300740039,0.9308001959609715,-0.937362006406336,1.4005034332731414,0.6921915025783508,-0.10604248987343833,0.2718177444836605,-0.6695512826852927,-0.1788716432885912,1.187430300740039,0.9308001959609715,-0.937362006406336,1.4005034332731414,0.6921915025783508,-0.10604248987343833,2.9999999828678003,7.259203313677027e-06,2.9999989677364014,2.9999984951511642,0.9865613975464786,0.9978094954579
1.2190427177254137,-0.4032153723956303,-0.21544005455415932,1.1144183105860315,-0.08267362957537369,0.8645204763545921,0.9100113147518206,1.2295487709242594,1.4970053173347178,0.7678371826145914,-0.1822214450589134,0.44424201166474625,-0.4971271321933667,-0.05696764798479073,0.8645204763545921,0.9100113147518206,1.2295487709242594,1.4970053173347178,0.7678371826145914,-0.1822214450589134,2.999999963221179,2.1106791843658725,2.9999996265163893,2.9999986720574383,0.9835964458171356,0.9975602521699904
1.3003122322404412,-0.281554477029423,-0.1530382994964849,1.0996092622118667,-0.046669425634645115,0.42985756767447153,0.5347376734263031,1.7233241145046945,1.5672644767363557,0.8417933603676538,-0.08229661337335,0.49535558336013624,-0.44601359920212774,-0.020830275227734472,0.42985756767447153,0.5347376734263031,1.7233241145046945,1.5672644767363557,0.8417933603676538,-0.08229661337335,2.9999999238232005,2.5537156721607692,2.999999824932844,2.999997706821987,0.9787514600590287,0.9972688997360452
1.381581746755469,-0.15418365388841065,-0.08462616177743201,1.0929210563967837,-0.0064121177176595925,0.00654869620671331,0.07411688009017497,1.7583518983267807,1.6021987925718706,0.8852512314799049,0.05775710076448632,0.5210056062246816,-0.4203635877050099,-0.002695536924659865,0.00654869620671331,0.07411688009017497,1.7583518983267807,1.6021987925718706,0.8852512314799049,0.05775710076448632,2.9999998068267586,2.7176312553069324,2.9999999017304186,2.850960214013048,0.9690229557023942,0.9969184879098921
1.4628512612704965,-0.023973735859531345,-0.012682223971229832,1.0976149479357091,0.035929754956597934,-0.32477527620239355,-0.3399959221819861,-0.26680764992078715,1.6027310019332968,0.891274674342202,0.20065750588808093,0.528668669896581,-0.41270051312395295,0.01483463215563509,-0.32477527620239355,-0.3399959221819861,-0.26680764992078715,1.6027310019332968,0.891274674342202,0.20065750588808093,2.9999994506821093,2.999997204216194,2.9999999506347863,0.5547716510884783,0.9381603993054026,0.9964838690023736
1.544120775785524,0.1062794345657714,0.059751236112100224,1.1139222860230298,0.07889440104443417,-0.5842864078195851,-0.6738998946206952,-1.231873888024926,1.5763366729098442,0.8636433708093828,0.17897417771012314,0.3881295367895509,-0.5532395887615187,0.11419598183149968,-0.5842864078195851,-0.6738998946206952,-1.231873888024926,1.5763366729098442,0.8636433708093828,0.17897417771012314,2.6243706383958294,2.9999946702263975,2.9999999744343406,5.955896513365882e-06,0.11731641606793763,0.9959273045014264
1.6253902903005517,0.23438755068538827,0.12993911357190072,1.1284674305562576,0.11005319474593822,-1.0109241367410002,-0.9841598756919862,-0.9213114840077056,1.528852000208617,0.8088758535418307,0.07886038488659794,0.1941162127855881,-0.7040743925710656,0.22083661919525382,-1.0109241367410002,-0.9841598756919862,-0.9213114840077056,1.528852000208617,0.8088758535418307,0.07886038488659794,9.108481428185149e-07,2.999984200916395,2.9999999869380165,2.999977223746406,0.035850361658951266,0.9951916458407062
1.7066598048155792,0.3586366105076714,0.19567606149217384,1.1348763757504596,0.1245203350197379,-1.2761746563777525,-0.9498296234102186,-2.407068506065324,1.4466946864041526,0.7288936582391731,0.003985847864172107,0.021691152325494047,-0.5316501341353247,0.0989339514034983,-1.2761746563777525,-0.9498296234102186,-2.407068506065324,1.4466946864041526,0.7288936582391731,0.003985847864172107,6.61614302773957e-07,1.5719358226341973,2.999999994612189,2.99999806727601,0.020913024201161774,0.9941841500915599
1.7879293193306067,0.476208785323207,0.2549128952303539,1.1352003036713116,0.12583046982269552,-1.4568673892803634,-0.881655103652731,-3.114371141314706,1.3429805916439506,0.6517014658726331,-0.19163544102816948,-0.06865578120977052,-0.2771477192432275,0.03505882602774183,-1.4568673892803634,-0.881655103652731,-3.114371141314706,1.3429805916439506,0.6517014658726331,-0.19163544102816948,6.721326938248894e-07,0.9087790101462363,2.9999999994592788,2.9999990905923135,0.014709453806445432,0.9927445990739825
1.8691988338456345,0.5853521660092154,0.3078763569705546,1.1196261844150792,0.12025084834186467,-1.5869910099981934,-0.8328628226456104,-3.2399424863291397,1.2245816862043597,0.5800497836290793,-0.44473887170242804,-0.1208877813478973,0.01546962839409246,-0.0018691242067367594,-1.5869910099981934,-0.8328628226456104,-3.2399424863291397,1.2245816862043597,0.5800497836290793,-0.44473887170242804,9.115746810900421e-07,0.8101286759816926,3.0000000026019613,2.999999386601448,0.011214226663970758,0.9905918617378263
1.950468348360662,0.6848733251310375,0.35501672128063666,1.0834824722258618,0.11042635448632786,-2.7256720374979597,-1.3210647497475838,1.5322549041593447,1.0956076972820932,0.512363426375055,-0.7080474246230086,-0.1674498323879009,0.3137568979669758,-0.03478844422995669,-2.7256720374979597,-1.3210647497475838,1.5322549041593447,1.0956076972820932,0.512363426375055,-0.7080474246230086,2.9050890060865746,2.834640893972018,3.0000000042353636,2.9999994980368574,0.00891130454001489,0.9871425329212131
2.0317378628756897,0.7739128307880806,0.3966562481973935,1.0259398017731343,0.09681778585628131,-2.4728331672224573,-1.1754231102481052,1.7739676003102678,0.874093654067448,0.4050011355201525,-0.5835218124487085,-0.1634008629879409,0.32871586841600053,-0.03192578172567815,-2.4728331672224573,-1.1754231102481052,1.7739676003102678,0.874093654067448,0.4050011355201525,-0.5835218124487085,2.9999994655809967,2.9031446455493835,3.000000004503548,2.9999995332539084,0.0072427476075221184,0.9809478297598307
2.113007377390717,0.8449499976948085,0.42957049385915114,0.9785172673664987,0.08353828440646291,-2.176634818580314,-1.0202471166093443,1.9117263834996838,0.6731277030906209,0.30947507000054525,-0.4393523268061046,-0.15783416857197194,0.3342826247810135,-0.02799009047535864,-2.176634818580314,-1.0202471166093443,1.9117263834996838,0.6731277030906209,0.30947507000054525,-0.4393523268061046,2.9999998218028514,2.9656812639203567,3.000000003660668,2.9999995315435615,0.005956849807393237,0.967582979594595
2.1942768919057447,0.8996547593315989,0.45472138255259964,0.9428113170659188,0.07071117137169397,-1.8650338418260295,-0.8665201376544329,2.0124651111282184,0.4962336481080936,0.22656008214834714,-0.28398725173351586,-0.15586173988085583,0.33625507437665075,-0.026595545022011488,-1.8650338418260295,-0.8665201376544329,2.0124651111282184,0.4962336481080936,0.22656008214834714,-0.28398725173351586,2.9999999202055356,2.9999959359134727,3.0000000011043535,2.99999954627413,0.0048919995149194154,0.935190265517425
2.2755464064207724,0.9399834269993647,0.4731338104372806,0.9197318109890791,0.05808006405678544,-1.5432500411344965,-0.7116830680724822,2.0690494029250073,0.34466325322879543,0.1561384112436765,-0.12043518917369449,-0.15586153702537478,0.3362552865314354,-0.026595364639354954,-1.5432500411344965,-0.7116830680724822,2.0690494029250073,0.34466325322879543,0.1561384112436765,-0.12043518917369449,2.9999999639802915,2.9999975402178163,2.9999999958568098,2.9999995081103643,0.003961185886952697,0.8491634461468314
2.3568159209357997,0.967994042260439,0.48582310331620193,0.9099441016344074,0.045487845153816875,-1.2197536942710063,-0.5569055526130616,2.114847644338683,0.21924407161049858,0.09830027381286054,0.04771545130962855,-0.15586142575303902,0.33625540146797084,-0.0265952463308967,-1.2197536942710063,-0.5569055526130616,2.114847644338683,0.21924407161049858,0.09830027381286054,0.04771545130962855,2.999999986753519,2.9999979102064467,2.999999984172972,2.9999993776129537,0.003112572516450853,0.7162807687297246
2.4380854354508275,0.9858119015205221,0.4938119188456674,0.9138219131972064,0.03291519970833532,-0.8948398147737718,-0.40232880021928047,2.149820805231233,0.12011528104918252,0.053040829921273874,0.21958809263828305,-0.15586134126567391,0.3362554856587025,-0.026595137303491372,-0.8948398147737718,-0.40232880021928047,2.149820805231233,0.12011528104918252,0.053040829921273874,0.21958809263828305,2.9999999999176343,2.999997823639829,2.9999999467846896,2.9999989151087294,0.0023124871217163807,0.5962956547252383
2.519354949965855,0.9955736120972252,0.49812252134284346,0.9316677308792005,0.020343111680944055,-0.496110119837277,-0.2163867516743481,0.6423642006211117,0.047392083733800876,0.020343763652039427,0.39430298577373096,-0.1558612754797925,0.33625554533696217,-0.02659500694906879,-0.496110119837277,-0.2163867516743481,0.6423642006211117,0.047392083733800876,0.020343763652039427,0.39430298577373096,3.0000000079727798,2.9999970122048847,1.718854749943111,2.7475165522597704,0.0015375539309374641,0.46953511913330703
2.6006244644808825,0.9994251437341267,0.4997758491382531,0.9637125431048574,0.007752753620633709,-0.08703700509156187,-0.033937909097159887,-5.4941587280859,0.007073455148633216,0.002758117395981322,0.4465076125000425,-0.09673886477326449,0.24811055414348884,-0.06839430785398166,-0.08703700509156187,-0.033937909097159887,-5.4941587280859,0.007073455148633216,0.002758117395981322,0.4465076125000425,3.0000000128835382,1.3168512200679248,6.66667822095424e-08,9.223470056019145e-07,0.0007708065726987299,0.30655195126660356
