0.03285334274578501,-2.0,0.8,0.5,-1.9568803379128818e-16,3.489498172940954e-15,1.8951838233577417e-15,0.32853315689056856,1.0378026028560969e-16,1.0739120796072093e-17,-1.6370264091304822e-17,0.019402674473353008,0.15038716488434997,-0.01126888826126011,3.489498172940954e-15,1.8951838233577417e-15,0.32853315689056856,1.0378026028560969e-16,1.0739120796072093e-17,-1.6370264091304822e-17,1.0358782308186962,0.9613408610917719,3.854647997690903,4.286666067289198,1.0000000122560715,1.000000008597545
0.06570668549157002,-1.9999999999999998,0.8,0.5,0.0006374427146576669,0.05171214952193338,-0.006691298662932463,0.6569342142696104,2.1842193978627495e-16,7.3002244554944e-17,0.010793412406680594,0.031172150758991737,0.2931410955865503,-0.017141106240198777,0.05171214952193338,-0.006691298662932463,0.6569342142696104,2.1842193978627495e-16,7.3002244554944e-17,0.010793412406680594,1.2001447435072579,1.1256073946785066,4.018912239253517,4.122399717412409,0.9991995575226039,0.9993276072005474
0.09856002823735503,-1.9999999999999998,0.8,0.5003545996771933,0.0016588000462065303,0.1547364130559208,-0.017760683059289257,0.8093103824636781,0.0016989169723655776,-0.0002198315283876607,0.032375897309513076,0.035308438353252126,0.42826173206119245,-0.017616660500907797,0.1547364130559208,-0.017760683059289257,0.8093103824636781,0.0016989169723655776,-0.0002198315283876607,0.032375897309513076,1.3644112998220141,1.2898739681123053,4.008034027491791,3.9581332278181787,0.9983991027922821,0.9986518021830857
0.13141337098314004,-1.99994418489841,0.7999927777994515,0.501418256128205,0.0028107061700893684,0.3041091568287034,-0.03030188207823697,0.8060576867132209,0.006782525385745106,-0.0008033293363337498,0.058964448692314736,0.03588085167082593,0.5516797515494626,-0.01557255621041717,0.3041091568287034,-0.03030188207823697,0.8060576867132209,0.006782525385745106,-0.0008033293363337498,0.058964448692314736,1.5286778807352137,1.4541405635119324,3.8437706716501947,3.79386668368749,0.9975986321661333,0.9979738938523525
0.16426671372892504,-1.99972135626723,0.7999663857454272,0.50335543537091,0.003976313850586321,0.4964338589211012,-0.043195097249544526,0.7987609652743394,0.016773527747170183,-0.0017988474540924326,0.08544613814677887,0.036453190574056105,0.659831350634059,-0.013528399784913174,0.4964338589211012,-0.043195097249544526,0.7987609652743394,0.016773527747170183,-0.0017988474540924326,0.08544613814677887,1.692944476894653,1.6184071722919846,3.6795059326083,3.6296001113090592,0.9967980885380087,0.9972943240301115
0.19712005647471006,-1.9991702898110963,0.7999072875934706,0.5061626266337498,0.005157155882789695,0.7262404511185581,-0.056443231201168766,0.7854491181248808,0.0330830394649178,-0.0032179507889692396,0.1116881059108909,0.03702548658770855,0.7527164958558105,-0.011484213451107029,0.7262404511185581,-0.056443231201168766,0.7854491181248808,0.0330830394649178,-0.0032179507889692396,0.1116881059108909,1.8572110829282298,1.782673789583112,3.515240778214519,3.465333522300463,0.9959973572323838,0.9966131988313249
0.22997339922049506,-1.998083401376483,0.7998015671532616,0.5098319542578678,0.006356444802328022,0.98797208038225,-0.07002999964456609,0.7641755237722587,0.05694246592136932,-0.00507229960930083,0.13749273499802228,0.03759774900748519,0.8303351767507356,-0.009440003736278854,0.98797208038225,-0.07002999964456609,0.7641755237722587,0.05694246592136932,-0.00507229960930083,0.13749273499802228,2.021477695383481,1.9469404122738567,3.350975460395474,3.301066922902669,0.9951962511277246,0.9959303983993745
0.2628267419662801,-1.996212651026778,0.7996349251556878,0.5143490502058132,0.007578879114054193,1.2759832846945225,-0.08392297552838314,0.7331983542611326,0.08940065130143364,-0.007373019190110969,0.16259845539845216,0.038169981412823316,0.8926873890057119,-0.007395773137512819,1.2759832846945225,-0.08392297552838314,0.7331983542611326,0.08940065130143364,-0.007373019190110969,0.16259845539845216,2.1857443118274356,2.1112070381716634,3.186710090718787,3.136800316939018,0.9943944898639445,0.9952456109202077
0.2956800847120651,-1.9932755407878755,0.7993926968291639,0.5196909529909538,0.008830385026975276,1.584554095904376,-0.09807722431713524,0.6911334800629163,0.13132096749139535,-0.010130169469391078,0.18668647223163876,0.03874218487420812,0.9397731310961196,-0.0053515223859624235,1.584554095904376,-0.09807722431713524,0.6911334800629163,0.13132096749139535,-0.010130169469391078,0.18668647223163876,2.350010930395999,2.2754736655881787,3.02244473732999,2.9725337070043687,0.9935916812620382,0.9945583465579939
0.3285334274578501,-1.9889612080331727,0.799059886899513,0.5258242276491814,0.010117807721972398,1.907919896661307,-0.11243940841206651,0.637079158377717,0.18337886630337932,-0.013352334135437172,0.20939251733523298,0.039314358935015566,0.9715924032234835,-0.003307251138888636,1.907919896661307,-0.11243940841206651,0.637079158377717,0.18337886630337932,-0.013352334135437172,0.20939251733523298,2.5142775495406666,2.439740293107858,2.8581794539588103,2.808267095024891,0.9927873046571053,0.9938679444702536
0.36138677020363513,-1.982936599286174,0.7986212180897053,0.5327034717895985,0.01144855995722035,2.240314860176935,-0.12695221958431493,0.5707113242101488,0.24606041259989594,-0.017046344558132105,0.23032269728161248,0.03988650193191147,0.9881452069513236,-0.0012629582047765195,2.240314860176935,-0.12695221958431493,0.5707113242101488,0.24606041259989594,-0.017046344558132105,0.23032269728161248,2.6785441678682167,2.6040069194418454,2.6939142925719564,2.64400048255701,0.991980695746346,0.9931735765988925
0.39424011294942013,-1.9748526922148604,0.7980611886893743,0.5402703423055251,0.012830229342436135,2.576025193264253,-0.14155897769566164,0.49234853743126655,0.3196622445597642,-0.021217149340473775,0.2490724720247894,0.0404586110278876,0.98943154514905,0.0007813584342476498,2.576025193264253,-0.14155897769566164,0.49234853743126655,0.3196622445597642,-0.021217149340473775,0.2490724720247894,2.8428107840238828,2.768273543321285,2.529649311503208,2.4797338709676295,0.9911710324570209,0.9924742490691749
0.4270934556952051,-1.9643507189314515,0.7973641344100031,0.5484532055974954,0.014270140519869091,2.9094472120354227,-0.15620821782414976,0.40298615932910786,0.40429328315585183,-0.025867834953452296,0.2652477672754049,0.04103068206035245,0.9754514221341365,0.0028257017304225253,2.9094472120354227,-0.15620821782414976,0.40298615932910786,0.40429328315585183,-0.025867834953452296,0.2652477672754049,3.007077396590304,2.932540163404834,2.3653845832047593,2.3154672615590304,0.9903573212486934,0.991768801030929
0.4599467984409901,-1.9510683331301135,0.796514289562186,0.5571674814083486,0.015774865991167966,3.2351445308716853,-0.17085807857935398,0.30430003902230124,0.4998783496136202,-0.030999797073337342,0.2784872096896517,0.04160270921182771,0.9462048440017895,0.0048700758034942665,3.2351445308716853,-0.17085807857935398,0.30430003902230124,0.4998783496136202,-0.030999797073337342,0.2784872096896517,3.171344003982393,3.0968067781827853,2.201120204130969,2.151200655671564,0.9895383831796007,0.9910559004031007
0.4928001411867751,-1.9346456583790599,0.7954958426038858,0.5663167171586,0.01734968052906867,3.5478983503303305,-0.18548030280095862,0.19862077755102872,0.6061636617184996,-0.03661305608979114,0.28848448316920716,0.04217468445317339,0.9016918191913152,0.0069144863343773575,3.5478983503303305,-0.18548030280095862,0.19862077755102872,0.6061636617184996,-0.03661305608979114,0.28848448316920716,3.335610604318208,3.2610733858609344,2.036856309584985,1.986934054785949,0.9887128389864542,0.9903340358200385
0.5256534839325602,-1.914731155840582,0.7942929813231973,0.5757943967609986,0.01899796008488319,3.8427449809901404,-0.20006366751809737,0.08888038766733923,0.7227239822491072,-0.04270670405030303,0.2950098396505255,0.04274659664393655,0.8419123594055142,0.008958941200802071,3.8427449809901404,-0.20006366751809737,0.08888038766733923,0.7227239822491072,-0.04270670405030303,0.2950098396505255,3.4998771952384944,3.425339984202335,1.8725930981872272,1.822667460645192,0.9878790923457963,0.9896015039594064
0.5585068266783452,-1.8909872571411532,0.7928899233374899,0.5854864561364165,0.020720537823652668,4.114995309976681,-0.21461667119460973,-0.021466238503793943,0.8489710001942213,-0.04927946429025387,0.29792985748993894,0.04331843006650764,0.7668664811092868,0.011003451512530174,4.114995309976681,-0.21461667119460973,-0.021466238503793943,0.8489710001942213,-0.04927946429025387,0.29792985748993894,3.664143773628661,3.5896065702921547,1.7083308750098762,1.6584008754220647,0.987035310396688,0.9888563912762408
0.5913601694241302,-1.8630957218905406,0.7912709282068334,0.5952744478587364,0.0225150479814863,4.360231860208408,-0.2291693199077295,-0.1285423104694033,0.984162351510183,-0.05633033934796984,0.2972246197989111,0.043890161960971015,0.6765542080462535,0.01304803335167108,4.360231860208408,-0.2291693199077295,-0.1285423104694033,0.984162351510183,-0.05633033934796984,0.2972246197989111,3.828410335153991,3.753873140162975,1.5440701326854231,1.4941343019749418,0.9861794005007186,0.9880965489225173
0.6242135121699152,-1.8307626988388788,0.7894202882612482,0.6050392701654757,0.02437531229136977,4.574280356234716,-0.24377386642746937,-0.22816983743069227,1.1274105432647017,-0.06385931756171694,0.2930015752157248,0.04446175817930362,0.5709755756653275,0.015092710839659199,4.574280356234716,-0.24377386642746937,-0.22816983743069227,1.1274105432647017,-0.06385931756171694,0.2930015752157248,3.9926768734171647,3.9181396881568205,1.3798117155045944,1.3298677442738214,0.9853089820863847,0.9873195592458549
0.6570668549157002,-1.7937234938457918,0.7873222962138812,0.6146653513410928,0.02629085165490251,4.753154250690932,-0.25850436348159295,-0.3160076989059638,1.2776909436233923,-0.07186810394792381,0.28550543334236433,0.04503316503201502,0.4501306394042889,0.017137521889456407,4.753154250690932,-0.25850436348159295,-0.3160076989059638,1.2776909436233923,-0.07186810394792381,0.28550543334236433,4.156943378281509,4.0824062057567865,1.2155571829250509,1.1656012081712697,0.9844213522596968,0.9865226916677642
0.6899201976614852,-1.751747075351747,0.7849611887623903,0.6240451591984735,0.028246632811460663,4.892972486972854,-0.27345489363027187,-0.38770543016609627,1.4338479493449265,-0.08036083640266559,0.27512352409989993,0.04560429269500698,0.31401949150325503,0.019182529907977523,4.892972486972854,-0.27345489363027187,-0.38770543016609627,1.4338479493449265,-0.08036083640266559,0.27512352409989993,4.321209832105799,4.246672679247473,1.0513097169759038,1.0013347029357984,0.9835134436489594,0.98570284483805
0.7227735404072703,-1.704640377226577,0.7823210666607157,0.6330838866331557,0.030223178120360454,4.989853088763159,-0.2887363448978369,-0.43907159054233164,1.594598451505142,-0.0893447437486131,0.26238610471825125,0.04617497753600027,0.16264229907855626,0.02122785035554482,4.989853088763159,-0.2887363448978369,-0.43907159054233164,1.594598451505142,-0.0893447437486131,0.26238610471825125,4.485476199711161,4.4109390844415115,0.8870768037991599,0.8370682446944145,0.9825817726751429,0.9848564705783125
0.7556268831530553,-1.6522524877573805,0.7793857931718081,0.641704147263196,0.03219716581922709,5.03978944215468,-0.3044717090940832,-0.4662531452173503,1.7585318052813919,-0.09883069785070693,0.24796113526422714,0.04674488210654113,-0.004000595063947689,0.0232737212194083,5.03978944215468,-0.3044717090940832,-0.4662531452173503,1.7585318052813919,-0.09883069785070693,0.24796113526422714,4.649742393273896,4.575205372594333,0.7228805724763422,0.6728018656056652,0.9816223760847564,0.9839794729765806
0.7884802258988403,-1.5944788396291067,0.7761388743815136,0.6498504994276656,0.034142617498394895,5.038538789974442,-0.3207911975080565,-0.4658859402469394,1.9241057351910882,-0.1088336112659698,0.23264316087810133,0.04731315464299607,-0.18590833004375787,0.02532074282377004,5.038538789974442,-0.3207911975080565,-0.4658859402469394,1.9241057351910882,-0.1088336112659698,0.23264316087810133,4.814008061697637,4.739471421049515,0.5588251248742799,0.5085356459586776,0.9806307331330476,0.9830670725760056
0.8213335686446253,-1.5312655344317432,0.7725633264483313,0.6574936049294567,0.03603270097310713,5.035948340653384,-0.3415179389807936,-0.3328075215871971,2.0896385769960513,-0.1193726744275328,0.21733725040272642,0.04787652120240973,-0.38307761337044577,0.02737122046859676,5.035948340653384,-0.3415179389807936,-0.3328075215871971,2.0896385769960513,-0.1193726744275328,0.21733725040272642,4.879573455923605,4.903736736904325,0.6099516216641085,0.3442699067733341,0.9796016702444716,0.9821136200148243
0.8541869113904103,-1.4626139220468775,0.7686415350608825,0.6646338601083641,0.037842053852331504,4.920913577326981,-0.35988876833134475,-0.2613627262783238,2.255086313881604,-0.1305926803307029,0.2064034108276469,0.04114216689369909,-0.5882155737835617,0.03133856441293282,4.920913577326981,-0.35988876833134475,-0.2613627262783238,2.255086313881604,-0.1305926803307029,0.2064034108276469,4.715307802668983,4.801695115941657,0.7734912226839356,0.4575933232787577,0.9785292442873795,0.98111233405965
0.8870402541361952,-1.3885267984555962,0.7643511289738871,0.6714149021081839,0.039347029815703496,4.734746502724531,-0.376192668685999,-0.1695968587914944,2.4167547742599145,-0.14241622938705095,0.19781677160025216,0.03179533947243569,-0.7807333363438165,0.03510865938793142,4.734746502724531,-0.376192668685999,-0.1695968587914944,2.4167547742599145,-0.14241622938705095,0.19781677160025216,4.551041624150145,4.6374299858013135,0.9366092439260668,0.6218590870529888,0.9774065997499477,0.9800549225444352
0.9198935968819802,-1.309128325524323,0.759672279777272,0.6779138443064318,0.04046206435908572,4.403089060789901,-0.38272078601652804,-0.23144384893959805,2.5723070239283303,-0.15477541606984363,0.1922449478697665,0.022475154721648214,-0.9580113511072845,0.038859883552165506,4.403089060789901,-0.38272078601652804,-0.23144384893959805,2.5723070239283303,-0.15477541606984363,0.1922449478697665,4.386775271382391,4.47316412851379,0.9029829232672352,0.7861253313034806,0.9762257408578784,0.9789310231236292
0.9527469396277652,-1.2246194412198153,0.7545873899845079,0.6842297334699428,0.04120158803581295,4.08435080723209,-0.3921168034029736,-0.13313637008533383,2.7169632179826775,-0.16734907322878084,0.18464124377414995,0.0177528596339631,-1.1246208089499492,0.03936038344640441,4.08435080723209,-0.3921168034029736,-0.13313637008533383,2.7169632179826775,-0.16734907322878084,0.18464124377414995,4.222508832068122,4.308898040871865,1.0290228069428093,0.9503917350162442,0.9749773545801537,0.9777273273805577
0.9856002823735502,-1.1353581173917393,0.7490894135235333,0.6902958155366631,0.041687915478545216,3.723783336299703,-0.4017572713966926,0.010845603777377118,2.851147794946697,-0.1802314209673603,0.18026726897580664,0.013918723960102792,-1.276851961508274,0.039232943081457125,3.723783336299703,-0.4017572713966926,0.010845603777377118,2.851147794946697,-0.1802314209673603,0.18026726897580664,4.058242343816782,4.144631835378444,1.1932706010467002,1.1146582154350533,0.9736505501123167,0.9764261664740056
1.0184536251193352,-1.0416883816654663,0.7431682088769328,0.6962181979101718,0.041970798247132124,3.3082924904353943,-0.41040623632500095,0.15813028339910792,2.973486525205194,-0.1934304903051672,0.18062358331398962,0.010085015880560638,-1.4138170679219244,0.0391051911177841,3.3082924904353943,-0.41040623632500095,0.15813028339910792,2.973486525205194,-0.1934304903051672,0.18062358331398962,3.8939758247174012,3.9803655614411877,1.3575308851628298,1.2789247406929265,0.9722326344365375,0.9750030819644318
1.0513069678651203,-0.9439994097029266,0.7368133706814519,0.7021522864007582,0.0420815806160265,2.841482331967107,-0.41788051296308465,0.30079361000477767,3.0821749922967743,-0.20691370705216008,0.18581869171298845,0.006251447113588143,-1.5355158346450473,0.038977332605729,2.841482331967107,-0.41788051296308465,0.30079361000477767,3.0821749922967743,-0.20691370705216008,0.18581869171298845,3.7297092849335756,3.8160992456786262,1.5217943112178034,1.443191295149694,0.9707086391919775,0.9734225530061562
1.0841603106109052,-0.8427396582785134,0.7300155637448663,0.7082570515681784,0.04205039729065195,2.327585096366732,-0.4239852491963163,0.4310616262319199,3.1755271852549822,-0.22064247877132073,0.19570076727821725,0.0024179458279515722,-1.6419481865460095,0.03884941902452202,2.327585096366732,-0.4239852491963163,0.4310616262319199,3.1755271852549822,-0.22064247877132073,0.19570076727821725,3.5654427308173937,3.651832904631835,1.6860590006230771,1.6074578699424895,0.9690607927251516,0.9716303711209375
1.1170136533566903,-0.7384129752627735,0.7227667207655125,0.7146864759511828,0.041904588570760536,1.771551856086006,-0.4285252091483978,0.54155583144236,3.2519961361958996,-0.23457181148232437,0.2098625826293698,-0.0014155166024935138,-1.7331140928787543,0.03872147097265294,1.771551856086006,-0.4285252091483978,0.54155583144236,3.2519961361958996,-0.23457181148232437,0.2098625826293698,3.401176166675742,3.4875665498709747,1.8503243243228835,1.7717244595358168,0.9672678770188239,0.9695425350375844
1.1498669961024754,-0.631574031592361,0.715060252644384,0.7215811633078212,0.04166769982989886,1.1790878645373684,-0.43131564268549344,0.6255375079001999,3.3101975365158247,-0.24865029705368585,0.22765450197572404,-0.0052489544855730975,-1.8090135380104202,0.038593498686937545,1.1790878645373684,-0.43131564268549344,0.6255375079001999,3.3101975365158247,-0.24865029705368585,0.22765450197572404,3.236909595635503,3.3233001904318513,2.014590011430611,1.93599106021415,0.9653044147724313,0.9670536796024093
1.1827203388482603,-0.5228229773689533,0.706891259211438,0.7290603746888507,0.04135894642835155,0.5566294595058052,-0.4321922442136845,0.6771392371892567,3.3489345142568663,-0.2628204576944509,0.24820550012311332,-0.009082376058861832,-1.869646512970935,0.03846550791839605,0.5566294595058052,-0.4321922442136845,0.6771392371892567,3.3489345142568663,-0.2628204576944509,0.24820550012311332,3.0726430201123587,3.159033834171542,2.1788559257795748,2.1002576693362593,0.9631396380177238,0.9641676556705082
1.2155736815940454,-0.4127992839388835,0.6982567286341982,0.7372147550557843,0.04099300419223171,-0.08873556366328098,-0.4310198019132532,0.6915741060197469,3.3672216526724115,-0.27701941762567306,0.2704517875691112,-0.01291578658398706,-1.9150130122540152,0.03833750213528586,-0.08873556366328098,-0.4310198019132532,0.6915741060197469,3.3672216526724115,-0.27701941762567306,0.2704517875691112,2.9083764420877483,2.994767488662678,2.3431219912435077,2.264524284930511,0.9607361749265663,0.9611010117831651
1.2484270243398303,-0.30217479688260807,0.6891557147597042,0.7461000003290025,0.0405799945992403,-0.7493987302546253,-0.4276991666893417,0.665313042268435,3.3643063927856414,-0.2911798589081495,0.29317230870828764,-0.01674918972955047,-1.9451130323899128,0.03820948349590597,-0.7493987302546253,-0.4276991666893417,0.665313042268435,3.3643063927856414,-0.2911798589081495,0.29317230870828764,2.744109863287056,2.8305011619165548,2.5073881617847498,2.428790905458278,0.9580483724898456,0.958048382645594
1.2812803670856154,-0.19164608585858572,0.6795894830543254,0.7557316906705689,0.04012555670501528,-1.4174042963785758,-0.42217222047959235,0.5962214038780245,3.33968613944733,-0.30523120622348104,0.3150300661191733,-0.02058258827629748,-1.9599465712405082,0.03808145332432774,-1.4174042963785758,-0.42217222047959235,0.5962214038780245,3.33968613944733,-0.30523120622348104,0.3150300661191733,2.5798432853060294,2.6662348631094748,2.6716544078029196,2.5930575296664906,0.9550201989661927,0.9550881858894289
1.3141337098314003,-0.081926232455975,0.669561617619556,0.7660814814080095,0.03963092479188478,-2.0846540725453973,-0.4144246022676322,0.48364754749836664,3.2931196702890566,-0.3191009748806462,0.33461793225315095,-0.02441598452247184,-1.9595136276348217,0.03795341235444727,-2.0846540725453973,-0.4144246022676322,0.48364754749836664,3.2931196702890566,-0.3191009748806462,0.33461793225315095,2.415576709710321,2.5019686034417212,2.8359207092723104,2.7573241564891906,0.9515823378902495,0.9524267976745644
1.3469870525771854,0.026263756774917945,0.659078083921288,0.777074799025208,0.039092956606148345,-2.74313038996302,-0.4044860537008567,0.328458509528278,3.224631815537326,-0.33271620838123034,0.350507370899273,-0.0282493805496544,-1.943814201188533,0.03782536085045021,-2.74313038996302,-0.4044860537008567,0.328458509528278,3.224631815537326,-0.33271620838123034,0.350507370899273,2.2513101381266574,2.3377023972962263,3.0001870520358245,2.9215907849775062,0.9476488043879064,0.9500219020180545
1.3798403953229703,0.13220369103972873,0.6481472442902614,0.7885901378162858,0.038504080379061084,-3.3851227122960434,-0.3924283671031884,0.13302091106244052,3.1345108126394923,-0.34600492733935456,0.361298330890575,-0.03208277842892364,-1.9128482922402723,0.037697298650013034,-3.3851227122960434,-0.3924283671031884,0.13302091106244052,3.1345108126394923,-0.34600492733935456,0.361298330890575,2.0870435723396645,2.1734362639153377,3.1644534256733916,3.0858574142454493,0.9431123674265657,0.9478370547435355
1.4126937380687554,0.2351828491077431,0.6367798258206512,0.8004599957145139,0.037852150603156894,-4.003443106361949,-0.3783610470276556,-0.09887153985513186,3.0232982159358888,-0.3588975109869643,0.36566851247406573,-0.0359161804154585,-1.8666159018799064,0.0375692251474267,-4.003443106361949,-0.3783610470276556,-0.09887153985513186,3.0232982159358888,-0.3588975109869643,0.36566851247406573,1.9227770144095913,2.009170229916505,3.32871982220724,3.2501240434232943,0.9378387753159664,0.945840954223273
1.4455470808145405,0.33450830161860523,0.6249888428815873,0.8124734286861657,0.03712022537807985,-4.591616459298871,-0.362424921353085,-0.3621193502955833,2.8917717273993295,-0.37132793614661797,0.3624202518874014,-0.03974958916985733,-1.8051170320691745,0.03744113921682758,-4.591616459298871,-0.362424921353085,-0.3621193502955833,2.8917717273993295,-0.37132793614661797,0.3624202518874014,1.758510466832089,1.8449043330903006,3.4929862352741434,3.4143906716121752,0.9316594506686899,0.9440067384717292
1.4784004235603254,0.42951266932142623,0.6127894789242775,0.8243801454394362,0.036286305667959956,-5.144032900694928,-0.3447840486163984,-0.6504798796707416,2.7409217781047963,-0.38323480630744505,0.35052342075725945,-0.04358300804581159,-1.728351685874569,0.0373130390628127,-5.144032900694928,-0.3447840486163984,-0.6504798796707416,2.7409217781047963,-0.38323480630744505,0.35052342075725945,1.5942439327746538,1.6806386279118712,3.657252659567022,3.5786572978337627,0.9243623759930676,0.9423113386952606
1.5112537663061105,0.5195611119368896,0.6001989344805445,0.8358960115219993,0.035323113068996874,-5.656052203335567,-0.32561635563092056,-0.9567616100796393,2.571923102122671,-0.394562114829919,0.3291529823211994,-0.04741644148853601,-1.6363198678479085,0.037184921976058244,-5.656052203335567,-0.32561635563092056,-0.9567616100796393,2.571923102122671,-0.394562114829919,0.3291529823211994,1.4299774164530836,1.5163731923553314,3.8215190904335485,3.7429239209674736,0.9156809756764365,0.9407349022224267
1.5441071090518954,0.6040573831267284,0.5872362500875353,0.846709787265995,0.034198031187567784,-6.124052773688888,-0.3051034968429545,-1.2730389773163664,2.386102880498435,-0.405259700565095,0.29772016521924377,-0.05124989557491265,-1.529021584584768,0.037056783977621945,-6.124052773688888,-0.3051034968429545,-1.2730389773163664,2.386102880498435,-0.405259700565095,0.29772016521924377,1.265710923774658,1.3521081314231342,3.9857855235631674,3.907190539664053,0.9052810473154743,0.9392602872876885
1.5769604517976805,0.6824488388864485,0.5739221142438161,0.8564908898962744,0.032873397542706136,-6.545420937013808,-0.28342045094016866,-1.590876330334231,2.184907275731159,-0.4152833703198141,0.2558965793687254,-0.05508337861542975,-1.406456845389138,0.03692861941211338,-6.545420937013808,-0.28342045094016866,-1.590876330334231,2.184907275731159,-0.4152833703198141,0.2558965793687254,1.1014444635260494,1.1878435587768434,4.150051954716317,4.071457152216669,0.8927463496508853,0.9378726262298815
1.6098137945434654,0.7542303464838036,0.5602786673420745,0.864897947925749,0.03130740305338288,-6.91847929947273,-0.2607253615923568,-1.9015502940744784,1.9698683182720071,-0.4245946795357164,0.20363097402209804,-0.0589169012984271,-1.2686256625481727,0.036800420859792425,-6.91847929947273,-0.2607253615923568,-1.9015502940744784,1.9698683182720071,-0.4245946795357164,0.20363097402209804,0.9371780497871557,1.023579511973648,4.314318379459988,4.235723756354628,0.8775645537428215,0.9365589506754421
1.6426671372892505,0.818947105508057,0.5463293128072508,0.871587906108955,0.029455917913473444,-7.242355837685133,-0.23715009436417658,-2.196261503733594,1.7425731465668113,-0.43316037920262884,0.1411586904625208,-0.06275047480748366,-1.1155280497045348,0.03667218047974559,-7.242355837685133,-0.23715009436417658,-2.196261503733594,1.7425731465668113,-0.43316037920262884,0.1411586904625208,0.7729117075009445,0.8593157907047803,4.478584792876072,4.399990348889437,0.8591172718989192,0.9353078710747195
1.6755204800350354,0.8761964583518176,0.5320985464054127,0.8762254409482663,0.02727558048862027,-7.516798404439098,-0.21279194381295854,-2.4663287491992563,1.5046375479444047,-0.44095155253497037,0.06900415852098771,-0.06658410505241875,-0.947164016614732,0.03654389410278374,-7.516798404439098,-0.21279194381295854,-2.4663287491992563,1.5046375479444047,-0.44095155253497037,0.06900415852098771,0.6086454740541166,0.6950525752028335,4.642851183305659,4.564256926060569,0.8366812806501649,0.9341093027956275
1.7083738227808205,0.9256288314226127,0.5176118139156953,0.8784924582190407,0.02472840116042844,-7.741939601348736,-0.18770680424294944,-2.7033638163964295,1.2576855936123974,-0.4479424791985993,-0.01202298520023881,-0.07041780107846672,-0.7635335784497707,0.036415555083491126,-7.741939601348736,-0.18770680424294944,-2.7033638163964295,1.2576855936123974,-0.4479424791985993,-0.01202298520023881,0.4443794239614147,0.5307902075475249,4.807117534455246,4.7285234821907665,0.8094533051251482,0.9329542313711208
1.7412271655266056,0.966948007295997,0.5028954061161871,0.8780974629654296,0.0217878715397658,-7.918020278589675,-0.1619041381978171,-2.899427087908682,1.0033369983721212,-0.45410927517410893,-0.10083752322686423,-0.07425157790089346,-0.564636760570426,0.036287152206860476,-7.918020278589675,-0.1619041381978171,-2.899427087908682,1.0033369983721212,-0.45410927517410893,-0.10083752322686423,0.2801137429012566,0.36652952661804356,4.971383819755613,4.892790008144706,0.7766176505018613,0.9318345101492511
1.7740805082723905,0.9999109815930434,0.4879763984548521,0.8747846132532212,0.01844607542110613,-8.045081163147442,-0.13534404665059135,-3.0471686139467966,0.7432035642915388,-0.45942836731828274,-0.1960933951123416,-0.07808546530658228,-0.3504736129719545,0.03615866324158923,-8.045081163147442,-0.13534404665059135,-3.0471686139467966,0.7432035642915388,-0.45942836731828274,-0.1960933951123416,0.11584917189264543,0.20227387672735925,5.135649987813304,5.057056487857794,0.7374820150737387,0.9307426843321926
1.8069338510181756,1.0243277030206024,0.4728826408362082,0.8683422897334107,0.014720600125764833,-8.46691906805041,-0.11251177124619774,-2.8572477228240665,0.47889575542099727,-0.46387487167149616,-0.2962030699905345,-0.0819195527473654,-0.12104428213690646,0.03603002261258472,-8.46691906805041,-0.11251177124619774,-2.8572477228240665,0.47889575542099727,-0.46387487167149616,-0.2962030699905345,0.26409163435058575,0.1710440394347104,5.299915911903679,5.221322889074339,0.6917035429119266,0.9296718361185599
1.8397871937639605,1.04006102941295,0.45764280068602753,0.8586110287526577,0.010659344727423877,-9.004091033427137,-0.08788836721596512,-2.4758108811467223,0.20072916127751456,-0.46757125945518285,-0.39007320873808726,-0.0815837104482122,0.11329956723154924,0.038849506634525605,-9.004091033427137,-0.08788836721596512,-2.4758108811467223,0.20072916127751456,-0.46757125945518285,-0.39007320873808726,0.428356056272833,0.33530171761008076,5.464181087556148,5.385589130943548,0.6395964721696976,0.9286154463349532
1.8726405365097456,1.0466556533474742,0.44228152184106806,0.845795819930037,0.006363560167175062,-9.455003517657852,-0.05983985610693458,-2.049765034289098,-0.09508532755791678,-0.47045868610669633,-0.47141187219014447,-0.08124768668978637,0.3476436330841111,0.041669083919388276,-9.455003517657852,-0.05983985610693458,-2.049765034289098,-0.09508532755791678,-0.47045868610669633,-0.47141187219014447,0.5926215902138743,0.4995643973014906,5.589963008136745,5.549854889652055,0.5824342613068845,0.9275672685434041
1.9054938792555305,1.0435317824911188,0.4268253813786731,0.8303083641185418,0.001937868601781431,-9.505346826309337,-0.027561324824162,-1.8250498425514703,-0.40571379878613323,-0.47242462540923597,-0.5387535054099699,-0.08001745041662865,0.5810936294997403,0.04385654672797693,-9.505346826309337,-0.027561324824162,-1.8250498425514703,-0.40571379878613323,-0.47242462540923597,-0.5387535054099699,0.7568874970491186,0.6638287185461353,5.425697789642939,5.567763653057045,0.5226708777345381,0.9265209869061475
1.9383472220013156,1.0302027280029034,0.41130465323855436,0.8126085105498148,-0.0024501906803857053,-9.351253935705518,0.005484485764854614,-1.6450863557848292,-0.7179962159884339,-0.47333010706021206,-0.5987124934154542,-0.07455448687427924,0.803509951963778,0.04305152344919845,-9.351253935705518,0.005484485764854614,-1.6450863557848292,-0.7179962159884339,-0.47333010706021206,-0.5987124934154542,0.9211535922770333,0.8280938364123591,5.261431821212849,5.4034979305172195,0.46366360541685453,0.9254699842329658
1.9712005647471005,1.0066141522288587,0.3957541769994061,0.7929388037974532,-0.006445357195115092,-9.132520446708016,0.036923341763360505,-1.4012256391794904,-1.0252161666410384,-0.47314992336959494,-0.6527590793084674,-0.0690914949104901,1.0106598580255828,0.04224651218606072,-9.132520446708016,0.036923341763360505,-1.4012256391794904,-1.0252161666410384,-0.47314992336959494,-0.6527590793084674,1.0854198021306405,0.9923594113705684,5.097165606422196,5.239231725204979,0.40878954258807976,0.924407213904118
2.0040539074928856,0.9729323741176809,0.38020962039680295,0.771493486034509,-0.009990146507095453,-8.84834702473386,0.06693498348724425,-1.1028741659944978,-1.3252499910096267,-0.47193686816732355,-0.6987940254966127,-0.06362848797510715,1.2025433174607614,0.041441511196442286,-8.84834702473386,0.06693498348724425,-1.1028741659944978,-1.3252499910096267,-0.47193686816732355,-0.6987940254966127,1.2496860895716293,1.1566252739266916,4.932899270937628,5.0749653612167425,0.360411118109377,0.9233252552537382
2.0369072502386705,0.9293934819391931,0.3647049167125295,0.7485357664061618,-0.013062910710908872,-8.497521813254304,0.09563155208871374,-0.7604291740815075,-1.6159477685468553,-0.46973783021313364,-0.7350271284775016,-0.05816547183007262,1.379160315293505,0.04063651765448828,-8.497521813254304,0.09563155208871374,-0.7604291740815075,-1.6159477685468553,-0.46973783021313364,-0.7350271284775016,1.4139524332008455,1.3208913284313033,4.76863286489325,4.910698919739722,0.31948712284086345,0.9222162282366092
2.069760592984456,0.8763041960398368,0.3492724587758761,0.7243876682268402,-0.015671496377083163,-8.078870701081684,0.12305727462496936,-0.3851153551329552,-1.8951197651674836,-0.46659601405505174,-0.7600097687674954,-0.052702449790675274,1.5405108423187137,0.03983152944392953,-8.078870701081684,0.12305727462496936,-0.3851153551329552,-1.8951197651674836,-0.46659601405505174,-0.7600097687674954,1.578218819399694,1.4851575165680824,4.604366413286427,4.746432433429016,0.2858321493258122,0.9210715951577998
2.1026139357302407,0.8140431768504779,0.33394322000230836,0.6994188068033769,-0.01784459722999668,-7.59167305100137,0.14919167635456013,0.011200552994571981,-2.1605376733090007,-0.46255317123443546,-0.7726620955263429,-0.04723942395575993,1.686594892342163,0.0390265450569406,-7.59167305100137,0.14919167635456013,0.011200552994571981,-2.1605376733090007,-0.46255317123443546,-0.7726620955263429,1.7424852388645353,1.6494238008154118,4.440099930371385,4.582165918815665,0.25861006926464797,0.9198819322846312
2.1354672784760256,0.7430622921540764,0.31874680212959366,0.6740342741523734,-0.019623178276187325,-7.036029570268223,0.1739557038326708,0.4162290008921739,-2.4099495100674884,-0.4576517259563409,-0.7722941199198697,-0.04177639571564528,1.817412460972857,0.03822156341182301,-7.036029570268223,0.1739557038326708,0.4162290008921739,-2.4099495100674884,-0.4576517259563409,-0.7722941199198697,1.9067516848852275,1.8136901560232896,4.275833425050826,4.41789938557882,0.23675578093819838,0.9186366606313396
2.1683206212218105,0.6638873948997925,0.30371141311854993,0.6486618307300914,-0.021053366352283918,-6.4131693931563545,0.197220199521143,0.8175157051468969,-2.641106601108989,-0.45193669959574195,-0.7586196058928234,-0.03631336601417192,1.9329635449917861,0.03741658371702933,-6.4131693931563545,0.197220199521143,0.8175157051468969,-2.641106601108989,-0.45193669959574195,-0.7586196058928234,2.071018152408699,1.9779565647635289,4.111566903266586,4.253632840038266,0.21922799254982692,0.9173237223032855
2.201173963967596,0.5771182145054037,0.28886378182733213,0.6237386408040222,-0.02218129687339322,-5.725684480813471,0.21881620297364232,1.2027371911546911,-2.8518006532691325,-0.44545735678448173,-0.73176148223157,-0.03085033549887157,2.033248141987168,0.03661160537808563,-5.725684480813471,0.21881620297364232,1.2027371911546911,-2.8518006532691325,-0.44545735678448173,-0.73176148223157,2.2352846387013905,2.142223013086473,3.947300370044198,4.089366286012162,0.20512155064646892,0.9159291849118869
2.2340273067133807,0.4834270302008993,0.2742290186062601,0.5996978300201047,-0.02304981355561222,-4.977681359390176,0.23854655993141735,1.5600265874965904,-3.03990852797152,-0.4382685130698574,-0.692247545057462,-0.02538730458472997,2.118266250140321,0.03580662800459433,-4.977681359390176,0.23854655993141735,1.5600265874965904,-3.03990852797152,-0.4382685130698574,-0.692247545057462,2.399551141219708,2.3064894915236676,3.7830338291122865,3.9250997264192438,0.19369639051685714,0.9144367513612315
2.2668806494591656,0.38355587341561614,0.2598304329316905,0.5769551841574037,-0.02369664050531682,-4.1748431432854245,0.25619830263849225,1.8783174877459192,-3.2034419997508703,-0.43043146117560266,-0.640995456885899,-0.019924273544655605,2.1880178680661024,0.03500165133321393,-4.1748431432854245,0.25619830263849225,1.8783174877459192,-3.2034419997508703,-0.43043146117560266,-0.640995456885899,2.5638176576286513,2.4707559933259162,3.6187672834107154,3.760833163625763,0.18436714350202354,0.912827145279539
2.299733992204951,0.2783120954315578,0.2456893206091194,0.5558963407138402,-0.024153586830381466,-3.3243986933269545,0.2715552350214107,2.147689912251494,-3.340599552447117,-0.42201449052813195,-0.5792864486755802,-0.01446124256232353,2.2425029947137185,0.0341966751825361,-3.3243986933269545,0.2715552350214107,2.147689912251494,-3.340599552447117,-0.42201449052813195,-0.5792864486755802,2.7280841857982443,2.635022513484513,3.4545007353985855,3.5965665996633787,0.17667874010350051,0.9110773328727994
2.332587334950736,0.16856223335859669,0.23182473390811084,0.5368648444675127,-0.02444639784482139,-2.43500043271024,0.28441013105843926,2.3597000687252563,-3.4498171621426272,-0.41309299331756133,-0.5087276558767168,-0.008998211764454811,2.281721629302578,0.03339169942546185,-2.43500043271024,0.28441013105843926,2.3597000687252563,-3.4498171621426272,-0.41309299331756133,-0.5087276558767168,2.8923507237856136,2.7992890481498214,3.290234187256399,3.432300036377345,0.17028016227460213,0.9091595291387656
2.3654406776965207,0.05522420772043355,0.2182532482127667,0.5201514404247352,-0.024594959757404056,-1.5165174549543476,0.2945759493767017,2.507674920248341,-3.5298150659445917,-0.40374916980152487,-0.43120362074163326,-0.003535181241257389,2.305673771280211,0.03258672397172102,-1.5165174549543476,0.2945759493767017,2.507674920248341,-3.5298150659445917,-0.40374916980152487,-0.43120362074163326,3.0566172698083385,2.963555594265934,3.125967641031091,3.2680334755367695,0.16490118008624294,0.9070399190309316
2.3982940204423056,-0.060742016470279867,0.20498873835395107,0.5059849600792868,-0.024613656237043667,-0.5797556788983264,0.3018954934699657,2.5869535894419236,-3.5796377336721723,-0.39407136517198704,-0.34881811709170524,0.0019278489401942818,2.3143594202952245,0.031781748756526326,-0.5797556788983264,0.3018954934699657,2.5869535894419236,-3.5796377336721723,-0.39407136517198704,-0.34881811709170524,3.2208838222124396,3.127822149329279,2.9617010987515138,3.103766918925659,0.16033339255384693,0.904677000781676
2.431147363188091,-0.17834508184035683,0.19204217672765636,0.4945251189225337,-0.02451174942060768,0.3638785313857144,0.30624901116373904,2.5950602818722337,-3.5986846456998345,-0.3841530890516104,-0.26382804415033073,0.007390878726876642,2.307778576181415,0.030976773733068497,0.3638785313857144,0.30624901116373904,2.5950602818722337,-3.5986846456998345,-0.3841530890516104,-0.26382804415033073,3.3851503794365674,3.292088711221037,2.7974345625320285,2.939500368427206,0.15641541753348007,0.9020194272647644
2.4640007059338758,-0.29657390193952743,0.17942146362619174,0.48585748576211285,-0.02429371224877497,1.3027511075357752,0.3075593294453783,2.531797473256021,-3.586730019590387,-0.37409178532229037,-0.17857163926400854,0.012853908073347483,2.285931238950964,0.030171798867492963,1.3027511075357752,0.3075593294453783,2.531797473256021,-3.586730019590387,-0.37409178532229037,-0.17857163926400854,3.549416939972434,3.4563552780843283,2.6331680346775714,2.7752338261111413,0.15302157748804127,0.8990031797726393
2.4968540486796607,-0.41440997260972656,0.1671312979846159,0.47999081049269576,-0.02395947696197734,2.225386728229898,0.30579425644858066,2.3992532091105447,-3.543930290942063,-0.36398743325735755,-0.09539362911221581,0.01831693693679908,2.248817408795883,0.029366824135534975,2.225386728229898,0.30579425644858066,2.3992532091105447,-3.543930290942063,-0.36398743325735755,-0.09539362911221581,3.713683502319406,3.620621848227426,2.468901517801415,2.6109672943324567,0.15005335199720743,0.8955478986619735
2.5297073914254455,-0.5308399291252158,0.15517309408465338,0.4768568108997079,-0.02350459152756023,3.120845385528928,0.3009661417284058,2.201722041872384,-3.4708188980176047,-0.3539410697405599,-0.01657014109938229,0.02377996527286268,2.196437086097791,0.028561849520311527,3.120845385528928,0.3009661417284058,2.201722041872384,-3.4708188980176047,-0.3539410697405599,-0.01657014109938229,3.8779500649310585,3.7848884200413306,2.304635014970416,2.446700775852656,0.14743294991509343,0.8915518618872761
2.562560734171231,-0.644867931990336,0.14354494680865695,0.4763124263748239,-0.022920297143702004,3.979066154028526,0.2931286565117001,1.9455448496339605,-3.3682886949102215,-0.3440533259314801,0.05576378777320097,0.029242993031528684,2.1287902714470386,0.02775687501098342,3.979066154028526,0.2931286565117001,1.9455448496339605,-3.3682886949102215,-0.3440533259314801,0.05576378777320097,4.042216626148601,3.949154991921904,2.1403685298969837,2.2824342739977017,0.14509847772070508,0.886885685597609
2.5954140769170158,-0.7555274749509744,0.13224164496900276,0.47814445320734017,-0.022193560718624893,4.791157491718672,0.28237102363853234,1.6388780084507657,-3.2375630707437697,-0.33442306971048974,0.11968143954552243,0.03470602015253888,2.0458769656733202,0.026951900602161762,4.791157491718672,0.28237102363853234,1.6388780084507657,-3.2375630707437697,-0.33442306971048974,0.11968143954552243,4.206483184112617,4.113421562187076,1.9761020672067997,2.1181677928733014,0.1430002996487876,0.8813838503201004
2.6282674196628006,-0.8618922441752157,0.12125472923770647,0.48207638856103824,-0.021307120680510938,5.549616972550451,0.26881007923220934,1.2914066433518276,-3.0801575315193004,-0.32514623768941486,0.1735240604756852,0.0401690465594333,1.9476971698914827,0.02614692629408587,5.549616972550451,0.26881007923220934,1.2914066433518276,-3.0801575315193004,-0.32514623768941486,0.1735240604756852,4.370749736638639,4.277688128977856,1.8118356328298917,1.9539013376699494,0.1410982846997379,0.8748337560377137
2.661120762408586,-0.9630857152692304,0.11057258844839364,0.48777723399448636,-0.020239636120674535,6.248467895351462,0.2525806737199222,0.9140195773629151,-2.8978340630122745,-0.3163149280228775,0.2159510855539067,0.04563207215100712,1.8342508855686972,0.025341952093796638,6.248467895351462,0.2525806737199222,0.9140195773629151,-2.8978340630122745,-0.3163149280228775,0.2159510855539067,4.535016281030954,4.441954690126907,1.647569234598062,1.789634915111394,0.13935971358777138,0.8669617585760144
2.693974105154371,-1.0582892509617834,0.10018058570244973,0.49487194902451326,-0.01896606994057173,6.8833052922789975,0.23382501112801232,0.5184648820234455,-2.692551005610259,-0.3080168085781956,0.2459796840053683,0.05109509678803425,1.7055381146233135,0.02453697801785715,6.8833052922789975,0.23382501112801232,0.5184648820234455,-2.692551005610259,-0.3080168085781956,0.2459796840053683,4.699282813786824,4.606221242967963,1.4833028832025652,1.6253685341402633,0.13775767772689979,0.857415904148092
2.7268274479001557,-1.1467485520096052,0.0900612039187674,0.5029532038916417,-0.017458484593564912,7.451249004936068,0.2126815794592057,0.11700450588847103,-2.466411417619141,-0.30033487534507003,0.26301298847613774,0.05655812027122548,1.5615588595731944,0.023732004097814126,7.451249004936068,0.2126815794592057,0.11700450588847103,-2.466411417619141,-0.30033487534507003,0.26301298847613774,4.863549330095649,4.7704877840376,1.319036593817707,1.4611022070142625,0.13626984624809402,0.8457457530172019
2.7596807906459406,-1.2277784116647645,0.08019419932054318,0.5115940597486415,-0.015687475253345188,7.950806270288152,0.1892743432613436,-0.27791563476181447,-2.2216129801757867,-0.2933475745193818,0.26685697761089305,0.06202114230222568,1.4023131237658077,0.02292703039099474,7.950806270288152,0.1892743432613436,-0.27791563476181447,-2.2216129801757867,-0.2933475745193818,0.26685697761089305,5.02781582292647,4.934754308573581,1.1547703890499086,1.2968359511565928,0.13487750935555556,0.83138126331705
2.792534133391726,-1.3007658243509646,0.07055675091121322,0.5203612034981966,-0.013624488531106097,8.381650308549661,0.16370285939456727,-0.65396730364711,-1.9604024166726732,-0.28712927964723356,0.25772652000765095,0.06748416240953878,1.2278009117526905,0.022122057002601617,8.381650308549661,0.16370285939456727,-0.65396730364711,-1.9604024166726732,-0.28712927964723356,0.25772652000765095,5.192082281208151,5.099020809603324,0.9905043047919528,1.1325697925011944,0.13356483001020122,0.8136159235973037
2.825387476137511,-1.365171596865577,0.061123594274612295,0.5288283811946864,-0.011245236459729632,8.744324507130438,0.13603395138214852,-0.9992053421568663,-1.6850371863105764,-0.2817510934990788,0.23624150803639574,0.07294717979505454,1.0380222299411155,0.021317084134102472,8.744324507130438,0.13603395138214852,-0.9992053421568663,-1.6850371863105764,-0.2817510934990788,0.23624150803639574,5.356348685739632,5.263287276127939,0.8262384033244558,0.968303772107046,0.13231825325668106,0.7916051297064535
2.8582408188832957,-1.4205307010868315,0.051867129030887325,0.5365897044289875,-0.008534259256701999,9.03988388663102,0.106295555549636,-1.3022945427800887,-1.3977568961974525,-0.27728192346925756,0.20341427245709695,0.0784101929770203,0.8329770878410577,0.020512112200831507,9.03988388663102,0.106295555549636,-1.3022945427800887,-1.3977568961974525,-0.27728192346925756,0.20341427245709695,5.520614998288769,5.427553689042877,0.6619728081431067,0.8040379609244861,0.13112603519715066,0.7643998002233139
2.891094161629081,-1.4664516874728912,0.042757490961941265,0.5432725432414051,-0.005490358430486802,9.269486748499657,0.07447335812323469,-1.5527019902860872,-1.1007664924878642,-0.27378975915043174,0.16062954348717748,0.08387319880841047,0.6126655008124946,0.01970714216706543,9.269486748499657,0.07447335812323469,-1.5527019902860872,-1.1007664924878642,-0.27378975915043174,0.16062954348717748,5.684881123445014,5.591820010266924,0.4977078256992331,0.6397724990201292,0.12997786291922933,0.7310458013423814
2.923947504374866,-1.5026155463336706,0.03376258216428619,0.5485497606886884,-0.002132097613014144,9.4339502440526,0.04051090416228408,-1.7408651853659423,-0.7962328672618926,-0.27134306039057954,0.10961809281824623,0.0893361889443535,0.3770874976915409,0.01890217678849779,9.4339502440526,0.04051090416228408,-1.7408651853659423,-0.7962328672618926,-0.27134306039057954,0.10961809281824623,5.849146679754887,5.756086144704632,0.333444675709,0.47550773275261005,0.12886454352415505,0.6907840649276895
2.956800847120651,-1.5287744576272848,0.024848055599584223,0.5521510814631857,0.0014980513134345743,9.643737473684947,0.00436397219281245,-1.7662243491514737,-0.4862960664473502,-0.27001214177119437,0.052424852209214515,0.0947991280947636,0.12624315477330492,0.01809722846327004,9.643737473684947,0.00436397219281245,-1.7662243491514737,-0.4862960664473502,-0.27001214177119437,0.052424852209214515,5.9561967589789635,5.920351712040349,0.37023253885920676,0.3112450382975304,0.1277777454398576,0.6433656292906051
2.9896541898664357,-1.5447509089742066,0.01597725416045167,0.5538734131012124,0.005332781871361626,9.713793796466982,-0.03476784590762028,-1.7759844199997408,-0.1694670538740078,-0.2698687706970108,-0.005601521699409902,0.09426142868821699,-0.13386681774397166,0.01965501155651145,9.713793796466982,-0.03476784590762028,-1.7759844199997408,-0.1694670538740078,-0.2698687706970108,-0.005601521699409902,5.791931179976134,5.902195069070393,0.5344955360569416,0.37710727207108563,0.12670977892673493,0.5894255109445127
3.022507532612221,-1.550318468179248,0.007111162940359098,0.5536893843889239,0.009181948345279582,9.67830471896907,-0.07395771720464628,-1.7335376957046607,0.14966354308320204,-0.2710110106551465,-0.06394854656083572,0.08804271021453362,-0.38439152656218717,0.02042910817650875,9.67830471896907,-0.07395771720464628,-1.7335376957046607,0.14966354308320204,-0.2710110106551465,-0.06394854656083572,5.627665032181725,5.7379294944351535,0.69876037260278,0.5413698054379732,0.12565340544668135,0.5307433081878423
3.055360875358006,-1.545401520501787,-0.001792454680576032,0.5515884608706662,0.012739712762816205,9.575414678064632,-0.11095127327531511,-1.6122345582399336,0.4676282052136412,-0.27344076888716656,-0.12090105464055945,0.08182392491106089,-0.6196499075409695,0.02120323321497245,9.575414678064632,-0.11095127327531511,-1.6122345582399336,0.4676282052136412,-0.27344076888716656,-0.12090105464055945,5.463398697092087,5.573663352751902,0.8630258322680304,0.7056344168977482,0.12460158063923533,0.47019106733263555
3.088214218103791,-1.530038370798307,-0.010775897981497104,0.547616457084233,0.015938534552959148,9.406373811743503,-0.1458247543853438,-1.4193468869253034,0.782212585565119,-0.2770858890961617,-0.17386834916901542,0.0756051154064343,-0.8396418803928007,0.02197736900960559,9.406373811743503,-0.1458247543853438,-1.4193468869253034,0.782212585565119,-0.2770858890961617,-0.17386834916901542,5.29913227008887,5.4093970243296745,1.0272916106479966,0.8698997331531326,0.12354735509938589,0.41113284164502595
3.121067560849576,-1.5043400726246694,-0.01987909566599388,0.5419043006163397,0.018738845457443903,9.171140329381549,-0.17860902333129539,-1.1634720745964673,1.0912434083973044,-0.2818767197328033,-0.22049863892033553,0.06938629287418942,-1.0443674148627986,0.02275151077604986,9.171140329381549,-0.17860902333129539,-1.1634720745964673,1.0912434083973044,-0.2818767197328033,-0.22049863892033553,5.134865789336219,5.245130604245836,1.1915575850293982,1.034165409380428,0.12248374849113004,0.3565618293019221
3.153920903595361,-1.4684890789095142,-0.029139688151433245,0.5346601832569109,0.021129158781320222,8.86886318612869,-0.20928392469996207,-0.8543535971962914,1.392546025008168,-0.28774462319379623,-0.258722585762203,0.06316746200493438,-1.2338264946547663,0.023525656443587006,8.86886318612869,-0.20928392469996207,-0.8543535971962914,1.392546025008168,-0.28774462319379623,-0.258722585762203,4.970599273939899,5.0808641305472015,1.3558236929607754,1.19843130599883,0.12140359314301939,0.3084455944162099
3.186774246341146,-1.4227392870606403,-0.03859306088047579,0.5261602814707896,0.02312155668545824,8.498356844954953,-0.2377779046995147,-0.5027174221505524,1.6839178270275286,-0.2946202997031471,-0.2867909573169872,0.05694862525714615,-1.4080191094944943,0.024299804897338774,8.498356844954953,-0.2377779046995147,-0.5027174221505524,1.6839178270275286,-0.2946202997031471,-0.2867909573169872,4.806332734856683,4.9165976222904835,1.5200898977667996,1.3626973517750451,0.12029937071263448,0.2675549237705374
3.219627589086931,-1.3674169575335675,-0.04827232256648918,0.5167382398536629,0.02474479351132906,8.058552773477523,-0.2639720249821728,-0.12010083684437457,1.9631172572308215,-0.30243209870361487,-0.303306905091177,0.0507297840981738,-1.5669452523122995,0.02507395545704421,8.058552773477523,-0.2639720249821728,-0.12010083684437457,1.9631172572308215,-0.30243209870361487,-0.303306905091177,4.64206617899038,4.7523310904155815,1.684356175740724,1.526963504891344,0.11916303616903014,0.23370299569162084
3.252480931832716,-1.3029219934315979,-0.058208227962526116,0.5067735941435392,0.026037104814164824,7.54891353789061,-0.2877075296802221,0.28134355658096816,2.2278676535328747,-0.3111044621156531,-0.30725261904808104,0.04451093948079402,-1.7106049179755038,0.02584810767364596,7.54891353789061,-0.2877075296802221,0.28134355658096816,2.2278676535328747,-0.3111044621156531,-0.30725261904808104,4.477799611016031,4.588064541825952,1.8486225105019432,1.6912297384143784,0.1179858226590467,0.20613750533916225
3.285334274578501,-1.2297290938178345,-0.06842904948615475,0.49667931854041253,0.027040090496729417,6.969795831136255,-0.3087961457322544,0.6890792625396829,2.475874697351492,-0.3205566161987805,-0.2980095427544085,0.03829209206082187,-1.8389981026268176,0.026622261234827676,6.969795831136255,-0.3087961457322544,0.6890792625396829,2.475874697351492,-0.3205566161987805,-0.2980095427544085,4.313533034295275,4.423797981204175,2.012888890179297,1.8554960338401552,0.11675801995368143,0.18388329030630884
3.318187617324286,-1.1483883337901293,-0.07896040586756234,0.4868887088907873,0.0277942426987151,6.322749378832149,-0.32703231282039846,1.0904566239865296,2.7048557886599545,-0.3307016018130996,-0.27537098556317974,0.03207324230927176,-1.9521248033016003,0.027396415915529725,6.322749378832149,-0.32703231282039846,1.0904566239865296,2.7048557886599545,-0.3307016018130996,-0.27537098556317974,4.149266451379104,4.259531411921665,2.1771553058593467,2.0197623778430867,0.11546871809527273,0.16596255762350126
3.351040960070071,-1.0595247794873632,-0.0898250589385082,0.47784185151983555,0.028336106574544377,5.610739894444465,-0.34220654594953687,1.4730203634872872,2.912579241098426,-0.34144570647513495,-0.23954584034593884,0.025854390575582867,-2.049985017689523,0.02817057154969259,5.610739894444465,-0.34220654594953687,1.4730203634872872,2.912579241098426,-0.34144570647513495,-0.23954584034593884,3.984999864305317,4.095264836537054,2.341421750660804,2.1840287604736575,0.11410550660329916,0.15150442871997818
3.383894302815856,-0.9638368154052982,-0.10104269176241251,0.4699719699236233,0.02869676010657146,4.8382864016699605,-0.3541191334893541,1.8248456417899739,3.09691080190806,-0.35268833541906625,-0.19115219747277037,0.01963553712580489,-2.1325787439781045,0.028944728013101915,4.8382864016699605,-0.3541191334893541,1.8248456417899739,3.09691080190806,-0.35268833541906625,-0.19115219747277037,3.820733274786814,3.9309982570895285,2.505688219145968,2.348295174080876,0.11265411822634956,0.13978190274804544
3.416747645561641,-0.8620929433770887,-0.11262968252837546,0.4636919812634404,0.028901214359887153,4.011506418397944,-0.3625933769975032,2.1348894876215554,3.255864683364394,-0.36432233268443237,-0.13119991814489257,0.013416682166982205,-2.199905980746147,0.02971888521254058,4.011506418397944,-0.3625933769975032,2.1348894876215554,3.255864683364394,-0.36432233268443237,-0.13119991814489257,3.65646668433938,3.7667316752824918,2.6699547069266067,2.512561612627917,0.1110980049398853,0.13021026824139073
3.449600988307426,-0.7551269050006216,-0.12459888899400103,0.4593816253844073,0.02896837318629838,3.1380666341907992,-0.36748760071703246,2.3933408510634155,3.387656078654938,-0.376234737176283,-0.06106166208368846,0.007197825863496017,-2.2519667268894694,0.0304930430787904,3.1380666341907992,-0.36748760071703246,2.3933408510634155,3.387656078654938,-0.376234737176283,-0.06106166208368846,3.4922000943755314,3.602465092605367,2.8342212103884252,2.676828071235172,0.10941783306599516,0.12232910695163415
3.4824543310532112,-0.6438310787437289,-0.13695945776732377,0.45737554567134453,0.02891127587512444,2.227041580634059,-0.36870521153356745,2.591950451555253,3.49075205734712,-0.38830793327746577,0.017567585203786523,0.0009789683485419542,-2.288760981568663,0.03126720156215479,2.227041580634059,-0.36870521153356745,2.591950451555253,3.49075205734712,-0.38830793327746577,0.017567585203786523,3.3279335062803366,3.4381985104191783,2.998487726490863,2.8410945458613646,0.10759088474588095,0.11577989799674951
3.515307673798996,-0.5291482049631498,-0.14971667139019576,0.4579526995692603,0.028737433747516646,1.2886880295113046,-0.36620218299207336,2.7243212035083197,3.5639178177048056,-0.4004211319641352,0.10272182176882326,-0.005239890267376685,-2.310288744172667,0.03204136062977053,1.2886880295113046,-0.36620218299207336,2.7243212035083197,3.5639178177048056,-0.4004211319641352,0.10272182176882326,3.1636669214798347,3.2739319300204546,3.1627542526158656,3.005361033071175,0.10559035579420772,0.11028477381407378
3.548161016544781,-0.4120615913802837,-0.16287184408126867,0.46132745478730286,0.028449143527258785,0.3341480111576179,-0.3599914719254444,2.7861413520939635,3.6062555272307306,-0.41245209779622843,0.1922248800172914,-0.01145874988973611,-2.316550014294321,0.03281552026432679,0.3341480111576179,-0.3599914719254444,2.7861413520939635,3.6062555272307306,-0.41245209779622843,0.1922248800172914,2.9994003415105044,3.109665352692146,3.327020786448492,3.1696275298575816,0.10338454735952719,0.10562846732055292
3.581014359290566,-0.2935840425152909,-0.1764222742163862,0.46764268465477826,0.028043712768697982,-0.6249020513322602,-0.35014404889093026,2.7753454335708776,3.617233406369114,-0.4242790210089547,0.2837589367958391,-0.01767761043420201,-2.3075447917156264,0.03358968046404594,-0.6249020513322602,-0.35014404889093026,2.7753454335708776,3.617233406369114,-0.4242790210089547,0.2837589367958391,2.835133768097997,2.945398779746979,3.49128732587726,3.333894033497724,0.10093596431156725,0.10164380347522264
3.613867702036351,-0.17474583362434298,-0.1903612583134395,0.4769651142625115,0.027513568921460202,-1.5766349932348558,-0.33678642364893185,2.6921925305170897,3.5967032850941516,-0.4357824234575653,0.3749383115628922,-0.023896471821050987,-2.283273076401502,0.03436384124397623,-1.5766349932348558,-0.33678642364893185,2.6921925305170897,3.5967032850941516,-0.4357824234575653,0.3749383115628922,2.670867203255041,2.781132212566753,3.6555538689047213,3.498160541426582,0.09820036228307767,0.09820039078072834
3.646721044782136,-0.05658210784425395,-0.2046781676338797,0.48928309112081303,0.02684624935419382,-2.5094660031403837,-0.32009475977202007,2.5392566291544667,3.5449055552764084,-0.44684698326583083,0.4633858355056122,-0.030115333969087582,-2.2437348685017406,0.035138002638853305,-2.5094660031403837,-0.32009475977202007,2.5392566291544667,3.5449055552764084,-0.44684698326583083,0.4633858355056122,2.5066006494122854,2.61686565263969,3.8198204135594898,3.662427051114763,0.09516592332051363,0.09519590999572539
3.679574387527921,0.05987988936467921,-0.21935858473003206,0.5045068647982208,0.02602429071883628,-3.4124311663445774,-0.30028588131192213,2.3213297103180675,3.462461208566342,-0.4573631661197507,0.5468089038627304,-0.03633419678818461,-2.188930168361761,0.035912164708059933,-3.4124311663445774,-0.30028588131192213,2.3213297103180675,3.462461208566342,-0.4573631661197507,0.5468089038627304,2.342334109602997,2.4525991015963555,3.984086957799342,3.8266935599349283,0.0919999790110361,0.09254966167248115
3.7124277302737063,0.1736333141936942,-0.2343844935858616,0.52247136513327,0.025025057939827056,-4.2755284638039255,-0.27760566243228685,2.04524397366428,3.3503514378620247,-0.4672285611002114,0.6230723444617835,-0.042553060169218816,-2.1188589765438377,0.03668632754363211,-4.2755284638039255,-0.27760566243228685,2.04524397366428,3.3503514378620247,-0.4672285611002114,0.6230723444617835,2.178067587738442,2.2883325612447774,4.148353499393432,3.990960064999336,0.08868528905543191,0.09019744674713842
3.745281073019491,0.28370355830060895,-0.2497345136443068,0.5429413744212928,0.02382058100490669,-5.090000790199009,-0.25231544331759914,1.7196247682839991,3.209886035821315,-0.47634883507626996,0.6902654457273272,-0.048771923969462075,-2.033521293862054,0.037460491282945624,-5.090000790199009,-0.25231544331759914,1.7196247682839991,3.209886035821315,-0.47634883507626996,0.6902654457273272,2.013801089039221,2.1240660336035053,4.312620035763581,4.15522656293923,0.08523641969352497,0.08808783493788015
3.778134415765276,0.38915904441035576,-0.2653841651896229,0.5656189016953446,0.022377506319446454,-5.848544406017613,-0.22467722171383916,1.3545899051413541,3.0426624952845907,-0.4846382408156377,0.7467608676339024,-0.05499078799015744,-1.9329171214368657,0.03823465612896187,-5.848544406017613,-0.22467722171383916,1.3545899051413541,3.0426624952845907,-0.4846382408156377,0.7467608676339024,1.849534620747749,1.9597995209294685,4.476886563750282,4.31949304957531,0.0817121840562832,0.08617929905147668
3.810987758511061,0.48912067822768585,-0.2813061514228533,0.5901524924288609,0.02065732229104563,-6.545431002280129,-0.19493842356909757,0.9614136890231882,2.8505182613497504,-0.4920196385877732,0.7912636740674914,-0.06120965194040763,-1.8170464607799497,0.03900882238328901,-6.545431002280129,-0.19493842356909757,0.9614136890231882,2.8505182613497504,-0.4920196385877732,0.7912636740674914,1.6852681933804217,1.7955330257348263,4.641153079238648,4.483759519382068,0.07821405404718484,0.08443803142199677
3.8438411012568463,0.5827697316709284,-0.29747064124703465,0.6161481491152891,0.01861708672154892,-7.176536774384784,-0.1633170586846373,0.5521750008282812,2.635478973212954,-0.4984240174316118,0.8228493275134596,-0.06742851537611712,-1.685909313929682,0.039782990502189884,-7.176536774384784,-0.1633170586846373,0.5521750008282812,2.635478973212954,-0.4984240174316118,0.8228493275134596,1.521001820457264,1.6312665521574037,4.805419575553529,4.648025965908304,0.07484617565032656,0.08283627154285877
3.876694444002631,0.6693540256772031,-0.3138455363244465,0.6431815001002275,0.01621096035199709,-7.739277098982782,-0.1299880243216802,0.13940801223489804,2.3997057508363606,-0.5037895287368116,0.8409901220713251,-0.07364737762999801,-1.539505683639688,0.040557161092367004,-7.739277098982782,-0.1299880243216802,0.13940801223489804,2.3997057508363606,-0.5037895287368116,0.8409901220713251,1.356735521767197,1.4670001055602935,4.969686042521058,4.812292379550377,0.07166627829097663,0.08135101737826043
3.909547786748416,0.7481923811984614,-0.33039670638377444,0.6708108368264561,0.013392916953717188,-8.232450148422272,-0.09507124323261537,-0.26422830664647373,2.1454446276988746,-0.5080600698526992,0.8455701412787866,-0.07986623768633908,-1.3778355737075016,0.04133133498812425,-8.232450148422272,-0.09507124323261537,-0.26422830664647373,2.1454446276988746,-0.5080600698526992,0.8455701412787866,1.1924693274698295,1.3027336931290592,5.1339524628250075,4.9765587450172,0.06868265909762317,0.0799630253923717
3.942401129494201,0.8186774088943557,-0.34708817799409264,0.6985906424934899,0.010121013829917593,-8.655996719846318,-0.05862223038636588,-0.6462496224306304,1.8749811213351693,-0.5111834779918882,0.8368893581573915,-0.08608509394858978,-1.2008989895559545,0.042105513367886295,-8.655996719846318,-0.05862223038636588,-0.6462496224306304,1.8749811213351693,-0.5111834779918882,0.8368893581573915,1.0282032858695298,1.1384673248843555,5.298218802336037,5.140825035610211,0.06587918097571795,0.07865602849392793
3.9752544722399863,0.8802768063154564,-0.3638822640025426,0.7260852554173346,0.006363496106515823,-9.0106864888788,-0.020625598600773513,-0.9946074446394167,1.5906026942916676,-0.5131094142192939,0.8156578978123437,-0.09230394375805395,-1.008695939376318,0.04287969791688881,-9.0106864888788,-0.020625598600773513,-0.9946074446394167,1.5906026942916676,-0.5131094142192939,0.8156578978123437,0.8639374794108897,0.9742010155255976,5.462484976311767,5.305091197943145,0.06323340451533736,0.07741611893675232
4.008107814985771,0.9325334218033896,-0.380739623453978,0.7528823438974698,0.0021066776017962465,-9.29774269849358,0.01900803126218379,-1.2979109585862005,1.2945715226977186,-0.5137870340794621,0.7829817185360953,-0.09852278215348337,-0.8012264368262646,0.04365389091811868,-9.29774269849358,0.01900803126218379,-1.2979109585862005,1.2945715226977186,-0.5137870340794621,0.7829817185360953,0.6996720614706483,0.8099347881076477,5.62675064666318,5.469357098387549,0.06072385822533905,0.07623125636865294
4.040961157731556,0.9750644237475106,-0.3976192449829309,0.7786059106602198,-0.002636095030529424,-9.324522184948322,0.05920998977436308,-1.7139654355859224,0.989109595061989,-0.513162556713483,0.7403410049601524,-0.104741596395184,-0.5784905106227776,0.0444280934367109,-9.324522184948322,0.05920998977436308,-1.7139654355859224,0.989109595061989,-0.513162556713483,0.7403410049601524,0.5354073558971382,0.6456686823121922,5.534228656126747,5.63362220107289,0.05833199750482761,0.07509087091374453
4.073814500477341,1.0075599802872268,-0.4144783503429422,0.8029285874449343,-0.00781601915076218,-8.972770531567194,0.09637731822733558,-2.313644036314901,0.6827678717792057,-0.5112173106254515,0.6840315110504193,-0.1049941020171674,-0.3464544879542742,0.04098416176313453,-8.972770531567194,0.09637731822733558,-2.313644036314901,0.6827678717792057,-0.5112173106254515,0.6840315110504193,0.3711442084520265,0.4814027765866846,5.369962928726818,5.470019852424851,0.05604230850307268,0.07398553832342653
4.106667843223126,1.0299911871945993,-0.43127354786649863,0.8254013091263908,-0.012983525518965963,-8.548273707008246,0.128890860430085,-2.832026938263693,0.3879823661263492,-0.5080509935568093,0.6080205705336243,-0.10523113039145812,-0.11440310792512186,0.03752937829417066,-8.548273707008246,0.128890860430085,-2.832026938263693,0.3879823661263492,-0.5080509935568093,0.6080205705336243,0.20688610775014615,0.31713726597051145,5.205696697263189,5.305754738619841,0.053841912434429075,0.072906709516077
4.139521185968912,1.0427377048482687,-0.44796472129015713,0.8453768173266195,-0.018010757444578588,-8.308840082719094,0.1617772205762964,-3.0794837621192133,0.107143000145225,-0.5038164979423005,0.5149790188655512,-0.10546796063330496,0.11764809241086968,0.03407469818602293,-8.308840082719094,0.1617772205762964,-3.0794837621192133,0.107143000145225,-0.5038164979423005,0.5149790188655512,0.3582644269283864,0.1528729297822894,5.041430299480521,5.141488834067024,0.051720056358033444,0.07184661012661585
4.1723745287146965,1.0462577105548516,-0.4645167773780366,0.8622955995402973,-0.02277145774478771,-8.22321611770951,0.19754586387745654,-3.096204239197694,-0.1658301709122621,-0.49850157546624707,0.4138076833485691,-0.09837103377034741,0.34236546276225543,0.03580496814672255,-8.22321611770951,0.19754586387745654,-3.096204239197694,-0.1658301709122621,-0.49850157546624707,0.4138076833485691,0.5225177581189407,0.24078670601181282,4.877163819740167,4.977222670556253,0.0496676606268119,0.07079823456666778
4.205227871460481,1.0408096351122789,-0.48089422049614305,0.875890565192187,-0.027129828664349303,-8.146721940614475,0.23237231668050762,-3.0047031183844193,-0.43599030850003634,-0.49201153349226884,0.3120870242672548,-0.08950040114119874,0.5535906634239713,0.038789237694920396,-8.146721940614475,0.23237231668050762,-3.0047031183844193,-0.43599030850003634,-0.49201153349226884,0.3120870242672548,0.6867757746828557,0.4050511326117107,4.712897291729214,4.812956381835888,0.0476770480733887,0.06975516408748064
4.238081214206266,1.0264858960732866,-0.49705844404084387,0.886143667166951,-0.031004395310380767,-8.021120039110228,0.2645905891670986,-2.858267352295478,-0.7036373566696505,-0.48437732612773204,0.2133724828696425,-0.08062991188518547,0.7495496252905984,0.0417733980168158,-8.021120039110228,0.2645905891670986,-2.858267352295478,-0.7036373566696505,-0.48437732612773204,0.2133724828696425,0.8510346541962595,0.5693167312178503,4.548630732239684,4.64869002202957,0.04574179420191163,0.06871126124212314
4.270934556952051,1.0033690568258804,-0.5129718583544052,0.8931536664791864,-0.03435510264102448,-7.847001629013104,0.2942651438648485,-2.6634798653560683,-0.9671579625196234,-0.4756846408145162,0.11946884588559178,-0.07175957410328505,0.9302422986982855,0.04475744468625239,-7.847001629013104,0.2942651438648485,-2.6634798653560683,-0.9671579625196234,-0.4756846408145162,0.11946884588559178,1.0152929323527013,0.7335827214311251,4.384364150820589,4.484423618883225,0.043856611346268594,0.06766041559652775
4.303787899697836,0.9715946847939081,-0.5285996888979901,0.8970786174205089,-0.037173445456653506,-7.624426981796802,0.32141827439130183,-2.4276326869451914,-1.2249581965643244,-0.46601704718498665,0.031964628972551604,-0.06288941136381085,1.0956686870039338,0.04774136174383788,-7.624426981796802,0.32141827439130183,-2.4276326869451914,-1.2249581965643244,-0.46601704718498665,0.031964628972551604,1.1795488048993699,0.8978489074464412,4.220097553400456,4.320157189092651,0.04201724225240613,0.06659639126642222
4.336641242443621,0.9313507133129216,-0.5439099066745372,0.8981287623318859,-0.03947657204908177,-7.353252533381958,0.3460329046558149,-2.158590130193766,-1.4754461094375058,-0.45545738245165046,-0.047791219752529715,-0.054019484356111036,1.2458288405601117,0.050725106631867516,-7.353252533381958,0.3460329046558149,-2.158590130193766,-1.4754461094375058,-0.45545738245165046,-0.047791219752529715,1.3437962927611053,1.0621152104769016,4.05583094389917,4.155890744194804,0.040220378768088726,0.06551270901643165
4.369494585189407,0.8828773765766363,-0.5588732041663195,0.8965586610091167,-0.04129917408091741,-6.890104174005936,0.36055793813828196,-2.026563060436301,-1.7170250352130154,-0.4440890448336735,-0.11870812114745415,-0.045149990681801436,1.380722950828883,0.05370853974541707,-6.890104174005936,0.36055793813828196,-2.026563060436301,-1.7170250352130154,-0.4440890448336735,-0.11870812114745415,1.2916522259503003,1.2263815908301205,3.8915643250344165,3.9916242934007355,0.03846360942795558,0.0644025204402246
4.402347927935192,0.8264673645916896,-0.5734630137658885,0.8926587024183512,-0.04268531238054032,-6.529353364999941,0.3795166185677843,-1.7227712753134363,-1.9433879891957964,-0.432243511312303,-0.1852874919679148,-0.04130864486658965,1.5053787284688809,0.05313706680090064,-6.529353364999941,0.3795166185677843,-1.7227712753134363,-1.9433879891957964,-0.432243511312303,-0.1852874919679148,1.455646236319044,1.3906480209657677,3.7272976992959093,3.827357840124126,0.03674538587496201,0.06325847067639613
4.4352012706809765,0.7626205728945982,-0.5876636579926732,0.8865713889382223,-0.04374688941576833,-6.120973893350818,0.3974506499527753,-1.4102906589867863,-2.1578990732044843,-0.4197751217647742,-0.2418862871483801,-0.0374736245351282,1.6147743486760746,0.0525611160734229,-6.120973893350818,0.3974506499527753,-1.4102906589867863,-2.1578990732044843,-0.4197751217647742,-0.2418862871483801,1.6198959700004067,1.5549144855471861,3.563031068505951,3.663091387718554,0.035064999660052894,0.062072545613770735
4.468054613426761,0.6917263750317995,-0.601454673944165,0.8786246158410311,-0.04454478934308751,-5.666342255096905,0.4141746939038695,-1.0979220050970995,-2.358993526460741,-0.4067175393373407,-0.2882190495392518,-0.033638988790279614,1.7089038689931544,0.05198488758268649,-5.666342255096905,0.4141746939038695,-1.0979220050970995,-2.358993526460741,-0.4067175393373407,-0.2882190495392518,1.7841564473119114,1.7191809750866853,3.3987644340679424,3.498824939628593,0.03342251040110629,0.060836010467854564
4.500907956172546,0.6142255521718968,-0.614816704664737,0.8691556566206536,-0.0451339499601121,-5.167898729515648,0.42949626989254386,-0.7940381580721801,-2.545151810682364,-0.3931105161618863,-0.32428945748084614,-0.02980448840584877,1.7877670392346965,0.05140855726997844,-5.167898729515648,0.42949626989254386,-0.7940381580721801,-2.545151810682364,-0.3931105161618863,-0.32428945748084614,1.948419845370314,1.8834474832360237,3.2344977971167155,3.3345584995607394,0.03181876018965907,0.05953911584335407
4.533761298918331,0.5306088073954938,-0.6277316991891759,0.8585016639251907,-0.04556163640811276,-4.629071330697222,0.44322173324755365,-0.5065369282494931,-2.7149345589186487,-0.3790001279990704,-0.35037626524122306,-0.02597005570784405,1.851363791234712,0.05083217263469019,-4.629071330697222,0.44322173324755365,-0.5065369282494931,-2.7149345589186487,-0.3790001279990704,-0.35037626524122306,2.1126844549387873,2.0477140054691843,3.0702311586161692,3.1702920716931478,0.030255324784310415,0.05817087566490651
4.566614641664116,0.44141413179896277,-0.6401831202950259,0.8469906323932326,-0.04586688887704451,-4.054292056195119,0.45516767075475567,-0.2426240003187031,-2.8670150259407317,-0.36443881248430765,-0.36701769655840055,-0.022135662555406423,1.8996940967648153,0.050255753120689355,-4.054292056195119,0.45516767075475567,-0.2426240003187031,-2.8670150259407317,-0.36443881248430765,-0.36701769655840055,2.2769496830300513,2.2119805383747315,2.9059645194275485,3.006025660948801,0.028734433852385114,0.05671880885029872
4.599467984409902,0.34722310449441623,-0.6521561535114397,0.834932874214431,-0.046080719346983434,-3.448956904850872,0.46517147210118,-0.008600189350926029,-3.0002120724544232,-0.34948503299020106,-0.3749887059992242,-0.01830129441170488,1.9327579415879381,0.049679308420354076,-3.448956904850872,0.46517147210118,-0.008600189350926029,-3.0002120724544232,-0.34948503299020106,-0.3749887059992242,2.441215268568184,2.3762470792429156,2.741697880361645,2.8417592733722463,0.027258846685700416,0.05516863778085141
4.632321327155687,0.24865610896802917,-0.6636379050847888,0.8226132417304399,-0.046226688398166356,-2.8193309960916566,0.473100545118564,0.1903330843176976,-3.113521835764931,-0.3342025951816996,-0.3752712509676486,-0.014466942621270568,1.9505553177551747,0.0491028438959931,-2.8193309960916566,0.473100545118564,0.1903330843176976,-3.113521835764931,-0.3342025951816996,-0.3752712509676486,2.605481077973578,2.540513625805382,2.5774312422233656,2.677492916676569,0.025831672819460454,0.05350393635923423
4.665174669901472,0.1463665089511582,-0.6746175774908241,0.8102843266997602,-0.04632161088115438,-2.172405333534073,0.47885975489242033,0.3502387937027733,-3.2061462832933456,-0.3186596608197017,-0.3690181729126966,-0.010632601419056678,1.9530862206718658,0.04852636263943001,-2.172405333534073,0.47885975489242033,0.3502387937027733,-3.2061462832933456,-0.3186596608197017,-0.3690181729126966,2.769747035232531,2.704780176056652,2.413164605854989,2.5132266010756146,0.024456135788223442,0.05170572056054329
4.6980280126472564,0.0410338862129972,-0.6850866125469894,0.7981608461856361,-0.04637623711718063,-1.515714834924064,0.4823967408911641,0.46856993750447873,-3.277517060298712,-0.30292751716505845,-0.3575116577803089,-0.006798266541805847,1.9403506478129564,0.04794986637283598,-1.515714834924064,0.4823967408911641,0.46856993750447873,-3.277517060298712,-0.30292751716505845,-0.3575116577803089,2.9340130933657416,2.869046728118242,2.248897972184058,2.348960340609498,0.023135293393483185,0.04975197539704547
4.730881355393041,-0.06664350512415405,-0.6950387940955428,0.7864153931569658,-0.04639582816597065,-0.8571296571436621,0.4837048622036117,0.5442480933795918,-3.327313359275343,-0.2870791716971114,-0.342117569023103,-0.002963934469486187,1.9123485981363344,0.04737335586212995,-0.8571296571436621,0.4837048622036117,0.5442480933795918,-3.327313359275343,-0.2870791716971114,-0.342117569023103,3.09827922121271,3.033313280120533,2.0846313422830542,2.184694155360443,0.02187174620754243,0.0476171147787366
4.763734698138826,-0.1759568713390562,-0.7044703045184841,0.775175687402495,-0.04638059315623604,-0.2046335144692259,0.4828236374264671,0.5776899313676579,-3.355472933679061,-0.2711878500713334,-0.324237199872563,0.0008703980790588727,1.869080071858834,0.04679683107981238,-0.2046335144692259,0.4828236374264671,0.5776899313676579,-3.355472933679061,-0.2711878500713334,-0.324237199872563,3.262545396661241,3.197579830082709,1.920364717451262,2.020428075365447,0.02066738028618611,0.04527137582820197
4.796588040884611,-0.2861953737034191,-0.7133797319053703,0.7645234115441482,-0.046325990301470756,0.4338965144215832,0.47983667376851996,0.570779861105007,-3.362195828667193,-0.2553254796251951,-0.3052581545565521,0.004704734584948235,1.8105450704851536,0.04622029119562724,0.4338965144215832,0.47983667376851996,0.570779861105007,-3.362195828667193,-0.2553254796251951,-0.3052581545565521,3.426811602843057,3.3618463757699573,1.756098099336206,1.856162147991653,0.019523192000645798,0.042680158181964085
4.829441383630397,-0.396654745641071,-0.7217680273992287,0.7544946607665559,-0.046222917518424,1.0508943427497277,0.4748672082604403,0.5267902017204724,-3.3479408777626993,-0.23956124091988046,-0.2865061281472775,0.008539079251566816,1.7367435971026606,0.04564373438791823,1.0508943427497277,0.4748672082604403,0.5267902017204724,-3.3479408777626993,-0.23956124091988046,-0.2865061281472775,3.5910778257573788,3.526112914498835,1.591831490126454,1.6918964530195941,0.018439229641719446,0.03980333354329446
4.862294726376182,-0.5066457947908333,-0.7296384149557753,0.7450819767397656,-0.046057838729062016,1.6392801268641193,0.46807150102540723,0.45025324751555595,-3.313415485730736,-0.22396026576816613,-0.26919930909503337,0.012373437822146092,1.647675657090867,0.04506715737454516,1.6392801268641193,0.46807150102540723,0.45025324751555595,-3.313415485730736,-0.22396026576816613,-0.26919930909503337,3.7553440525290305,3.6903794428390966,1.4275648928780615,1.527631136815884,0.017414664686934526,0.03679761422110028
4.895148069121967,-0.6155025694027368,-0.7369962583284939,0.7362378795711381,-0.04581291142376984,2.1925950608714055,0.4596304163805074,0.3467920750868977,-3.259559653866515,-0.20858255231544434,-0.2544069848320018,0.01620781915019575,1.5433412596798661,0.04449055436410363,2.1925950608714055,0.4596304163805074,0.3467920750868977,-3.259559653866515,-0.20858255231544434,-0.2544069848320018,3.9196102698205064,3.854645956116535,1.2632983121114774,1.3633665017652903,0.016447825423977554,0.03374093463119922
4.9280014118677515,-0.7225899999115457,-0.7438488924105039,0.7278797597015306,-0.04546620131668193,2.7050869715986865,0.449739596629868,0.22291871745218458,-3.187525576828991,-0.19348215670970767,-0.24301370592764976,0.02004223880861744,1.4237404216489782,0.0439139145299608,2.7050869715986865,0.449739596629868,0.22291871745218458,-3.187525576828991,-0.19348215670970767,-0.24301370592764976,4.08387646190444,4.018912447505653,1.099031755007352,1.1991032954521947,0.015536383551882133,0.030782958203392784
4.960854754613536,-0.8273108701980646,-0.7502054280200817,0.7198959471287661,-0.04499208982571037,3.1717412435537082,0.43859869156375714,0.08580972396913131,-3.098654427393902,-0.1787067075952755,-0.2356900808987421,0.02387672936626851,1.288873177837984,0.04333721473688699,3.1717412435537082,0.43859869156375714,0.08580972396913131,-3.098654427393902,-0.1787067075952755,-0.2356900808987421,4.248142607605608,4.183178906197789,0.9347652341106107,1.034844047963641,0.014677505686560835,0.028146855484407724
4.993708097359321,-0.9291120261519806,-0.7560765407356801,0.712152740119218,-0.044361995296007165,3.588258964962929,0.426400553934954,-0.0569206848426134,-2.9944521252184897,-0.16429727445347853,-0.23287094462626284,0.027711381644550843,1.1387396229061388,0.04276039032452736,3.588258964962929,0.426400553934954,-0.0569206848426134,-2.9944521252184897,-0.16429727445347853,-0.23287094462626284,4.412408674287352,4.347445313193217,0.7704987746054167,0.8706075762270401,0.01386789312110406,0.02591940682660868
5.026561440105106,-1.027489788157628,-0.7614742554054986,0.7045021511598768,-0.04354553085694811,4.0757102394892195,0.4263683117883333,0.10600442028100351,-2.8765658235819265,-0.15028859090806088,-0.23474097939472183,0.031546722761586835,0.9733402904962751,0.04218306772272681,4.0757102394892195,0.4263683117883333,0.10600442028100351,-2.8765658235819265,-0.15028859090806088,-0.23474097939472183,4.576674603485251,4.511711629682613,0.6062324401848993,1.0347963878702258,0.013103874365756418,0.024021955039870566
5.059414782850891,-1.1219945910905762,-0.7664117379933822,0.6967901253073407,-0.04251219295428808,4.499308142525454,0.4222667506370804,0.21226485206274295,-2.7426651181514816,-0.13628096662493702,-0.23125837984266157,0.04301349016322494,0.8003059302554485,0.03621031401389215,4.499308142525454,0.4222667506370804,0.21226485206274295,-2.7426651181514816,-0.13628096662493702,-0.23125837984266157,4.740940267556377,4.6759777538112735,0.44196649407276534,1.1351081957817983,0.012381621514102489,0.022364616423223866
5.092268125596677,-1.2121003082541157,-0.7708890232996383,0.689192514491535,-0.04106715498026542,4.802037636927791,0.4075744216816343,0.17521630561011772,-2.5948478056261917,-0.12240809233610808,-0.2242847699049607,0.06062753374691609,0.6181524224453663,0.025891420929918127,4.802037636927791,0.4075744216816343,0.17521630561011772,-2.5948478056261917,-0.12240809233610808,-0.2242847699049607,4.905205073419139,4.840243299050109,0.37096900220084233,0.9709730777757358,0.011697342513529657,0.02088533731969135
5.125121468342462,-1.2973497325855012,-0.7749105383120142,0.6818240100731878,-0.039067587677607214,4.956004767940389,0.3798147800356937,-0.01870084550972335,-2.437084817262043,-0.10901791016618621,-0.21852832856210114,0.07607756980239709,0.4229025833409654,0.017102456877413144,4.956004767940389,0.3798147800356937,-0.01870084550972335,-2.437084817262043,-0.10901791016618621,-0.21852832856210114,4.776175179097066,4.86248607472475,0.5352349275927264,0.806804236102615,0.01104735261340502,0.019543097847520067
5.157974811088247,-1.3774161153875597,-0.7784921410801331,0.6746446239952737,-0.03655868388996215,4.939584592297082,0.3405463938180095,-0.37834865251882366,-2.274263493971153,-0.09653972501775862,-0.21914271384926806,0.08038192491905861,0.23013612707563577,0.01122367637318145,4.939584592297082,0.3405463938180095,-0.37834865251882366,-2.274263493971153,-0.09653972501775862,-0.21914271384926806,4.611910108170778,4.698220511857371,0.699501241314779,0.6426690605662284,0.010428161371949364,0.01830980508515835
5.1908281538340315,-1.4521332734492205,-0.7816637937547254,0.6674450533069423,-0.03386964838668975,5.010548069618718,0.31170608232409985,-0.4159142108311802,-2.111981628338618,-0.08535163762081446,-0.23157273180787488,0.0770561028625062,0.04500590690809544,0.010739447292321251,5.010548069618718,0.31170608232409985,-0.4159142108311802,-2.111981628338618,-0.08535163762081446,-0.23157273180787488,4.447644169443268,4.533954370483658,0.8637676838350626,0.8059999071012782,0.00983653906602346,0.017165347342016416
5.223681496579816,-1.5215189297578302,-0.7844678803593961,0.6598371149782806,-0.031176829439194156,5.024570489949747,0.2846204529712854,-0.42261374924336553,-1.947368375263203,-0.07511105086227492,-0.24523690392915443,0.07370854756835167,-0.12487958691540249,0.010270590268050925,5.024570489949747,0.2846204529712854,-0.42261374924336553,-1.947368375263203,-0.07511105086227492,-0.24523690392915443,4.283377947985648,4.3696880373542415,1.0280341902431083,0.9702066940636662,0.00926955975623794,0.01609474596557817
5.256534839325601,-1.5854964904426547,-0.7869355294573706,0.6517802629195809,-0.028506432304191764,4.986115484595207,0.259179848862642,-0.40142438725051544,-1.782294438806527,-0.06576031756834869,-0.25912117828212805,0.0703596073275034,-0.27949998999708153,0.009802716069884908,4.986115484595207,0.259179848862642,-0.40142438725051544,-1.782294438806527,-0.06576031756834869,-0.25912117828212805,4.11911158915858,4.205421609229074,1.192300734542633,1.1344484725082202,0.008724627910790943,0.015086470034123707
5.289388182071386,-1.644050820514672,-0.7890959757095153,0.6432672660367866,-0.02588573364161102,4.899577735533645,0.23528056875616837,-0.35546088341485427,-1.6184838778210549,-0.05724539316086354,-0.2723093112629861,0.06701009327870074,-0.4188544830540619,0.009335249830616886,4.899577735533645,0.23528056875616837,-0.35546088341485427,-1.6184838778210549,-0.05724539316086354,-0.2723093112629861,3.954845150594884,4.041155124875268,1.3565673036980055,1.298701304840302,0.008199411160696422,0.014131413260591278
5.322241524817172,-1.6972234260812542,-0.7909766782316464,0.6343209949009951,-0.023340917439503322,4.7690541265321125,0.21281713929090876,-0.28843615106536724,-1.457516371165951,-0.049515639994093905,-0.28398738949853386,0.06366026112791386,-0.5429428055201012,0.008868009993809838,4.7690541265321125,0.21281713929090876,-0.28843615106536724,-1.457516371165951,-0.049515639994093905,-0.28398738949853386,3.7905786608175314,3.876888603739909,1.5208338902183216,1.4629591709215815,0.007691825199634804,0.013222218761064447
5.355094867562957,-1.745107710980762,-0.7926034325236493,0.6249910598583192,-0.020895193997033167,4.598481289339808,0.19168999547632667,-0.20445753491294894,-1.3008370013737909,-0.042523885574792204,-0.2934634812297595,0.06031022709215017,-0.6517648379914364,0.008400913919896754,4.598481289339808,0.19168999547632667,-0.20445753491294894,-1.3008370013737909,-0.042523885574792204,-0.2934634812297595,3.6263121359596857,3.712622057003235,1.6851004893747026,1.6272197635601187,0.00720001693965273,0.012352830039401
5.387948210308742,-1.7878445548432944,-0.7940004843113205,0.6153498035261067,-0.018567626332971748,4.391766160919735,0.17181075340588708,-0.10783522824389219,-1.149761519465031,-0.036226228452470456,-0.300180594701213,0.05696005400730812,-0.7453205154148443,0.007933916872474715,4.391766160919735,0.17181075340588708,-0.10783522824389219,-1.149761519465031,-0.036226228452470456,-0.300180594701213,3.46204558601965,3.548355491727453,1.849367097961186,1.7914819953000038,0.006722347602327019,0.01151818197398669
5.420801553054527,-1.8256180641181936,-0.7951906370110566,0.6054878675627542,-0.01637262082653,4.1528978086407715,0.1531053684958496,-0.0029076856763218975,-1.0054773205209946,-0.030581670883415294,-0.30372334241477966,0.053609779585683255,-0.8236097984742897,0.007466991973988665,4.1528978086407715,0.1531053684958496,-0.0029076856763218975,-1.0054773205209946,-0.030581670883415294,-0.30372334241477966,3.2977790176335624,3.384088912705119,2.0136337136721436,1.9557452841414706,0.0062573768003213815,0.010713981695756788
5.4536548958003115,-1.8586513551523831,-0.7961953471263283,0.5955095404945061,-0.014319961635245695,3.8860352701698933,0.13551558717724,0.1061167966613538,-0.8690407454254998,-0.02555164773600143,-0.303818869608901,0.05025942811360054,-0.8866326616952194,0.007000121899612574,3.8860352701698933,0.13551558717724,0.1061167966613538,-0.8690407454254998,-0.02555164773600143,-0.303818869608901,3.1335124354595534,3.21982232338883,2.177900334758776,2.1200092900481415,0.005803848175452432,0.009936549143869468
5.486508238546096,-1.8872022486218996,-0.7970348041671188,0.585528075038608,-0.01241523427507218,3.5955687992369376,0.11899906059006697,0.21530235991894217,-0.7413714967723991,-0.021099507703071254,-0.3003325781171008,0.04690901604550943,-0.9343890877326771,0.006533294901262174,3.5955687992369376,0.11899906059006697,0.21530235991894217,-0.7413714967723991,-0.021099507703071254,-0.3003325781171008,2.9692458429344137,3.055555726405397,2.342166959823575,2.2842738009229495,0.005360676849690458,0.009182698458305728
5.519361581291881,-1.9115587805073189,-0.7977279935254552,0.5756611459120017,-0.010660483877256367,3.2861539574826795,0.10352844392665823,0.32111055231813546,-0.6232450426450173,-0.01718999077907934,-0.29325917589270756,0.04355855495921565,-0.9668790643429942,0.006066502705250903,3.2861539574826795,0.10352844392665823,0.32111055231813546,-0.6232450426450173,-0.01718999077907934,-0.29325917589270756,2.8049792427202798,2.8912891238652088,2.506433587686855,2.4485386774213307,0.004926938759260835,0.008449648106299914
5.552214924037667,-1.932034463507947,-0.7982927421843172,0.5660266016930522,-0.00905497625906626,2.962719781859909,0.08908976594865427,0.4205058971978783,-0.5152839003644211,-0.013788735326819051,-0.2827096208581116,0.040208053235176025,-0.9841025826583747,0.005599739316544619,2.962719781859909,0.08908976594865427,0.4205058971978783,-0.5152839003644211,-0.013788735326819051,-0.2827096208581116,2.6407126369889387,2.7270225175656506,2.670700217291217,2.612803823890946,0.004501861844027423,0.007734951767579982
5.585068266783452,-1.9489632620980042,-0.7987457482320401,0.5567386456214698,-0.007595962821424642,2.6304538248868763,0.07568031951852965,0.5110394422140107,-0.4179486519112601,-0.010861838710966144,-0.26889459649084596,0.03685751706469625,-0.98605963615023,0.005133000300139343,2.6304538248868763,0.07568031951852965,0.5110394422140107,-0.4179486519112601,-0.010861838710966144,-0.26889459649084596,2.4764460276196325,2.5627559091405865,2.8349668476238183,2.7770691719920046,0.0040848190365147695,0.007036444616119854
5.617921609529237,-1.9626942724093834,-0.799102595942061,0.5479045592804666,-0.006279383894035349,2.294768181457538,0.06330629376410477,0.5909075595576146,-0.33152945082529045,-0.008375487234713364,-0.2521052425391744,0.03350695108048673,-0.9727502199829581,0.0046662823310194826,2.294768181457538,0.06330629376410477,0.5909075595576146,-0.33152945082529045,-0.008375487234713364,-0.2521052425391744,2.3121794163544847,2.398489300187958,2.999233477641867,2.9413346708897024,0.00367532303460459,0.006352201346771684
5.650774952275022,-1.9735861230876686,-0.7993777586948461,0.5396220593393178,-0.005100473777971397,1.9612516277499217,0.051980339658995664,0.658983521086848,-0.2561386452377442,-0.0062956638677158765,-0.23269195395395276,0.03015635876172375,-0.9441743306039021,0.00419958290445492,1.9612516277499217,0.051980339658995664,0.658983521086848,-0.2561386452377442,-0.0062956638677158765,-0.23269195395395276,2.1479128049430036,2.234222692401186,3.163500106187008,3.105600280996161,0.0032730229642353357,0.005680503462309238
5.683628295020807,-1.9820011337901051,-0.7995845922977044,0.5319773508218822,-0.004054252076496122,1.6356136479604588,0.041719231604365914,0.7148199127590175,-0.19170497330054725,-0.004587935952856569,-0.2110421424718624,0.026805742696002558,-0.9003319654871111,0.0037329001479060164,1.6356136479604588,0.041719231604365914,0.7148199127590175,-0.19170497330054725,-0.004587935952856569,-0.2110421424718624,1.9836461953067466,2.0699560877338725,3.3277667318689037,3.26986596962087,0.002877703285586815,0.005019814183494581
5.7164816377665915,-1.9882992829840196,-0.7997353213300593,0.5250439109814493,-0.0031358999918110826,1.323626364497046,0.03254175679979564,0.758620674458169,-0.13796959752441856,-0.0032173197378675485,-0.18755791887647835,0.0234551047429353,-0.8412231229885164,0.0032662327024643757,1.323626364497046,0.03254175679979564,0.758620674458169,-0.13796959752441856,-0.0032173197378675485,-0.18755791887647835,1.8193795897686766,1.9056894886449673,3.4920333528834298,3.434131707492154,0.002489285762631473,0.00436876003055358
5.749334980512376,-1.9928320454599873,-0.7998410210381304,0.5188820063879144,-0.002341028405713766,1.0310701847801453,0.02446693114051251,0.7911823359844298,-0.09448404690423977,-0.002148214248173882,-0.16263469384446563,0.020104446120784398,-0.7668478022971793,0.0027995796581882482,1.0310701847801453,0.02446693114051251,0.7911823359844298,-0.09448404690423977,-0.002148214248173882,-0.16263469384446563,1.655112991431849,1.7414228985185771,3.6562999666938807,3.598397465250802,0.002107836213190171,0.0037261187987606887
5.782188323258162,-1.995936162236941,-0.799911597057117,0.5135389130486864,-0.0016658485340844125,0.7636883211315267,0.01751260498393303,0.8138047488326718,-0.06060994472869778,-0.001344393773477103,-0.1366417093859584,0.01675376741807932,-0.677206003493966,0.002332940541123609,0.7636883211315267,0.01751260498393303,0.8138047488326718,-0.06060994472869778,-0.001344393773477103,-0.1366417093859584,1.4908464049020407,1.5771563224786787,3.820566569405813,3.762663208632021,0.0017335795941197164,0.0030908145331997303
5.815041666003947,-1.997927401524916,-0.7999557648865424,0.5090497761368595,-0.0011072575150096952,0.5271542373209249,0.011694484754537915,0.8281721799214617,-0.03552023056361061,-0.0007690461595684081,-0.10990550304441125,0.013403068505674747,-0.5722977277724114,0.0018663153676879117,0.5271542373209249,0.011694484754537915,0.8281721799214617,-0.03552023056361061,-0.0007690461595684081,-0.10990550304441125,1.3265798378830054,1.4128897692000175,3.9848331543717532,3.926928889417984,0.0013669311195023592,0.0024619216804512988
5.847895008749732,-1.9990943598340316,-0.7999810306236101,0.5054390129756936,-0.0006628519755422185,0.3270545493440749,0.007025557652901392,0.8362059546264597,-0.018201451725013376,-0.0003848432436922162,-0.08269727856492763,0.010052348266005724,-0.4521229779813526,0.0013997048212109594,0.3270545493440749,0.007025557652901392,0.8362059546264597,-0.018201451725013376,-0.0003848432436922162,-0.08269727856492763,1.1623133054010857,1.2486232557156498,4.1490997084815175,4.091194422910044,0.001008561789966877,0.0018386842599172704
5.880748351495517,-1.9996923383660241,-0.7999936740105985,0.5027221309388564,-0.0003308835977255349,0.16888798969728916,0.0035158674478496907,0.8398898535747904,-0.007456616518844229,-0.0001540301901411737,-0.055225117731518295,0.006701603871572662,-0.3166817599870278,0.0009331107280191029,0.16888798969728916,0.0035158674478496907,0.8398898535747904,-0.007456616518844229,-0.0001540301901411737,-0.055225117731518295,0.9980468445591506,1.084356824219513,4.313366199190809,4.255459610718099,0.0006595499755558753,0.0012205668591556856
5.913601694241302,-1.9999373131442417,-0.7999987344172285,0.5009078012178465,-0.00011017277142087099,0.058078763017728324,0.001172550145847621,0.8410690113676119,-0.0019080815076725813,-3.8522191828219326e-05,-0.027631928503318616,0.0033508285232722148,-0.1659740868636894,0.0004665375551039016,0.058078763017728324,0.001172550145847621,0.8410690113676119,-0.0019080815076725813,-3.8522191828219326e-05,-0.027631928503318616,0.8337806030124059,0.9200906428460596,4.477632496711735,4.419723679774277,0.00032180956435942534,0.000607399166215397
