0.0265864925885884,-1.9999999999999993,0.7999999999999998,0.49999999999999967,2.40002722179592e-15,5.79704932155986e-14,-3.220400353464322e-14,1.063459058346238,8.628290153986976e-16,-4.0715276119363945e-16,-6.811412014630637e-16,0.026100458842261642,0.17692988484309116,-0.018453019131757998,5.79704932155986e-14,-3.220400353464322e-14,1.063459058346238,8.628290153986976e-16,-4.0715276119363945e-16,-6.811412014630637e-16,0.10000167030771634,0.10000049182101853,4.642653463227776,6.030803432989735,1.0000000122541381,1.0000000085963017
0.0531729851771768,-1.999999999999999,0.7999999999999996,0.49999999999999944,0.000693919655572084,0.05614630030681465,-0.008310805558028534,2.1267798369975477,2.4040611016454397e-15,-1.2633442478859582e-15,0.028273646372988778,0.05220093282723608,0.37385522194688736,-0.0369060229073063,0.05614630030681465,-0.008310805558028534,2.1267798369975477,2.4040611016454397e-15,-1.2633442478859582e-15,0.028273646372988778,0.1000017772800171,0.10000055047150702,5.174381788358894,6.562530659219033,0.9991995577552947,0.999327644306906
0.0797594777657652,-1.9999999999999984,0.7999999999999995,0.5007516970897471,0.002077176261798989,0.18185192626403687,-0.026067320412325293,2.6097891338310553,0.0014927331969861906,-0.00022095517037498964,0.08481726274688334,0.07830138705885999,0.590775996625795,-0.05535901143252844,0.18185192626403687,-0.026067320412325293,2.6097891338310553,0.0014927331969861906,-0.00022095517037498964,0.08481726274688334,0.10000190692010853,0.10000062296416881,5.70610875425861,6.51503647913195,0.9983991032596525,0.998651893943141
0.1063459703543536,-1.9999603134599198,0.7999941255769998,0.5030066906171513,0.004137858571671111,0.37681698657101426,-0.052491371948821454,2.6053143879830096,0.006327538086825523,-0.0009139937913216384,0.15420240221126066,0.0935111360672996,0.8168014714441354,-0.06611226984560971,0.37681698657101426,-0.052491371948821454,2.6053143879830096,0.006327538086825523,-0.0009139937913216384,0.15420240221126066,0.10000206839345009,0.10000071490254255,6.237829371091157,5.983310214089093,0.9975986150839138,0.9979740298851965
0.132932462942942,-1.99979208641547,0.7999698256878407,0.5071063916406834,0.006573351416870925,0.5908447778399375,-0.07736024748628878,1.5320570587507423,0.01634578010754999,-0.0023095552626038237,0.22346857387831312,0.08872560870045842,1.0428268352982393,-0.0627288660126767,0.5908447778399375,-0.07736024748628878,1.5320570587507423,0.01634578010754999,-0.0023095552626038237,0.22346857387831312,0.10000227516663504,0.10000083562176092,5.706114025973461,5.451582475542978,0.9967980081776279,0.997294476157858
0.1595189555315304,-1.9993575094537854,0.7999084227139683,0.5130476372238814,0.008854826228005416,0.8208629156449421,-0.0962098560534162,0.4601773464780111,0.032054270414597616,-0.004366292909049412,0.2642005975160837,0.08393984992631905,1.2488569867272454,-0.05934529628691084,0.8208629156449421,-0.0962098560534162,0.4601773464780111,0.032054270414597616,-0.004366292909049412,0.2642005975160837,0.10913417121900693,0.10000100118942931,5.174389348237258,4.919854293645905,0.9959971431608384,0.996613344807834
0.1861054481201188,-1.9985052988309748,0.7997923382999022,0.5200718044516431,0.010983817664956104,1.1433403565431612,-0.11983642597794934,0.2699536706339381,0.0538781362376388,-0.006924175533962713,0.276435099127656,0.07932572306272032,1.434720044054744,-0.05584028963704587,1.1433403565431612,-0.11983642597794934,0.2699536706339381,0.0538781362376388,-0.006924175533962713,0.276435099127656,0.6408614710396493,0.47364653993232225,4.642663189807678,4.3881259334603175,0.9951958205516201,0.995930556987315
0.2126919407087072,-1.9970728681612055,0.7996082487583863,0.527421244165826,0.012971858563253608,1.526698142544305,-0.1444602575776671,0.21872974872782092,0.08427554615310723,-0.01011020578506836,0.28361222039122463,0.0776838600126407,1.5835645625280415,-0.050233833934053264,1.526698142544305,-0.1444602575776671,0.21872974872782092,0.08427554615310723,-0.01011020578506836,0.28361222039122463,1.1725899648351512,1.0053751463171268,4.110936607123525,3.856397506364416,0.9943938076199509,0.9952458864695336
0.23927843329729562,-1.9948322769780062,0.7993394538472123,0.53496149836129,0.01491694975731014,1.9472126907303164,-0.16928952461615862,0.14524294783504696,0.12486509500487263,-0.013950897352502536,0.2894274772346779,0.07604196016638433,1.6924181806844787,-0.04462735520951847,1.9472126907303164,-0.16928952461615862,0.14524294783504696,0.12486509500487263,-0.013950897352502536,0.2894274772346779,1.7043188470895383,1.5371042966583068,3.579210066452852,3.3246690699930697,0.9935908309864114,0.9945589633060418
0.265864925885884,-1.9915125520550856,0.7989685484181457,0.5426563598397233,0.016837794255124893,2.392782853050954,-0.19414038612301168,0.04718713706917385,0.1766346507753789,-0.018451712044035635,0.29328897779083635,0.07440001963588508,1.7612808816080292,-0.03902085484871162,2.392782853050954,-0.19414038612301168,0.04718713706917385,0.1766346507753789,-0.018451712044035635,0.29328897779083635,2.236047915235589,2.068833614018374,3.047484047260539,2.7929406547719653,0.9927865181078718,0.9938692630373827
0.2924514184744724,-1.9868164562213577,0.7984779821126401,0.5504538850740736,0.018755373817866437,2.851307215420191,-0.21879150704649708,-0.07606279988069915,0.24025035436411882,-0.0236132239808407,0.2945435182607999,0.07275802936866145,1.7901526688658338,-0.033414325949767364,2.851307215420191,-0.21879150704649708,-0.07606279988069915,0.24025035436411882,-0.0236132239808407,0.2945435182607999,2.7677770870875347,2.600562999665771,2.5157596616789664,2.2612122712213325,0.991980371583094,0.9931761014163257
0.3190379110630608,-1.98042904195565,0.7978501893082807,0.5582847641393305,0.020691037149989256,3.310914790078057,-0.24300788357815464,-0.22322117494054372,0.3160566125146756,-0.029430122761378387,0.2925212751955017,0.07111595991045762,1.7790335705351843,-0.02780774674687069,3.310914790078057,-0.24300788357815464,-0.22322117494054372,0.3160566125146756,-0.029430122761378387,0.2925212751955017,3.299506303293946,3.132292417127891,1.984038231114548,1.729484030041429,0.9911717547043274,0.992478630980354
0.3456244036516492,-1.972026205169454,0.7970677455676038,0.5660618788543195,0.02266450712609413,3.7602169360959254,-0.2665639147610286,-0.3910000124083961,0.4040822240425327,-0.03589085005709743,0.2865866070823263,0.06947375861274774,1.7279236434220269,-0.02220107968412666,3.7602169360959254,-0.2665639147610286,-0.3910000124083961,0.4040822240425327,-0.03589085005709743,0.2865866070823263,3.8312355261330895,3.66402184331069,1.452322821778238,1.1977561015479385,0.9903598792472704,0.9917758363233308
0.3722108962402376,-1.9612830761147666,0.7961135337485626,0.5736812115595018,0.02469173622718127,4.188545002209552,-0.28926420296868915,-0.574151772651456,0.5040532037455306,-0.0429778496012765,0.27619128815028987,0.06783131810239698,1.6368230063300238,-0.016594248904240126,4.188545002209552,-0.28926420296868915,-0.574151772651456,0.5040532037455306,-0.0429778496012765,0.27619128815028987,4.362964723345764,4.195751259396422,0.9206223401690655,0.666028870702165,0.989543794996837,0.9910665262164031
0.39879738882882604,-1.9478820693491317,0.7949709034686647,0.5810241691949414,0.02678254013630301,4.586146074209238,-0.3109612150255495,-0.765618081881402,0.6154119244037428,-0.05066837018964733,0.26092660630196446,0.06618837052878769,1.5057319537242926,-0.010987065449696716,4.586146074209238,-0.3109612150255495,-0.765618081881402,0.6154119244037428,-0.05066837018964733,0.26092660630196446,4.894693858169723,4.727480645766436,0.3889776421829715,0.13430383042426838,0.9887223804327926,0.9903493208347296
0.4253838814174144,-1.9315204247820423,0.7936238092201416,0.5879612924795532,0.028938003263293995,5.528808747681734,-0.3707657932314214,0.08983067799442869,0.7373414630158894,-0.05893573822826236,0.24057150684233275,0.06454390760335878,1.3346515773863978,-0.005378817329144172,5.528808747681734,-0.3707657932314214,0.08983067799442869,0.7373414630158894,-0.05893573822826236,0.24057150684233275,5.426422876615393,5.259209976849092,0.5594871154311539,0.1000041333225587,0.9878943339490389,0.989622632055512
0.4519703740060028,-1.9119171014403114,0.7920569146525329,0.5943572450632416,0.031147786096130645,6.702339658952326,-0.44772952973079605,1.249986207343931,0.8843330958098462,-0.06879310024211108,0.24295978949704755,0.059048549485927374,1.1461367687118647,0.0029520053802332214,6.702339658952326,-0.44772952973079605,1.249986207343931,0.8843330958098462,-0.06879310024211108,0.24295978949704755,5.958151679053018,5.790939212344407,1.0909639549408174,0.100003636612399,0.9870581649562822,0.9888846341799223
0.47855686659459123,-1.8884057861427193,0.7902279474027999,0.6008166937060286,0.033340558855548964,7.903051852670465,-0.5277691931207869,2.3771703489655,1.0625247994787776,-0.08069665806599041,0.27619253853442277,0.0435601717264196,0.94761946541574,0.018347881463073555,7.903051852670465,-0.5277691931207869,2.3771703489655,1.0625247994787776,-0.08069665806599041,0.27619253853442277,6.4898800246743376,6.322668275572811,1.6223681153601357,0.10000326155723907,0.9862121842182507,0.98813322136811
0.5051433591831797,-1.8601569784361855,0.7880825063012045,0.6081596845847959,0.03535972804054127,8.548972042865422,-0.5684951639626612,2.672397231050623,1.2726392289870236,-0.09472818980738086,0.33939316039899425,0.018080137798177905,0.7390983150775147,0.04080783937855331,8.548972042865422,-0.5684951639626612,2.672397231050623,1.2726392289870236,-0.09472818980738086,0.33939316039899425,7.021606961503669,6.854396978865369,1.163951819483866,0.10000297108941697,0.9853542579867228,0.9873659526719466
0.531729851771768,-1.8263219650067757,0.7855640159849602,0.6171829583283596,0.03705908183445853,9.070607289130672,-0.5944105592496023,2.89095707048964,1.4999264108447212,-0.10984248227072292,0.4104428295760946,0.0012193590086884186,0.501962423105844,0.057173936946873775,9.070607289130672,-0.5944105592496023,2.89095707048964,1.4999264108447212,-0.10984248227072292,0.4104428295760946,7.499997272012112,7.386124576776594,0.6325677685540899,0.1000027419030597,0.9844816643174625,0.9865799966057879
0.5583163443603564,-1.7864441826014246,0.7826436896441573,0.6280951935749219,0.03852961339394649,8.992403936866532,-0.5788911443762561,2.4323842112028795,1.7410820443111965,-0.12564577419879183,0.48730323830460365,-0.006653031773552457,0.23584270050418632,0.06576719279784105,8.992403936866532,-0.5788911443762561,2.4323842112028795,1.7410820443111965,-0.12564577419879183,0.48730323830460365,7.499997318320296,7.499997848713692,0.10113429804419884,0.10000255510963185,0.983591002454587,0.9857720765180991
0.5849028369489448,-1.7401549177342206,0.7793032091996336,0.6410508775085011,0.03981346078753858,9.068494371627699,-0.5759199040024895,2.374963022234236,1.9801585249322993,-0.1410364593183515,0.5519718031083579,-0.006674321148696912,-0.04241029587596419,0.06578223028476816,9.068494371627699,-0.5759199040024895,2.374963022234236,1.9801585249322993,-0.1410364593183515,0.5519718031083579,7.4999973034166,7.499997822809313,0.10008792596741675,0.1000024000919445,0.982678317381461,0.9849384054679082
0.6114893295375332,-1.6875094477868777,0.7755535444192454,0.6557258717609501,0.04090292613823474,9.054779985856975,-0.5732972956636473,2.3852320621985754,2.221257983333235,-0.15634814957773466,0.6151137398971597,-0.006675939000100659,-0.3206829686351171,0.06578336029688017,9.054779985856975,-0.5732972956636473,2.3852320621985754,2.221257983333235,-0.15634814957773466,0.6151137398971597,7.49999723148107,7.499997737555957,0.10004866200417775,0.10000227124499397,0.9817390350020567,0.9840745984372066
0.6380758221261216,-1.6284539888756457,0.7713967954992573,0.6720795886478637,0.04176369775652766,8.950439032687393,-0.5713395753547709,2.4620856094657935,2.4619928243185205,-0.1715901138799544,0.678528694440865,-0.00667682076978345,-0.5989563791153131,0.06578397025328978,8.950439032687393,-0.5713395753547709,2.4620856094657935,2.4619928243185205,-0.1715901138799544,0.678528694440865,7.499997100927189,7.4999975839011075,0.10003186684931935,0.10000216517561664,0.9807680925416347,0.9831755376411138
0.66466231471471,-1.5629982348987432,0.7668348162083127,0.6901192867537592,0.04237537122758858,8.753768283950947,-0.5702981143281594,2.6031739840214487,2.699953605325677,-0.18678002926569162,0.743986915249397,-0.006677388311445613,-0.8772301020340944,0.06578435866466249,8.753768283950947,-0.5702981143281594,2.6031739840214487,2.699953605325677,-0.18678002926569162,0.743986915249397,7.499996903704463,7.4999973404676235,0.10002300094605482,0.1000020793538413,0.9797597299452413,0.9822351829675305
0.6912488073032984,-1.4912159383812194,0.7618689903445439,0.7098992893620428,0.04273306109584869,8.461696312134881,-0.5703303048107273,2.804072437553142,2.93268560092916,-0.20194225585556347,0.8131961810823888,-0.006677789898260948,-1.1555039849807882,0.06578463097454049,8.461696312134881,-0.5703303048107273,2.804072437553142,2.93268560092916,-0.20194225585556347,0.8131961810823888,7.499996623701499,7.499996963074569,0.10001771017371781,0.10000201202707845,0.9787073552307637,0.9812462967865737
0.7178352998918868,-1.4132461143874562,0.756500054055917,0.731519323603457,0.04284712415740484,7.5324523595200725,-0.5334344025713215,2.201091037872479,3.157652427218621,-0.2171053382774615,0.8877466321612596,-0.0066780914409758805,-1.433777956311646,0.06578483514250043,7.5324523595200725,-0.5334344025713215,2.201091037872479,3.157652427218621,-0.2171053382774615,0.8877466321612596,7.01248195447764,6.975126665247626,0.10001426391787652,0.10000196084320342,0.977603378220546,0.9802000453086238
0.7444217924804752,-1.3292952115338699,0.7507279845888601,0.7551213928599555,0.04274138412170104,6.539006702515189,-0.49541036860367266,1.5583671665714938,3.357913916048899,-0.2312874880679223,0.9462659227264655,-0.005975956345747634,-1.693016798619422,0.06628157175043053,6.539006702515189,-0.49541036860367266,1.5583671665714938,3.357913916048899,-0.2312874880679223,0.9462659227264655,6.480755935692394,6.443400508543392,0.1000106041980551,0.10000195840800699,0.976439006248071,0.9790854054340082
0.7710082850690636,-1.2400200580917176,0.744578861501509,0.7802792848013552,0.042489008835616654,5.532584140546107,-0.4580288317901025,0.897076150504752,3.531763169282051,-0.24445871216111392,0.9876974398508189,-0.005273749891854078,-1.9322603325692687,0.06677826157456643,5.532584140546107,-0.4580288317901025,0.897076150504752,3.531763169282051,-0.24445871216111392,0.9876974398508189,5.949028167046115,5.911672673458045,0.10000850456053993,0.10000196782606914,0.9752039946631044,0.9778882529171411
0.7975947776576521,-1.1461228627669504,0.7380795617624215,0.8065386954657155,0.04213800615184239,4.536343866639813,-0.42085651967933035,0.19919801007286592,3.678855176530424,-0.25663609230286144,1.011547548277614,-0.004571502533595418,-2.1515084641462017,0.06727492424569798,4.536343866639813,-0.42085651967933035,0.19919801007286592,3.678855176530424,-0.25663609230286144,1.011547548277614,5.417299842282265,5.379944309823392,0.10000718161214815,0.1000019910285211,0.9738867235113668,0.9765898091923997
0.8241812702462404,-1.0483150068816338,0.731256508196447,0.833432196861002,0.04173454583009805,3.5736417381669368,-0.38349563611449533,-0.5492060157256243,3.799460649120134,-0.2678251910441752,1.016843524696079,-0.003869229133704671,-2.3507611580932157,0.06777156953883398,3.5736417381669368,-0.38349563611449533,-0.5492060157256243,3.799460649120134,-0.2678251910441752,1.016843524696079,4.885571266154299,4.848215713043898,0.10000630671221197,0.10000203069670191,0.972473950780352,0.9751640023840765
0.8507677628348288,-0.9473006744931675,0.7241359757397136,0.8604664996940874,0.04132043047623223,2.6679155230287313,-0.3456118913964961,-1.357446267513617,3.8944712487061817,-0.2780209949314893,1.0022420630293827,-0.003166938149506891,-2.530018396566466,0.06826820294891658,2.6679155230287313,-0.3456118913964961,-1.357446267513617,3.8944712487061817,-0.2780209949314893,1.0022420630293827,4.353842567978425,4.316487010857824,0.1000057207548434,0.10000209059241395,0.9709504948162611,0.9735727573696767
0.8773542554234173,-0.8437603435029694,0.7167443726184954,0.8871126008747885,0.04093191971243681,1.8423208839133383,-0.3069552284367361,-2.229828390619111,3.965401764986167,-0.28720960292063025,0.9661523278987263,-0.002464634946366179,-2.68928016947616,0.0687648278268237,1.8423208839133383,-0.3069552284367361,-2.229828390619111,3.965401764986167,-0.28720960292063025,0.9661523278987263,3.822113821829907,3.784758279796117,0.10000534074370324,0.10000217609309635,0.9692988432922325,0.9717577750475009
0.9039407480120056,-0.7383342188673887,0.7091084766390745,0.9127992025799144,0.04059957884133507,1.1191630183872734,-0.26737346596862527,-3.165473909593039,4.014382615512132,-0.29537046582649196,0.906869011917709,-0.0017623232741864,-2.828546471023669,0.0692614463160148,1.1191630183872734,-0.26737346596862527,-3.165473909593039,4.014382615512132,-0.29537046582649196,0.906869011917709,3.290385082930765,3.2530295818109636,0.1000051236769668,0.10000229509542073,0.9674986611974157,0.9696306997752503
0.930527240600594,-0.6316058652123165,0.7012556119384904,0.9369096688440841,0.040348796131706506,0.5191815672253131,-0.22681893451747687,-4.158362631135945,4.044137234805909,-0.30247898849785193,0.8227101632809454,-0.001060006052403978,-2.947817298273573,0.06975805979387738,0.5191815672253131,-0.22681893451747687,-4.158362631135945,4.044137234805909,-0.30247898849785193,0.8227101632809454,2.758656404948783,2.721300984457328,0.10000505195652783,0.1000024596397515,0.9655261560694804,0.9670987710564525
0.9571137331891825,-0.5240864405919141,0.6932137565525883,0.9587826465027084,0.04020066716136297,0.06933654659691915,-0.21152268222317971,-4.546262519601527,4.057940451695078,-0.30850930841935226,0.7121538860075884,-0.00035768590429438227,-3.0470926506742178,0.0702546690592017,0.06933654659691915,-0.21152268222317971,-4.546262519601527,4.057940451695078,-0.30850930841935226,0.7121538860075884,2.2269278550262537,2.18957258416404,0.4610523787187548,0.3908892348331802,0.9633532367397593,0.964220777721302
0.9837002257777708,-0.4162000368479892,0.6850115761107864,0.9777163205149827,0.040173028250485826,-0.35718993302440144,-0.2122098298771902,-4.557970208548874,4.059783867277296,-0.3141329546425972,0.5912847112244328,-0.0009745503123446698,-3.1141146568972853,0.07168393782761437,-0.35718993302440144,-0.2122098298771902,-4.557970208548874,4.059783867277296,-0.3141329546425972,0.5912847112244328,1.6951995384269762,1.6578445566601356,0.9927770976532571,0.9226163924554059,0.9609463679737774,0.9612225547192826
1.0102867183663593,-0.3082646231493498,0.6766598826403495,0.993436507107696,0.04024385131693588,-0.7906521364560627,-0.21220551820296954,-4.605552057645967,4.050287439770225,-0.31977486971185276,0.4701042700558491,-0.0015913743030533123,-3.141145835931398,0.07311317033493447,-0.7906521364560627,-0.21220551820296954,-4.605552057645967,4.050287439770225,-0.31977486971185276,0.4701042700558491,1.1634716612576326,1.126117325492967,1.5245043244397531,1.4543448222643354,0.9582649707772931,0.9582649810896062
1.0368732109549477,-0.20058168615024521,0.6681581904367384,1.005934930799399,0.040416933304529765,-1.2223766196906525,-0.21149546440453462,-4.689691367849531,4.029266772604184,-0.32541667014881354,0.34765879440889425,-0.0022081878204840313,-3.1281861399383173,0.07454237826271506,-1.2223766196906525,-0.21149546440453462,-4.689691367849531,4.029266772604184,-0.32541667014881354,0.34765879440889425,0.6317447652075115,0.5943925647532866,2.056232364381972,1.9860736638665164,0.9552592764421717,0.9554267841258058
1.063459703543536,-0.09345761496295779,0.6595065025476237,1.0151779587603085,0.04068767119287839,-1.655501617289705,-0.21160179483773814,-4.773538345210272,3.9967680656643143,-0.3310395927457247,0.2229763496148034,-0.0028250264136492342,-3.075235610783265,0.07597154714862472,-1.655501617289705,-0.21160179483773814,-4.773538345210272,3.9967680656643143,-0.3310395927457247,0.2229763496148034,0.10002147917510339,0.10000497482221296,2.5879607899925,2.5178026993369733,0.9518674535513609,0.9528629245646967
1.0900461961321244,0.012802429593134062,0.6507053208685599,1.0211061178267729,0.041042218199426654,-2.4748422529408267,-0.25162182414922635,-3.9466436857396237,3.9527540841858446,-0.33666534229591,0.09606470777853374,-0.004143851565265277,-2.9829963311995114,0.07690439532367316,-2.4748422529408267,-0.25162182414922635,-3.9466436857396237,3.9527540841858446,-0.33666534229591,0.09606470777853374,0.10000481742342282,0.10000503260386075,3.1196894257647743,3.0495318382596244,0.9480120827209996,0.9505348156086086
1.1166326887207128,0.11789229675685431,0.641754570240775,1.0236601414681519,0.041443046172110275,-3.421516128926921,-0.29002152883507165,-3.2180364442107945,3.886956708970107,-0.3433550840587801,-0.008862705322176135,-0.0054629816226416635,-2.870761256929386,0.07783701455334525,-3.421516128926921,-0.29002152883507165,-3.2180364442107945,3.886956708970107,-0.3433550840587801,-0.008862705322176135,0.10000472375297642,0.10000525846643296,3.6514181783232216,3.581261031377067,0.943594974524718,0.9484100618904959
1.1432191813093013,0.22123284249205274,0.632625962843192,1.0234245132187891,0.04186565612663096,-4.474714443929888,-0.3266362336665524,-2.5951012519031527,3.795990595766655,-0.35106573928568424,-0.09441900739598785,-0.006782109404447867,-2.7385306994368683,0.078769623678927,-4.474714443929888,-0.3266362336665524,-2.5951012519031527,3.795990595766655,-0.35106573928568424,-0.09441900739598785,0.10000471760240072,0.1000056788542918,4.1831469867376505,4.112990245099936,0.9384899453520391,0.9464613665149675
1.1698056738978897,0.3221549183327549,0.6232923561675656,1.0209142429784344,0.04227727762799398,-5.612521706453909,-0.3614106047120676,-2.0798604798379223,3.6770236333670625,-0.3597498510912237,-0.16341364759634142,-0.008101237585427398,-2.586304662587412,0.07970222174656336,-5.612521706453909,-0.3614106047120676,-2.0798604798379223,3.6770236333670625,-0.3597498510912237,-0.16341364759634142,0.10000478542355062,0.10000636214775285,4.714875801859961,4.644719450463344,0.9325356383603816,0.9446654489847955
1.196392166486478,0.4199140799093334,0.6137278694177829,1.0165696472477406,0.04263448766204426,-6.81287708816839,-0.39439285879712144,-1.6688279716552408,3.527806366615133,-0.36935849145483735,-0.21870984282884398,-0.009420370001278194,-2.4140831527461484,0.08063480644500366,-6.81287708816839,-0.39439285879712144,-1.6688279716552408,3.527806366615133,-0.36935849145483735,-0.21870984282884398,0.10000491940472722,0.10000745352866523,5.246604573305378,5.1764486153102665,0.925525004599048,0.9430022166516988
1.2229786590750664,0.5137060777293222,0.6039079226221866,1.010754919632321,0.04288059266433692,-8.054442210777234,-0.42572158475156624,-1.3530740859545884,3.346675860403579,-0.379844014272238,-0.26307812532887853,-0.010739513021609023,-2.2218661804130657,0.08156737318691036,-8.054442210777234,-0.42572158475156624,-1.3530740859545884,3.346675860403579,-0.379844014272238,-0.26307812532887853,0.10000511498580028,0.10000927815303315,5.77833323450572,5.708177693763274,0.9171918144890865,0.9414541458976483
1.2495651516636548,0.6026824506883502,0.593809202551918,1.0037605950030457,0.042943130542383745,-9.317302547169687,-0.4556047704285742,-1.118484062275657,3.1325364922615355,-0.3911624580300362,-0.2990516194869143,-0.012058678826425404,-2.0096537642303414,0.08249991272690087,-9.317302547169687,-0.4556047704285742,-1.118484062275657,3.1325364922615355,-0.3911624580300362,-0.2990516194869143,0.10000536904568559,0.10001269883379886,6.310061672252571,6.23990660209937,0.9071938445767445,0.9400058109191048
1.2761516442522431,0.6859656089233449,0.5834095647605684,0.9958098613379527,0.04273221486051848,-10.583442679130977,-0.48429137532026584,-0.9461683917654267,2.884822097145572,-0.4032753908823593,-0.3287881877190529,-0.01337789532291444,-1.7774459427071294,0.08343240391656136,-10.583442679130977,-0.48429137532026584,-0.9461683917654267,2.884822097145572,-0.4032753908823593,-0.3287881877190529,0.10000617955563511,0.1000156845406592,6.8417896312885205,6.7716351351727315,0.8950929851088211,0.9386435154073653
1.3027381368408317,0.7626629102285022,0.5726878865697145,0.9870685366219459,0.04214095652488437,-11.836959547904755,-0.5120363366306444,-0.812969570441995,2.603445476795105,-0.41615099994302696,-0.35394348665427305,-0.014697141924930438,-1.525242734184158,0.08436485855997285,-11.836959547904755,-0.5120363366306444,-0.812969570441995,2.603445476795105,-0.41615099994302696,-0.35394348665427305,0.10000733989748539,0.1000206678000241,7.373516049679448,7.3033625109067755,0.8803340237544641,0.9373549954016993
1.32932462942942,0.8318793941021098,0.5616238910939956,0.9776584207372344,0.041049784371302675,-12.457229902802538,-0.5140227826748478,-1.1155051601040635,2.288742239503314,-0.42976425021194337,-0.3755574961135683,-0.01601644240641778,-1.2530442335261072,0.08529724965820239,-12.457229902802538,-0.5140227826748478,-1.1155051601040635,2.288742239503314,-0.42976425021194337,-0.3755574961135683,0.10000906049125158,0.10003004595501765,7.499997143891843,7.499997852353073,0.8622271575215023,0.9361291709857058
1.3559111220180085,0.8927290226898543,0.5501979670408956,0.9676736641502239,0.03933685827980473,-12.91005394960846,-0.5122399782876819,-1.4250998319806,1.9575481890181166,-0.44343031311389136,-0.4052148657852011,-0.016016823661281668,-0.9747706001629056,0.08529696127551432,-12.91005394960846,-0.5122399782876819,-1.4250998319806,1.9575481890181166,-0.44343031311389136,-0.4052148657852011,0.10001174732330952,0.3025390564562985,7.499997486284241,7.499998042296575,0.8399457760036388,0.9349559310633575
1.3824976146065968,0.9447733631089896,0.538408710307738,0.9569004221242416,0.036991938777847067,-13.57634661378795,-0.5220486873685579,-1.484741420860922,1.614315135368574,-0.4570489775002131,-0.4431032719061419,-0.01982479821633052,-0.7003046482617385,0.08260470848267693,-13.57634661378795,-0.5220486873685579,-1.484741420860922,1.614315135368574,-0.4570489775002131,-0.4431032719061419,0.10001629831968038,0.8342167552739365,7.499997723992379,7.499998181327875,0.812562411589602,0.9338259398367028
1.4090841071951852,0.9876923404911128,0.5262573810548069,0.9451198602697319,0.034009330406772904,-14.187464470205539,-0.5304678138824305,-1.469659426606225,1.253367696740993,-0.4709284210578171,-0.4825773386878202,-0.03362946784038402,-0.43583555362930115,0.07284479489952422,-14.187464470205539,-0.5304678138824305,-1.469659426606225,1.253367696740993,-0.4709284210578171,-0.4825773386878202,0.10002504414739342,1.3659080025422967,7.4999978891058285,7.499998280278586,0.77910211593734,0.932730728855636
1.4356705997837735,1.0210149914712938,0.513737046078598,0.9322898214312899,0.030493145250983348,-14.744870379606342,-0.532503941570916,-1.3705177479628416,0.876172777753012,-0.4850316996600843,-0.5216504281410241,-0.057431007791926274,-0.18136365199917034,0.05601709575387211,-14.744870379606342,-0.532503941570916,-1.3705177479628416,0.876172777753012,-0.4850316996600843,-0.5216504281410241,0.10004598821239986,1.8975934876505507,7.499997999313976,7.499998345452862,0.7386895963257629,0.9316625501972008
1.4622570923723621,1.0443093525333476,0.5008417543903552,0.9184209661896873,0.026622233179222184,-15.430450202884126,-0.5287920528243756,-1.0767640195442567,0.48415839068591143,-0.49918911175605063,-0.5580876880897546,-0.0912290799763923,0.06311093394799294,0.03212184951683557,-15.430450202884126,-0.5287920528243756,-1.0767640195442567,0.48415839068591143,-0.49918911175605063,-0.5580876880897546,0.3090774435758717,2.429241280641545,7.499998064064111,7.49999837994314,0.6908734755944093,0.9306140783879725
1.4888435849609505,1.0571814259990218,0.4875700667703495,0.9035833720065096,0.02260928656747222,-15.417439171377385,-0.4857226765739336,-1.0500724275979052,0.07391684072830917,-0.5132478377493684,-0.5867150667149899,-0.1310930911097603,0.2936590271734515,0.003937985247428787,-15.417439171377385,-0.4857226765739336,-1.0500724275979052,0.07391684072830917,-0.5132478377493684,-0.5867150667149899,0.8406765773014476,1.898258371218633,7.499998088450812,7.499998385077727,0.6360803122931735,0.9295782496911222
1.5154300775495388,1.0591466155372158,0.47392460693591754,0.8879846762336824,0.018629037168866283,-15.34994621903701,-0.42349793092901183,-0.9293368360477232,-0.33597879153656723,-0.5261615000902082,-0.6146328095287662,-0.1509780859043093,0.5241955345021728,-0.010120713958586814,-15.34994621903701,-0.42349793092901183,-0.9293368360477232,-0.33597879153656723,-0.5261615000902082,-0.6146328095287662,1.3722397195092997,1.3666019537104879,7.499998074894857,7.499998360871949,0.5760663973460004,0.9285481007819043
1.5420165701381272,1.050214117886104,0.45993581811336937,0.8716437455984476,0.014631341653177194,-15.046130255986968,-0.3473991024990661,-0.8231120008675092,-0.744080022924264,-0.5374208246921325,-0.6393406164326144,-0.1508720774023306,0.7547337949137287,-0.010045773550815913,-15.046130255986968,-0.3473991024990661,-0.8231120008675092,-0.744080022924264,-0.5374208246921325,-0.6393406164326144,1.6942255527678658,0.8349217803040055,7.499998023637915,7.499998305956737,0.5140545163347652,0.9275165227008604
1.5686030627267156,1.0304316398713083,0.44564768334073973,0.8546459210380843,0.010575768349235104,-13.962379191980864,-0.25924127964724375,-1.0858229974323261,-1.144103853461989,-0.546656948356003,-0.6612242775432478,-0.1347151602284883,0.989214795210377,0.0013771593852231025,-13.962379191980864,-0.25924127964724375,-1.0858229974323261,-1.144103853461989,-0.546656948356003,-0.6612242775432478,1.1626715610758167,0.30325172666542327,7.499997933644492,7.499998217917963,0.4539468511653322,0.926476354641476
1.5951895553153042,1.0000139312506628,0.4311139924347734,0.8370662866837923,0.006490388998230997,-13.11625786351602,-0.18983855304446096,-1.1269408040385969,-1.5153145443686418,-0.5535492647159985,-0.6900925026169936,-0.1185560607830416,1.2436868799963747,0.012801635135319164,-13.11625786351602,-0.18983855304446096,-1.1269408040385969,-1.5153145443686418,-0.5535492647159985,-0.6900925026169936,0.6310818095761844,0.10003083809021633,7.499997801209547,7.499998091791961,0.3991822806262644,0.9254201927351039
1.6217760479038925,0.9597270323474232,0.4163970590109839,0.8187191474775317,0.00250005543791294,-12.389743671404363,-0.13333543527832406,-1.00550276958426,-1.8640298368470143,-0.5585964059995421,-0.7200539059513397,-0.1085710604696504,1.511975111007366,0.019861022631319277,-12.389743671404363,-0.13333543527832406,-1.00550276958426,-1.8640298368470143,-0.5585964059995421,-0.7200539059513397,0.10007304456772487,0.10002016832459727,7.499997618146378,7.499997918157619,0.35181620291502763,0.9243402668547563
1.6483625404924809,0.91016901690518,0.401545939802866,0.7995754396435789,-0.0012709876710657543,-12.026280415621025,-0.08626730330853423,-0.5146988772171931,-2.193429665141312,-0.5621413275613648,-0.7467866978826901,-0.10857006063224393,1.7902477371977599,0.01986172154011875,-12.026280415621025,-0.08626730330853423,-0.5146988772171931,-2.193429665141312,-0.5621413275613648,-0.7467866978826901,0.1000389473950099,0.10001486952964041,7.499997370025581,7.499997680745561,0.3123127563730932,0.9232285716659632
1.6749490330810692,0.8518534153693084,0.3866005735639176,0.7797210006350712,-0.0047624279781031025,-11.570722320400495,-0.038042738128554104,0.046873305903426865,-2.5131662802795014,-0.5644348725814146,-0.7604707357671739,-0.10856960207004893,2.0685210949949338,0.019862037482635885,-11.570722320400495,-0.038042738128554104,0.046873305903426865,-2.5131662802795014,-0.5644348725814146,-0.7604707357671739,0.10002713751415186,0.10001181950686852,7.499997032690019,7.499997351688044,0.28010103958491234,0.9220765463815516
1.7015355256696576,0.785037138684765,0.37159423000729197,0.759502751054766,-0.00796133318950631,-10.892718554108482,0.011275187730898747,0.5545861625880466,-2.8207912034954394,-0.5654462955567195,-0.7592245389671647,-0.10856930805793728,2.3467947196631562,0.019862236868159865,-10.892718554108482,0.011275187730898747,0.5545861625880466,-2.8207912034954394,-0.5654462955567195,-0.7592245389671647,0.10002085351826487,0.10000991476979343,7.335799261387976,7.499996881604081,0.2541414049739411,0.9208747741224862
1.728122018258246,0.7100421942590761,0.3565609962612295,0.7393176334764482,-0.010880728415549098,-9.532367699787606,0.057190840239589924,0.4661437066582064,-3.11039038460381,-0.5651465278616781,-0.744480038065789,-0.10548180477936003,2.621981189014552,0.017679662873160695,-9.532367699787606,0.057190840239589924,0.4661437066582064,-3.11039038460381,-0.5651465278616781,-0.744480038065789,0.10001593695777357,0.10000898711630453,6.80407291358172,7.012621971329204,0.23331544024299483,0.9196124829355317
1.7547085108468345,0.6273478233511887,0.34153573228676953,0.7195245204620672,-0.013417567122389855,-8.126356521076886,0.09573614079618217,0.2766333255942303,-3.363822607805894,-0.5636260240115146,-0.732086911863516,-0.10156046620080644,2.8780062915569995,0.014907461270031818,-8.126356521076886,0.09573614079618217,0.2766333255942303,-3.363822607805894,-0.5636260240115146,-0.732086911863516,0.1000131695842855,0.10000834279018078,6.272344981817962,6.48089593417723,0.21659786963653557,0.9182771835655337
1.781295003435423,0.5379155785194301,0.32655089317665287,0.7000608972056119,-0.015609957440973052,-6.954396406866683,0.13061847344756883,0.3185918171851575,-3.579873925225715,-0.5610807358137789,-0.724732202002863,-0.09763913191737371,3.114036047311784,0.012135206259170382,-6.954396406866683,0.13061847344756883,0.3185918171851575,-3.579873925225715,-0.5610807358137789,-0.724732202002863,0.49715414839972866,0.10000794726936017,5.740616549043819,5.949168199454236,0.20312018610313023,0.9168543011400139
1.8078814960240113,0.44273928693833503,0.311633724352341,0.6807928098883578,-0.017540153492981315,-6.087256835614679,0.16892010854445924,0.848659950796701,-3.7647669337549567,-0.5576080487375351,-0.7162619630165157,-0.08625060190259233,3.3226031830596203,0.01464224007164072,-6.087256835614679,0.16892010854445924,0.848659950796701,-3.7647669337549567,-0.5576080487375351,-0.7162619630165157,1.0288724694360514,0.6203958901269211,5.208887892512202,5.417439933753904,0.1921731407581289,0.915327080582518
1.8344679886125996,0.3426473387562961,0.2968088820972441,0.661749916517137,-0.019170854268906263,-5.123035672517994,0.20312534121957324,1.3436200835867325,-3.9266057424998353,-0.5531170555236579,-0.6936990715244671,-0.07464902704600332,3.4913928046853795,0.017299886196436024,-5.123035672517994,0.20312534121957324,1.3436200835867325,-3.9266057424998353,-0.5531170555236579,-0.6936990715244671,1.5605968000306067,1.152117968268759,4.67715913079436,4.885711437689076,0.18319848129811048,0.9136760763419101
1.861054481201188,0.2382526642850162,0.28210343959994333,0.6433068912933456,-0.02054958479794832,-4.06692657805,0.2325879927845068,1.7699775146636252,-4.062809292438288,-0.5477166651447732,-0.657976926130352,-0.06304740484316301,3.6201916847506364,0.019957558732249144,-4.06692657805,0.2325879927845068,1.7699775146636252,-4.062809292438288,-0.5477166651447732,-0.657976926130352,2.092323069303397,1.6838439127802471,4.145430332837727,4.353982842030867,0.17576665561700341,0.9118782831619547
1.8876409737897764,0.13023681514275873,0.2675415745414261,0.6258135926233221,-0.021717667943743493,-2.9350081435853945,0.2568945481714088,2.106775014952635,-4.170934605763932,-0.5415329661984177,-0.6109194320548234,-0.05144577273037256,3.7089997115530116,0.022615232895991506,-2.9350081435853945,0.2568945481714088,2.106775014952635,-4.170934605763932,-0.5415329661984177,-0.6109194320548234,2.624050260502341,2.2155711122578112,3.613701551093889,3.8222542254919207,0.1695502493196065,0.9099058940271102
1.914227466378365,0.019346293159130654,0.25314411234911605,0.6095713876707742,-0.02270618392758877,-1.747249497502027,0.27571523400818465,2.3374627302505435,-4.248966178020801,-0.5347030411974149,-0.5549076737340075,-0.039844137667002795,3.7578168440740947,0.025272904753574806,-1.747249497502027,0.27571523400818465,2.3374627302505435,-4.248966178020801,-0.5347030411974149,-0.5549076737340075,3.1557779649015374,2.7472989078763854,3.081972837448809,3.2905256512609014,0.16429837524851312,0.907725057869135
1.9408139589669533,-0.0936188146419803,0.23892823390722573,0.5948183389156951,-0.02353591690078866,-0.5266109993870169,0.28883765351147694,2.4508719779081023,-4.295419413836549,-0.5273727401719006,-0.4927627381801464,-0.02824250169746077,3.766643063531589,0.027930573545291035,-0.5266109993870169,0.28883765351147694,2.4508719779081023,-4.295419413836549,-0.5273727401719006,-0.4927627381801464,3.6875059733892805,3.2790270290510266,2.550244257147971,2.7587971857555944,0.1598175754225772,0.9052942814372389
1.9674004515555417,-0.20781895105282241,0.22490724245922217,0.581717506029136,-0.02421745291661448,0.7021436912041906,0.29618993335062,2.441897429578581,-4.309420153268821,-0.519693560037518,-0.4276026485039604,-0.01664086568827154,3.7354783626381884,0.030588239313027323,0.7021436912041906,0.29618993335062,2.441897429578581,-4.309420153268821,-0.519693560037518,-0.4276026485039604,4.219234158448283,3.8107553310755473,2.018515911163392,2.22706891691402,0.1559576628537842,0.9025623523881012
1.99398694414413,-0.32239131801881543,0.21109041347694768,0.5703490513838232,-0.024751045948645477,1.913809559085882,0.2978507816147469,2.3118134982848857,-4.290752615226502,-0.511818908569683,-0.36268116059042294,-0.005039230427838309,3.6643227427769713,0.033245902500431246,1.913809559085882,0.2978507816147469,2.3118134982848857,-4.290752615226502,-0.511818908569683,-0.36268116059042294,4.750962427384073,4.34248371757593,1.4867879903764438,1.6953409859139632,0.15260121984743266,0.8994656647148156
2.0205734367327186,-0.4364673806229993,0.19748294385756035,0.5607066313957625,-0.025126054219710797,3.0841414073683198,0.29404523300715507,2.068190539793591,-4.239871131567907,-0.5039001009717833,-0.3012181481521187,0.0065624024300766064,3.5531762151294277,0.03590356426078546,3.0841414073683198,0.29404523300715507,2.068190539793591,-4.239871131567907,-0.5039001009717833,-0.3012181481521187,5.282690696538819,4.874212106516175,0.9550609610962567,1.1636136668013362,0.14965578784875094,0.8959245156975008
2.0471599293213067,-0.5491906830389978,0.1840860075576849,0.552698297332364,-0.02531987372089883,4.19115532009931,0.2851263677135618,1.7244212083733403,-4.157874628898767,-0.4960824695637348,-0.24623221569415185,0.018164027586220415,3.402038807912878,0.03856122828161555,4.19115532009931,0.2851263677135618,1.7244212083733403,-4.157874628898767,-0.4960824695637348,-0.24623221569415185,5.814418867085142,5.405940404204247,0.42333667375697653,0.6318876462987593,0.14704803557255475,0.8918384903893289
2.0737464219098953,-0.6597339860444935,0.17089691465729964,0.5461518463547346,-0.02529641262664592,5.3047515464418815,0.2761543509365158,1.4874895733624376,-4.046446509043345,-0.4885019595017132,-0.20038590401817144,0.029765617764297512,3.21091060066891,0.041218913651685646,5.3047515464418815,0.2761543509365158,1.4874895733624376,-4.046446509043345,-0.4885019595017132,-0.20038590401817144,6.346146780841893,5.9376684628744485,0.10000555281477888,0.1001657772311868,0.14471938278429922,0.8870800906720349
2.1003329144984835,-0.7673148061672933,0.1579093609314959,0.5408242880026917,-0.025004316535265293,6.781252602027086,0.280100233828247,1.914549231169045,-3.905411771369585,-0.4811599838972391,-0.16083877350039577,0.03744897390183737,2.9837099575614685,0.04664678663567521,6.781252602027086,0.280100233828247,1.914549231169045,-3.905411771369585,-0.4811599838972391,-0.16083877350039577,6.877874080802151,6.469395950555399,0.10000568927982535,0.10000804977572217,0.14262269820591092,0.8814862276412492
2.126919407087072,-0.8711460072821966,0.14511700458568597,0.5365481491430588,-0.02443854102615945,8.292934815614567,0.2782380592746605,2.2159476987646514,-3.7251220493244652,-0.4737131011065088,-0.10993762455545003,0.04512935830049516,2.7365109250469466,0.0520767556482196,8.292934815614567,0.2782380592746605,2.2159476987646514,-3.7251220493244652,-0.4737131011065088,-0.10993762455545003,7.409599391040312,7.001121589040498,0.10000596488586394,0.1000089085596109,0.14071979316861236,0.8748467034582844
2.1535058996756606,-0.9701839370381492,0.13252263473399967,0.533625293302601,-0.023510104886415646,9.514318095922068,0.26237432805365263,2.041126713966875,-3.504641999311503,-0.46631572700574664,-0.05102334748555948,0.052809747492447705,2.469316559712687,0.05750671254496982,9.514318095922068,0.26237432805365263,2.041126713966875,-3.504641999311503,-0.46631572700574664,-0.05102334748555948,7.499996355133343,7.49999661347925,0.1000063913366365,0.10001028932250651,0.13897939184201646,0.8668894678511514
2.180092392264249,-1.0633600755785013,0.12012493511401814,0.5322687614528234,-0.02211797921855443,10.271585571043207,0.23346484662318234,1.3918044933307356,-3.2516896517688063,-0.4593401138775189,0.0032430527676970073,0.052809815926154115,2.1910425428166764,0.05750665729382764,10.271585571043207,0.23346484662318234,1.3918044933307356,-3.2516896517688063,-0.4593401138775189,0.0032430527676970073,7.499996952774116,7.4999971026853585,0.10000718816952092,0.10001190454999909,0.13737521866809815,0.8572668840358114
2.2066788848528374,-1.1498110984056436,0.10791269258077092,0.5323549828511885,-0.020493748342483555,10.90657056062475,0.20598445478684502,0.7751226902811974,-2.9786042181112222,-0.4531331024630822,0.04024625261440575,0.05280990178640903,1.912768550837766,0.057506592605013084,10.90657056062475,0.20598445478684502,0.7751226902811974,-2.9786042181112222,-0.4531331024630822,0.04024625261440575,7.499997369477343,7.499997458885635,0.1000083340379567,0.1000143760138021,0.13588500353595295,0.8455404033598011
2.2332653774414255,-1.229001737374797,0.09586547271049074,0.5334249895480324,-0.018588595078654378,11.430745409448193,0.17994152311524586,0.20730519675131007,-2.6886367607342634,-0.4476566982825338,0.06085404627482132,0.05281001370853994,1.6344946123407391,0.05750651109901347,11.430745409448193,0.17994152311524586,0.20730519675131007,-2.6886367607342634,-0.4476566982825338,0.06085404627482132,7.499997671585182,7.499997725145423,0.10001002305583487,0.10001835558585571,0.13448993436000722,0.8311625983809142
2.259851870030014,-1.3004831586874666,0.08396385121936865,0.5350428851982963,-0.016362089755036828,11.855310546010731,0.1552564135953764,-0.29850501726590806,-2.3847333326239353,-0.4428726843118575,0.06636556435183436,0.05281016937244987,1.3562207697397675,0.05750639962065003,11.855310546010731,0.1552564135953764,-0.29850501726590806,-2.3847333326239353,-0.4428726843118575,0.06636556435183436,7.499997896153839,7.4999979272966035,0.10001263557790617,0.10002539919697707,0.13317425015632806,0.813455579528246
2.2864383626186027,-1.3638848537610344,0.07218941988022148,0.5368073127830669,-0.01378814027327484,12.190674259584165,0.13177716222705113,-0.7318762385562207,-2.0695422066570144,-0.43874496082247977,0.05842936292264691,0.052810408772652764,1.0779471006732584,0.05750622953672954,12.190674259584165,0.13177716222705113,-0.7318762385562207,-2.0695422066570144,-0.43874496082247977,0.05842936292264691,7.4999980651360465,7.499998081500495,0.1000170000629606,0.10006037049881937,0.13192460487155683,0.7916025763280601
2.313024855207191,-1.4189067223000942,0.06052473023103222,0.5383607446073592,-0.010861958138105194,12.881229602789062,0.11311479054803503,-0.7796482128261193,-1.7454349358046917,-0.4352414682755917,0.03897134073051762,0.052811223930147935,0.7996741651344875,0.05750565278530703,12.881229602789062,0.11311479054803503,-0.7796482128261193,-1.7454349358046917,-0.4352414682755917,0.03897134073051762,7.499998191717795,7.499998197738573,0.1000252883236968,0.6316700361754336,0.13072956473814062,0.7646635981728741
2.3396113477957794,-1.465311715284731,0.04895318616047481,0.5393968558688519,-0.007606673188725703,13.69059139757829,0.09490592994523715,-0.640063493834093,-1.402968220438242,-0.4322341427350335,0.018243229298520326,0.0628073830450353,0.5313968804702488,0.05043836813101017,13.69059139757829,0.09490592994523715,-0.640063493834093,-1.402968220438242,-0.4322341427350335,0.018243229298520326,7.499998283867619,7.499998282047067,0.31479161380824816,1.163349918559065,0.12957920796764832,0.7316390044153118
2.3661978403843675,-1.5026117194794397,0.037461596328112745,0.5398818793493828,-0.004095317392579897,14.710661166690196,0.07173862445610686,-0.2551234267202877,-1.0389834137130445,-0.429710926931938,0.0012261859635513564,0.07876225513027357,0.2771545193434765,0.03915827361514871,14.710661166690196,0.07173862445610686,-0.2551234267202877,-1.0389834137130445,-0.429710926931938,0.0012261859635513564,7.499998346252887,7.499998337827327,0.8464762560530329,1.6950311109468197,0.12846480268059615,0.691613443404381
2.392784332972956,-1.5302346443077879,0.026037089953998924,0.5399144793334109,-0.0004449329760392166,15.676784505032211,0.03726610006777441,0.20885869469875723,-0.6478785296315098,-0.4278036485245275,-0.005556651130045864,0.09471706247435599,0.04290590980072766,0.027878225046888444,15.676784505032211,0.03726610006777441,0.20885869469875723,-0.6478785296315098,-0.4278036485245275,-0.005556651130045864,7.499998381272142,7.499998366549353,1.3781721908298774,2.226682320512242,0.12737831038082947,0.6440824828414046
2.4193708255615443,-1.5474594620341389,0.014663291423127901,0.5397667474693225,0.003232221799441064,16.288349428117108,-0.009912810809090716,0.573442982793949,-0.23108781457548241,-0.426812873631277,-3.83099129854164e-06,0.11067102899872074,-0.17134929855567385,0.01659877110558978,16.288349428117108,-0.009912810809090716,0.573442982793949,-0.23108781457548241,-0.426812873631277,-3.83099129854164e-06,7.499998389989847,7.499998368479536,1.9098628762655772,2.4066181305554126,0.12631209801190293,0.5894229399286961
2.445957318150133,-1.5536032765036576,0.0033158341216130488,0.5397666456167007,0.006843735352025467,16.240854263606163,-0.06693925238698406,0.6473717423816516,0.20196226677559134,-0.42707642050239014,0.015242006620811707,0.1200111849098204,-0.3722242719298884,0.009995281448325942,16.240854263606163,-0.06693925238698406,0.6473717423816516,0.20196226677559134,-0.42707642050239014,0.015242006620811707,7.499998372766806,7.49999834317027,2.441522750950836,1.8749618812947249,0.12525862652381753,0.529395110493515
2.4725438107387214,-1.548233808194846,-0.008038629966837563,0.5401718771127623,0.010341920406523694,15.515181029297622,-0.12406078856398872,0.3985426114044929,0.6337496182874023,-0.4288561004398644,0.03245335065178195,0.10935852184381183,-0.5730991763379726,0.017526715022862037,15.515181029297622,-0.12406078856398872,0.3985426114044929,0.6337496182874023,-0.4288561004398644,0.03245335065178195,7.499998329517607,7.499998289559707,2.229574619130057,1.3432738758777039,0.12421027557390943,0.46723020229963924
2.4991303033273096,-1.5313846286652164,-0.019440409502755985,0.5410346978793449,0.013718035059112187,14.478291764078843,-0.16859767159442973,0.03546251233838231,1.0462438637333313,-0.4321544416755517,0.043049200836067,0.09269400481462947,-0.7879561699089709,0.029308529624834333,14.478291764078843,-0.16859767159442973,0.03546251233838231,1.0462438637333313,-0.4321544416755517,0.043049200836067,7.499998259320302,7.499998205378643,1.6979197043839038,0.8115809564055442,0.12315929340060108,0.40690607212174895
2.525716795915898,-1.5035686739362062,-0.030929880363491577,0.5421792251383203,0.016905564640021294,13.402022519987902,-0.20003066340861841,-0.2799924094737299,1.4311708604143383,-0.43663686242184147,0.04399202465746113,0.07602877347102902,-1.0228065759334044,0.04109084961887935,13.402022519987902,-0.20003066340861841,-0.2799924094737299,1.4311708604143383,-0.43663686242184147,0.04399202465746113,7.49999815971893,7.499998086142003,1.1662346478803087,0.27990130874549507,0.1220978755092536,0.35185885430586467
2.5523032885044863,-1.4655188604627913,-0.04253852307017712,0.5433488187758339,0.019816458425023123,12.569237465887484,-0.22492415772475227,-0.3474206750315934,1.7874836328139994,-0.4419549761720329,0.0365480085380588,0.059363644195470806,-1.2776507103935366,0.052873097972851404,12.569237465887484,-0.22492415772475227,-0.3474206750315934,1.7874836328139994,-0.4419549761720329,0.0365480085380588,7.499998025877545,7.499997923724423,0.6345460514857315,0.10002912787077016,0.12101825729598549,0.30405312525375056
2.578889781093075,-1.4179959401067561,-0.0542885557686671,0.5443205021339578,0.022367370944716938,11.826746851934708,-0.2438964013030187,-0.26031684191957205,2.121655571544928,-0.44793492062436197,0.027311311336130437,0.04931348329579165,-1.5458738388103335,0.05997856444481779,11.826746851934708,-0.2438964013030187,-0.26031684191957205,2.121655571544928,-0.44793492062436197,0.027311311336130437,7.499997849597115,7.499997704334741,0.10287465736195069,0.10002012936773058,0.11991264984364138,0.2639503001930725
2.6054762736816635,-1.3615885599783397,-0.06619757421601871,0.5450466141103775,0.0245142412208014,11.421991337141414,-0.2674791085904288,0.21536495489794263,2.4360872890709078,-0.4544192704899725,0.020390399547668105,0.04925981425391008,-1.8240937892204756,0.06001651231944509,11.421991337141414,-0.2674791085904288,0.21536495489794263,2.4360872890709078,-0.4544192704899725,0.020390399547668105,7.4999976175278595,7.49999740451506,0.10003483163162213,0.10001532305470945,0.11877306243291572,0.23101664215872814
2.6320627662702516,-1.296821543322304,-0.07827898878301379,0.5455887233168247,0.026286804838246903,10.922254109667533,-0.29228684479953765,0.7569246362610662,2.7397579771027436,-0.4615306018281003,0.026116198324899045,0.049259451452373766,-2.1023672153360997,0.0600167744833945,10.922254109667533,-0.29228684479953765,0.7569246362610662,2.7397579771027436,-0.4615306018281003,0.026116198324899045,7.499997308208905,7.499996983294908,0.10002493657193592,0.10001243127260201,0.11759096947059966,0.20427733428273118
2.65864925885884,-1.2239809881695383,-0.09054946870792462,0.5462830614300265,0.027726599980925158,10.074251197158592,-0.3108506599168182,1.0902357000820042,3.0301424050401033,-0.4693014838610919,0.046240169556969385,0.049259222432766606,-2.3806408681382885,0.06001694503858039,10.074251197158592,-0.3108506599168182,1.0902357000820042,3.0301424050401033,-0.4693014838610919,0.046240169556969385,7.145928955984738,7.4999945558406385,0.10001781362593462,0.10001109962780648,0.11635703048145384,0.18266352511079975
2.6852357514474283,-1.1434201295755746,-0.10302654913041204,0.5475124253552426,0.02888873519412893,8.693454830643976,-0.31307576568353457,0.880331376595207,3.2979814098289517,-0.4775659126271161,0.07522571291701965,0.04260183845250386,-2.652257324772282,0.05531035306619619,8.693454830643976,-0.31307576568353457,0.880331376595207,3.2979814098289517,-0.4775659126271161,0.07522571291701965,6.614202342964999,6.968275314476688,0.10001409497227691,0.10001012825537525,0.11506058675851537,0.1651977700379016
2.711822244036017,-1.0557383712658568,-0.11572335172703596,0.5495124132141769,0.02956055524457366,7.307273705439516,-0.30979538148593666,0.5958571785083592,3.529109882253108,-0.48588949915111734,0.09863063653637677,0.03594436752323119,-2.903878611226224,0.05060362658029001,7.307273705439516,-0.30979538148593666,0.5958571785083592,3.529109882253108,-0.48588949915111734,0.09863063653637677,6.082474266993068,6.436548581794508,0.10001191605784507,0.10000944718389443,0.11368933546276556,0.15104557944691308
2.7384087366246055,-0.961911717537022,-0.12864144929509044,0.5521346559014539,0.02985843073319083,6.194180055778845,-0.31385727315793593,0.6416388386151148,3.723384660465574,-0.49412587176496287,0.11447238899665454,0.029286899499918573,-3.1355045247299627,0.04589686232650706,6.194180055778845,-0.31385727315793593,0.6416388386151148,3.723384660465574,-0.49412587176496287,0.11447238899665454,5.55074572803893,5.904820741189022,0.48845417283040155,0.20929689902278442,0.11222914438270633,0.13951791949404657
2.7649952292131936,-0.8629199788570916,-0.14177852312259953,0.5551780752231067,0.029885317840005914,5.30196513670419,-0.3290551029134102,1.1208556014734696,3.888066182610938,-0.502470235831643,0.13153131522406739,0.017380657983613452,-3.337776504455355,0.04490096236562852,5.30196513670419,-0.3290551029134102,1.1208556014734696,3.888066182610938,-0.502470235831643,0.13153131522406739,5.019016982087933,5.373092490942308,1.020173416664089,0.741017717855211,0.11066407793870961,0.13005630523942802
2.791581721801782,-0.7595499361091655,-0.15513744432352367,0.5586750315604743,0.029640317062124763,4.311913408410772,-0.3394324096232059,1.5475846974588938,4.029026839422894,-0.5112186568864802,0.16133093436554277,0.005474436760557346,-3.50005786685955,0.04390503487838472,4.311913408410772,-0.3394324096232059,1.5475846974588938,4.029026839422894,-0.5112186568864802,0.16133093436554277,4.487288138559193,4.841364060436576,1.5518981554261153,1.272743095570229,0.10897605812850562,0.12221998362658835
2.8181682143903704,-0.6524322439036254,-0.1687289553559839,0.5629642552512901,0.029182080221868037,3.237438574944848,-0.3445421722102094,1.8990873605570138,4.143665493298254,-0.5202429741292475,0.20247578345477107,-0.006431780214488983,-3.6223484176835123,0.04290909340696484,3.237438574944848,-0.3445421722102094,1.8990873605570138,4.143665493298254,-0.5202429741292475,0.20247578345477107,3.9555592609913224,4.3096355646829165,2.083624670254181,1.8044699593475841,0.10714416693702178,0.11566795339143351
2.844754706978959,-0.542266711976462,-0.18256039133193586,0.568347376167476,0.02854958777693102,2.096053315515293,-0.34403741178637604,2.156226844833387,4.229737629977046,-0.5294031420371642,0.25296585549132783,-0.018337997807472365,-3.704648093724805,0.04191314222132576,2.096053315515293,-0.34403741178637604,2.156226844833387,4.229737629977046,-0.5294031420371642,0.25296585549132783,3.4238303976154407,3.777907083130279,2.6153520311634386,2.336197536738965,0.10514376512278951,0.11013819738027572
2.871341199567547,-0.4298128238254036,-0.19663536404408172,0.5750728510096598,0.027764736096640184,0.9087330365819937,-0.33770398565862636,2.3045578848457833,4.285464335915287,-0.5385498901358141,0.3102923645208327,-0.030244218509253826,-3.7469568661913812,0.04091718308226605,0.9087330365819937,-0.33770398565862636,2.3045578848457833,4.285464335915287,-0.5385498901358141,0.3102923645208327,2.89210159601569,3.2461786900097342,3.1470798634986386,2.867925513687411,0.10294582490235853,0.10542792872002563
2.8979276921561357,-0.31587735801993155,-0.21095351670676185,0.5833224366592868,0.026834755214232432,-0.301063420721014,-0.3254811364958707,2.3351949944940333,4.309624360057383,-0.5475282546476588,0.3715624756462854,-0.042150444172329764,-3.749274721530996,0.03992121659081216,-0.301063420721014,-0.3254811364958707,2.3351949944940333,4.309624360057383,-0.5475282546476588,0.3715624756462854,2.360372915882311,2.7144504763193176,3.678807974917992,3.3996537266119002,0.10051620116845561,0.10137907877288571
2.9245141847447242,-0.20129956191166545,-0.22551037259099366,0.5932009796642534,0.02575403359962262,-1.5086248952289292,-0.3074676400010779,2.2453664170416316,4.30162013965369,-0.556181656470827,0.4336471200603373,-0.05405667669708662,-3.7116016557168736,0.038925242549484304,-1.5086248952289292,-0.3074676400010779,2.2453664170416316,4.30162013965369,-0.556181656470827,0.4336471200603373,1.8286444494195957,2.182722581934196,4.210536247499701,3.9313820729863944,0.0978148815583124,0.09786756823832521
2.9511006773333124,-0.08693456994983952,-0.24029729207866307,0.6047301356078001,0.024505246045290564,-2.689350466477477,-0.28391279838660605,2.038593398781111,4.261511095057724,-0.5643561426029422,0.4933435376657074,-0.06596291859075819,-3.6339376732308044,0.03792925992244243,-2.689350466477477,-0.28391279838660605,2.038593398781111,4.261511095057724,-0.5643561426029422,0.4933435376657074,1.2969163707533768,1.6509952715478438,4.742264594878854,4.463110475294891,0.09479529448798495,0.0947953233832764
2.977687169921901,0.026364063195100353,-0.2553015424812994,0.6178464099155779,0.02305985773377131,-3.8201081146684444,-0.2551930507134505,1.7244748775908705,4.190010698812599,-0.5719043881130496,0.5475425859535736,-0.07786917389708066,-3.516282789886747,0.03693326635227775,-3.8201081146684444,-0.2551930507134505,1.7244748775908705,4.190010698812599,-0.5719043881130496,0.5475425859535736,0.7651891050762512,1.1192691936369135,5.273992938399297,4.994838860079985,0.09165893567207031,0.09208425398438543
3.004273662510489,0.1377617515851879,-0.27050647425724694,0.6324036468189704,0.02137819847061642,-4.880455281421642,-0.22177647874884593,1.318102367569309,4.088447422734352,-0.5786890762644988,0.5933903245058765,-0.08977545076030184,-3.3586370445462306,0.03593725644430332,-4.880455281421642,-0.22177647874884593,1.318102367569309,4.088447422734352,-0.5786890762644988,0.5933903245058765,0.23346433935931096,0.587546927007588,5.805721184347115,5.526567136350949,0.08838425620838614,0.08967187325131022
3.0308601550990777,0.24645922868854822,-0.2858917870944488,0.648179814283588,0.01940943534366787,-6.066697837135347,-0.19088351088095323,1.2268403170158688,3.958693234565888,-0.5845853349730759,0.6284340433322839,-0.10168177404204372,-3.1610005597502076,0.034941212912248644,-6.066697837135347,-0.19088351088095323,1.2268403170158688,3.958693234565888,-0.5845853349730759,0.6284340433322839,0.1000050460484471,0.10000797319528419,6.337449182024774,6.058295153429833,0.08498123983459976,0.08750775082875102
3.0574466476876663,0.35170699702982905,-0.30143386077010653,0.664887671319061,0.017091976065931713,-7.560516830697764,-0.16062137241431276,1.5648356785713025,3.7974010174816764,-0.5896602580203939,0.6610514243280204,-0.10693057484465618,-2.9316924124723647,0.03865203725712795,-7.560516830697764,-0.16062137241431276,1.5648356785713025,3.7974010174816764,-0.5896602580203939,0.6610514243280204,0.10000513800943693,0.10000873892987681,6.869176591695673,6.590022564446007,0.0814970873229676,0.0855509453186439
3.0840331402762544,0.4526665710370033,-0.3171108588497494,0.6824627101126367,0.014451521545467668,-9.079143853137516,-0.12197455144414007,1.7792683063429056,3.5963933927964242,-0.5939306169476544,0.7026549164987268,-0.11217938829048701,-2.68238885437035,0.042362852627485736,-9.079143853137516,-0.12197455144414007,1.7792683063429056,3.5963933927964242,-0.5939306169476544,0.7026549164987268,0.10000547874761741,0.10000959971852716,7.400902116915239,7.121748010733886,0.07801937841906698,0.0837679998412722
3.110619632864843,0.5482820573202332,-0.33290139079536246,0.7011438398424685,0.01139419810371331,-10.202243820131887,-0.07241057598731872,1.4571770338862327,3.3550108020342457,-0.5971734924556195,0.7499594201384335,-0.11742821299857716,-2.4130899642825323,0.04607366213394288,-10.202243820131887,-0.07241057598731872,1.4571770338862327,3.3550108020342457,-0.5971734924556195,0.7499594201384335,0.10000600171228059,0.10001095238317527,7.499996544518174,7.4999963884986265,0.07464883404467357,0.08213122305839149
3.137206125453431,0.6374800271431498,-0.3487781394266337,0.7210826304077246,0.007825054177453852,-10.903514739766402,-0.018495743329808547,0.7802522824902298,3.083768922323337,-0.5990986356974414,0.7887006465501104,-0.1174283090162487,-2.1348159531970454,0.04607359839746158,-10.903514739766402,-0.018495743329808547,0.7802522824902298,3.083768922323337,-0.5990986356974414,0.7887006465501104,0.10000676493884354,0.10001304679062845,7.499997079599913,7.49999689740315,0.07145277985464922,0.08061726244806515
3.1637926180420197,0.7194666267414176,-0.3647060708644357,0.7420514143018475,0.003899224784332869,-11.486526272689423,0.03367722022537857,0.14485599197510385,2.793882708504972,-0.5995903726404002,0.8094448180757652,-0.11742843055541334,-1.8565419762123592,0.046073517313245015,-11.486526272689423,0.03367722022537857,0.14485599197510385,2.793882708504972,-0.5995903726404002,0.8094448180757652,0.10000787618264119,0.10001640830232766,7.499997455036858,7.499997266573077,0.06844986987436033,0.07920623185248053
3.1903791106306083,0.7937461686644693,-0.3806470758628271,0.7635717129584937,-0.0004140937715237972,-11.963437614448562,0.08423999476352517,-0.43397274013870635,2.4884962628874883,-0.598695013474475,0.8132960308328229,-0.11742859452268896,-1.5782680693255486,0.04607340639897204,-11.963437614448562,0.08423999476352517,-0.43397274013870635,2.4884962628874883,-0.598695013474475,0.8132960308328229,0.10000953839783434,0.10002227027667657,7.499997726981828,7.499997540058171,0.06562906162198028,0.07788125796206745
3.2169656032191964,0.8599065561144565,-0.39656427640138964,0.7851944018545624,-0.005121280055459481,-12.345881522889417,0.13341643570621683,-0.9441844286320383,2.170430417416911,-0.5964553674780337,0.8017582177934747,-0.11742883742625819,-1.2999942936556665,0.04607323963579297,-12.345881522889417,0.13341643570621683,-0.9441844286320383,2.170430417416911,-0.5964553674780337,0.8017582177934747,0.10001215383830345,0.10003415692014975,7.499997927110571,7.499997744207665,0.06296927763021012,0.07662806650319261
3.243552095807785,0.9176106883211572,-0.4124219326082667,0.8065103407697718,-0.010195575733970582,-12.94602726885455,0.18582488037073433,-1.1752042972458365,1.8421967298090198,-0.5929082923989372,0.7766556654793871,-0.117429254574433,-1.0217207830573596,0.04607294957478009,-12.94602726885455,0.18582488037073433,-1.1752042972458365,1.8421967298090198,-0.5929082923989372,0.7766556654793871,0.10001662246843761,0.4625659144082201,7.499998073843597,7.499997894870215,0.06044888132425235,0.07543445523392867
3.270138588396373,0.9665882380249454,-0.42818528452984234,0.8271588908639281,-0.015569301112957607,-13.625369246001965,0.24227100367855678,-1.2475525361517263,1.4980072717739183,-0.5879678605941883,0.7454111051406058,-0.12424602884704423,-0.7502637921069477,0.0412534949223184,-13.625369246001965,0.24227100367855678,-1.2475525361517263,1.4980072717739183,-0.5879678605941883,0.7454111051406058,0.10002533715351575,0.9942286640466568,7.4999981779630795,7.499998001365517,0.05804868421968081,0.07428986998124153
3.2967250809849618,1.0064149972536123,-0.44381728769785667,0.8469767576862042,-0.02111181002390811,-14.45134682410861,0.3089605971631913,-1.1258314452787452,1.1357564932982696,-0.5815267243504622,0.7122430588843545,-0.14105913692221267,-0.48880345875646,0.029366632208284064,-14.45134682410861,0.3089605971631913,-1.1258314452787452,1.1357564932982696,-0.5815267243504622,0.7122430588843545,0.33683203901551745,1.5259017084627888,7.4999982454740985,7.49999806866793,0.05575243704033595,0.07318506118288179
3.32331157357355,1.0366107788451249,-0.4592780436448652,0.8659128024925111,-0.026617443651874118,-15.480238933350062,0.39502738191291625,-0.7795200289653541,0.7515458680639614,-0.5733125457238216,0.6823111495084629,-0.16341641885629338,-0.24179233155496196,0.013560038581544866,-15.480238933350062,0.39502738191291625,-0.7795200289653541,0.7515458680639614,-0.5733125457238216,0.6823111495084629,0.8685147877012888,2.0575428491169983,7.499998279023469,7.4999980984733865,0.05354662470595992,0.07211166625088465
3.3498980661621385,1.056591747496388,-0.4745204133926953,0.8840530628120339,-0.03187304060923617,-15.767239526005707,0.47953805324036736,-0.7477645514943998,0.33998061039284766,-0.5628101531623091,0.6615864460357297,-0.1857729185328881,-0.014774168298883795,-0.002246001889614182,-15.767239526005707,0.47953805324036736,-0.7477645514943998,0.33998061039284766,-0.5628101531623091,0.6615864460357297,1.400208442996362,1.7920987870791467,7.499998279528657,7.499998090631227,0.05142002882574397,0.07106192828358884
3.376484558750727,1.065630639474857,-0.4894835613585265,0.9016423259562784,-0.03673004585268192,-15.768731742136167,0.5693319961260427,-0.7554710780339136,-0.07921498640775555,-0.5500609182638944,0.641706009329383,-0.19314137309483545,0.20723788248701747,-0.007455494242790861,-15.768731742136167,0.5693319961260427,-0.7554710780339136,-0.07921498640775555,-0.5500609182638944,0.641706009329383,1.9318954790597036,1.2604564469623443,7.499998246615739,7.499998043383733,0.04936335162830817,0.070028420312423
3.403071051339315,1.0635245908258188,-0.504107751885221,0.9187030380173709,-0.04116784501199954,-15.715946177635791,0.6629677167131194,-0.6705138860322636,-0.4984502560014525,-0.5349243773684488,0.6216206831123087,-0.1805167596242965,0.429249091377844,0.0014701128841063838,-15.715946177635791,0.6629677167131194,-0.6705138860322636,-0.4984502560014525,-0.5349243773684488,0.6216206831123087,2.463547185974314,0.7287819007709917,7.499998178105411,7.4999979523723495,0.04736894376076884,0.06900376431690672
3.429657543927904,1.0502725467888545,-0.5183295148795819,0.9352297517018527,-0.04522683390623476,-15.40448211664364,0.7409214011625267,-0.614883026433401,-0.9162821425757763,-0.517298391081587,0.6037940706507324,-0.14789913699588697,0.6512607267008763,0.024530778083842273,-15.40448211664364,0.7409214011625267,-0.614883026433401,-0.9162821425757763,-0.517298391081587,0.6037940706507324,2.7583103287809756,0.1971166467960624,7.499998069627535,7.499997809515005,0.04543046747097768,0.06798074557588048
3.456244036516492,1.0259118183962073,-0.5320826647201609,0.9512825182862444,-0.04893903303838747,-14.70663849599009,0.7837217121279648,-0.682301318140844,-1.3258332922009353,-0.497599889740857,0.5874464876255857,-0.09974273676350316,0.8777266686297487,0.05857735996361747,-14.70663849599009,0.7837217121279648,-0.682301318140844,-1.3258332922009353,-0.497599889740857,0.5874464876255857,2.226666069346782,0.10003223717584928,7.499997913397886,7.499997600281182,0.04354274821861695,0.06695221635840083
3.4828305291050805,0.9906625613994038,-0.5453121005008381,0.9669006599756961,-0.0522576139355342,-14.034548153705876,0.8047507792379383,-0.6387096067189877,-1.7168312275776285,-0.4767634782498529,0.5693064886876442,-0.05975707460439498,1.116014166699793,0.08684723143478189,-14.034548153705876,0.8047507792379383,-0.6387096067189877,-1.7168312275776285,-0.4767634782498529,0.5693064886876442,1.6949868892638578,0.10002072092100156,7.489771919046667,7.4999972974841995,0.0417017162576574,0.06591090431457859
3.509417021693669,0.9450180406915545,-0.5579875691818371,0.982036522717827,-0.05500285245067073,-12.598322499319021,0.7631402952353132,-1.0326286442066352,-2.0899606380503184,-0.4553679776219845,0.5523254404623433,-0.02957573573470351,1.3641064097374922,0.10791358106760665,-12.598322499319021,0.7631402952353132,-1.0326286442066352,-2.0899606380503184,-0.4553679776219845,0.5523254404623433,1.163301772163966,0.10001501652463242,6.958044442217995,7.152069121091136,0.03990434664128068,0.06484930720591589
3.5360035142822572,0.8894533176775885,-0.5700942065439643,0.9967209189471693,-0.05703871379506855,-10.997632224102126,0.6971330696978415,-1.5391136056307626,-2.4249058458071096,-0.4350787538186594,0.5248714666663725,-0.005935353036533129,1.6056561036805934,0.1194688959483496,-10.997632224102126,0.6971330696978415,-1.5391136056307626,-2.4249058458071096,-0.4350787538186594,0.5248714666663725,0.6316270670527855,0.10001168998520585,6.426315846684933,6.620342489039573,0.038148591770636536,0.06375964645488938
3.562590006870846,0.8249835763800135,-0.581661424607816,1.0106754103056577,-0.058176623731511515,-9.40296212646843,0.6213282273057691,-2.087921860805272,-2.7172943134252208,-0.41654443062787944,0.4839518341972684,0.007708406632021853,1.837207148063242,0.12395654614506815,-9.40296212646843,0.6213282273057691,-2.087921860805272,-2.7172943134252208,-0.41654443062787944,0.4839518341972684,0.10006606194040486,0.10000955932709456,5.894586887836445,6.088614401821059,0.03643339177453191,0.0626336453694649
3.589176499459434,0.752740251255121,-0.5927358800255217,1.023541992158778,-0.05851923670459664,-8.227293212846877,0.56835489722119,-2.3508962502260395,-2.9672860963113497,-0.40002549231753515,0.4284413151194115,0.011357638080991923,2.0587573483836463,0.12137804171695632,-8.227293212846877,0.56835489722119,-2.3508962502260395,-2.9672860963113497,-0.40002549231753515,0.4284413151194115,0.10003287247821373,0.10000811565238359,5.362857756056893,5.556885859687921,0.03475850160119325,0.06146267623886017
3.6157629920480225,0.6738505214473184,-0.6033711548122681,1.0349327440078462,-0.05823960907073234,-7.059715840838251,0.514774490212558,-2.6668346778876573,-3.1860209663388455,-0.3849149290548773,0.3659392293862312,0.015006283721960903,2.260312719289539,0.1187991074459577,-7.059715840838251,0.514774490212558,-2.6668346778876573,-3.1860209663388455,-0.3849149290548773,0.3659392293862312,0.10001745024009785,0.10000791843298835,4.831128529230617,5.02515712249931,0.03312438171499422,0.06023767684802549
3.642349484636611,0.589145398638664,-0.6136046927208224,1.0446617846177977,-0.05750017385856985,-5.917554206819434,0.4605189865098386,-3.0541299983385306,-3.3737140492188304,-0.3712288808860478,0.2950374489875753,0.01865465230345378,2.441872897824876,0.11621996427616132,-5.917554206819434,0.4605189865098386,-3.0541299983385306,-3.3737140492188304,-0.3712288808860478,0.2950374489875753,0.1000121633803694,0.1000077322763211,4.299399254153015,4.4934282858178,0.03153208585964584,0.05894900369963694
3.6689359772251993,0.49945017507309164,-0.6234743666111692,1.0525057955686625,-0.05643870488030438,-4.819766187703331,0.40557879130875807,-3.5266465561600753,-3.531041060281004,-0.3589852962643007,0.21383884442215742,0.022302933222719135,2.603437690435002,0.11364074747375566,-4.819766187703331,0.40557879130875807,-3.5266465561600753,-3.531041060281004,-0.3589852962643007,0.21383884442215742,0.10000957777166793,0.10000758376792117,3.767669961600943,3.9616994077204466,0.029983241293364677,0.05758605794684749
3.695522469813788,0.4055721780939301,-0.6330185265297121,1.058191020421045,-0.055165185127724836,-3.786565204070893,0.35003489488669465,-4.0933269486078485,-3.659181738309106,-0.3482023787350826,0.12007768189423192,0.025951176111537674,2.745007044514958,0.11106149276492679,-3.786565204070893,0.35003489488669465,-4.0933269486078485,-3.659181738309106,-0.3482023787350826,0.12007768189423192,0.10000812235082926,0.10000749806345212,3.2359406775039448,3.429970532872009,0.028479903957126032,0.05613708032896432
3.722108962402376,0.3082873699280777,-0.6422760064912811,1.0613834648207812,-0.053763253390410805,-2.838811707367644,0.29407795408117654,-4.7579410071510235,-3.7598532260433424,-0.3388961785964309,0.011250475312395395,0.02959940094132489,2.8665809378537825,0.10848221440787893,-2.838811707367644,0.29407795408117654,-4.7579410071510235,-3.7598532260433424,-0.3388961785964309,0.011250475312395395,0.10000727040860849,0.10000750193311066,2.7042114302286127,2.8982417049816505,0.02702438113456401,0.054588907634014666
3.7486954549909646,0.20832605999969692,-0.651286067231836,1.0616825754992925,-0.052293785957429915,-2.0694875207527277,0.246626261577931,-5.36377776802296,-3.8353272724616687,-0.33107767724978504,-0.11524648801117085,0.03324761756527003,2.9681593589957243,0.10590291909932524,-2.0694875207527277,0.246626261577931,-5.36377776802296,-3.8353272724616687,-0.33107767724978504,-0.11524648801117085,0.10000688861761302,0.27144543426955425,2.172482259780132,2.3665129780160536,0.025619027575133815,0.05292667340567989
3.7752819475795527,0.10635815989558454,-0.6600882614442845,1.058618575599923,-0.05079905760023001,-1.7119151103221137,0.24347971051310507,-5.214698532230462,-3.890347687094336,-0.3245207499741928,-0.2578505258875548,0.03367240301715497,3.0465188701837365,0.10104464616147059,-1.7119151103221137,0.24347971051310507,-5.214698532230462,-3.890347687094336,-0.3245207499741928,-0.2578505258875548,0.631155294344582,0.8031676517775411,1.640753238131722,1.834784434212648,0.024266031466155417,0.051133428703425556
3.8018684401681413,0.0029274599456197907,-0.6687161299583164,1.0517632345044496,-0.04937143323803467,-1.3340668926914092,0.239800029198148,-5.090951640138442,-3.9358615054872055,-0.3180474784551651,-0.39649106976643006,0.03408640845599775,3.084898460134531,0.09617873905017245,-1.3340668926914092,0.239800029198148,-5.090951640138442,-3.9358615054872055,-0.3180474784551651,-0.39649106976643006,1.1628785667127226,1.3348936141104308,1.109024537303803,1.3030562276985531,0.022967216371437036,0.049189649320929944
3.82845493275673,-0.10171329279972532,-0.6771718968870838,1.0412219276166628,-0.04804307385624182,-0.9425357533678796,0.23548441391407382,-4.99722380893108,-3.9713296650424255,-0.31167203675614585,-0.5318416178158402,0.034500372611490436,3.0832872619792075,0.09131278960947498,-0.9425357533678796,0.23548441391407382,-4.99722380893108,-3.9713296650424255,-0.31167203675614585,-0.5318416178158402,1.6946050794630996,1.8666207982986585,0.5772968345127174,0.7713287335086587,0.021723923415607315,0.04707254238344366
3.855041425345318,-0.20729701950621615,-0.6854581631823713,1.0270821243862984,-0.04682976859358319,-0.5508997445912064,0.23305957277873432,-4.8818833505877715,-3.99638838486382,-0.3054113321308919,-0.6647002715755113,0.03491432806457617,3.0416852239760797,0.08644682847020177,-0.5508997445912064,0.23305957277873432,-4.8818833505877715,-3.99638838486382,-0.3054113321308919,-0.6647002715755113,2.2263326439063165,2.3983485678203813,0.10000190589210736,0.2396034375690966,0.020537070398072947,0.04475506978964427
3.8816279179339066,-0.31354696968151796,-0.6935779793005402,1.009410075542423,-0.04573488942944611,-0.17861138761652515,0.26968504097066187,-3.930748225612077,-4.01103487684045,-0.29921509552651093,-0.7944924270942716,0.03430486201155175,2.9611158195820346,0.08230442088343025,-0.17861138761652515,0.26968504097066187,-3.930748225612077,-4.01103487684045,-0.29921509552651093,-0.7944924270942716,2.7580607030205067,2.9300766617029645,0.10000173351008847,0.10000436757940051,0.019407071181507193,0.04220503173864923
3.9082144105224947,-0.42018631870720524,-0.7015330592201496,0.9882873085177906,-0.04477973009137388,0.3362199975814246,0.3098022555818645,-2.8734504554262594,-4.015783527173555,-0.29204511618349166,-0.8989972356621168,0.031070610964900307,2.857926172364353,0.08001773536278342,0.3362199975814246,0.3098022555818645,-2.8734504554262594,-4.015783527173555,-0.29204511618349166,-0.8989972356621168,3.2897890264923553,3.4618049416663874,0.10000160650655068,0.10000430638499723,0.018333816694177732,0.03938393416930978
3.9348009031110833,-0.5269519176897796,-0.7092975145370954,0.9643861251746974,-0.044015287910873314,0.9942388797630702,0.3473041432146661,-1.8644350511254462,-4.0068446166997225,-0.2838085608115368,-0.9753922048989856,0.027836361973673545,2.7347410611374485,0.07773104954568778,0.9942388797630702,0.3473041432146661,-1.8644350511254462,-4.0068446166997225,-0.2838085608115368,-0.9753922048989856,3.821517489601078,3.9935333183217314,0.10000151215665291,0.10000435292691201,0.017316729674965642,0.03644425824725993
3.961387395699672,-0.6334798623952912,-0.7168429887356893,0.9384538675481826,-0.043416920552322595,1.7775895127390664,0.3824083551543167,-0.9154314345766182,-3.9804112920916173,-0.27457496178197444,-1.0249609935676391,0.024602117257065778,2.591560484097448,0.07544436300492863,1.7775895127390664,0.3824083551543167,-0.9154314345766182,-3.9804112920916173,-0.27457496178197444,-1.0249609935676391,4.353246007113865,4.525261720664849,0.10000144235419269,0.10000450705569713,0.016354746621182345,0.033451481798710866
3.98797388828826,-0.7393050377120178,-0.7241429739221178,0.9112037496891033,-0.04295972717996325,2.665841493354863,0.41544010218503646,-0.0334837776192498,-3.93315142168563,-0.26440806488185026,-1.0492991046183735,0.021367878916344823,2.428384442222872,0.07315767501837506,2.665841493354863,0.41544010218503646,-0.0334837776192498,-3.93315142168563,-0.26440806488185026,-1.0492991046183735,4.884974503411485,5.056990077102702,0.10000139172539384,0.10000478239469139,0.015446342073269613,0.0305428692839133
4.014560380876849,-0.843873738834458,-0.7311726569794622,0.8833065668209534,-0.04261754701999655,3.636782882080882,0.4468254021411554,0.7794177535859584,-3.8622760465802024,-0.2533629696841057,-1.0501893208238877,0.0181336493342667,2.245212939415283,0.07087098455784165,3.636782882080882,0.4468254021411554,0.7794177535859584,-3.8622760465802024,-0.2533629696841057,-1.0501893208238877,5.4167028879811445,5.588718293778013,0.10000135662319387,0.10000521006983244,0.014589524068330403,0.02793404695062738
4.041146873465437,-0.9465581123219444,-0.7379086896951915,0.8553857162262534,-0.042362092249809094,4.667165709980312,0.4770786382084371,1.5264670329072678,-3.7655867454394567,-0.24148344944168718,-1.0294673364947624,0.014899431610284924,2.0420459835595,0.06858429017735601,4.667165709980312,0.4770786382084371,1.5264670329072678,-3.7655867454394567,-0.24148344944168718,-1.0294673364947624,5.94843101285761,6.120446209521328,0.1000013345523621,0.10000584929727852,0.01378175442371531,0.025722939271514124
4.067733366054025,-1.0466718564212567,-0.7443288876340397,0.8280157905143404,-0.0421623230035255,5.733333913009335,0.5067849949200642,2.215944635839322,-3.6415031788813543,-0.22879960176278502,-0.9888839320376503,0.011665230252440865,1.8188835894192767,0.06629758978612796,5.733333913009335,0.5067849949200642,2.215944635839322,-3.6415031788813543,-0.22879960176278502,-0.9888839320376503,6.480158539197708,6.652173447759788,0.10000132383105564,0.10000681263442843,0.013019953401235346,0.023839590216571553
4.0943198586426135,-1.1434866536979065,-0.7504118665505781,0.801724835184246,-0.041984229007302094,6.811671356506655,0.5365782312289838,2.860913714320289,-3.489073939295232,-0.2153259662513352,-0.9299697364001874,0.008431052626145578,1.5757257872945754,0.06401088027630697,6.811671356506655,0.5365782312289838,2.860913714320289,-3.489073939295232,-0.2153259662513352,-0.9299697364001874,7.011884152275027,7.183898538293245,0.10000132339664258,0.10000833018576907,0.012300676421220113,0.022196103618529025
4.120906351231202,-1.2362488921260157,-0.7561366287564499,0.7770002016798296,-0.04179123316068817,7.746702361880924,0.5576043210306452,3.255901411210574,-3.307975489259572,-0.2010602330835682,-0.8539080751378214,0.005196913366558569,1.3125726641549806,0.061724157533831724,7.746702361880924,0.5576043210306452,3.255901411210574,-3.307975489259572,-0.2010602330835682,-0.8539080751378214,7.499996569326337,7.4999958135027205,0.10000135435129025,0.10000954383484852,0.011620306222880197,0.02073075584943463
4.147492843819791,-1.3241963579544471,-0.7614821151531862,0.7542977809688408,-0.041545452477980145,8.19825029514175,0.5510857314060038,2.9776962247629934,-3.1020178443294264,-0.18623548993512223,-0.7673450763994957,0.005197081559163174,1.0342985495491077,0.06172405871635922,8.19825029514175,0.5510857314060038,2.9776962247629934,-3.1020178443294264,-0.18623548993512223,-0.7673450763994957,7.499997030046571,7.499996181223555,0.1000013968930787,0.10001125091298148,0.010975196202983073,0.019402512568928748
4.174079336408379,-1.4066681323823802,-0.7664334636260786,0.7338967667822546,-0.04108855173115077,8.547064924652425,0.5457789193722433,2.7474709926013987,-2.8840551236182494,-0.17158405322141979,-0.6881785777887655,0.0051972827975323,0.7560244522635422,0.06172393900805906,8.547064924652425,0.5457789193722433,2.7474709926013987,-2.8840551236182494,-0.17158405322141979,-0.6881785777887655,7.499997326195823,7.499996440688488,0.10000145144013713,0.10001370206679323,0.01036176698075206,0.018183190491733822
4.200665828996967,-1.4833450425515369,-0.7709952817853698,0.715600512124247,-0.040396693029093614,8.797966973758824,0.5416197974748017,2.5731668617752375,-2.6568186453447953,-0.15707370602652193,-0.6151329606066056,0.005197529787439656,0.4777503916441473,0.06172378792872875,8.797966973758824,0.5416197974748017,2.5731668617752375,-2.6568186453447953,-0.15707370602652193,-0.6151329606066056,7.499997513985145,7.499996612176994,0.1000015193125707,0.10001739394944523,0.009776597053327096,0.017052556303972476
4.2272523215855555,-1.5539805317752196,-0.7751713207065062,0.6992462842260819,-0.039458436107249646,8.95470812679208,0.5384508025281138,2.4604465904539343,-2.4229115616023127,-0.1426739352951254,-0.5467214789068159,0.005197845223671158,0.1994763949616431,0.06172358889122881,8.95470812679208,0.5384508025281138,2.4604465904539343,-2.4229115616023127,-0.1426739352951254,-0.5467214789068159,7.499997621322824,7.499996706062359,0.10000160248804928,0.1000233605240523,0.009216546436223225,0.0159954768129803
4.253838814174144,-1.6183972520505645,-0.7789645202298149,0.6847108776791025,-0.038276728477060866,9.019759198153068,0.5360235916348554,2.41282866189627,-2.184837280356384,-0.1283584170243922,-0.48130683386509376,0.00519827153444096,-0.07879749175493413,0.06172331182308013,9.019759198153068,0.5360235916348554,2.41282866189627,-2.184837280356384,-0.1283584170243922,-0.48130683386509376,7.4999976606423875,7.499996724093558,0.10000170377232265,0.10003410155056475,0.008678759623231957,0.015000270438355497
4.280425306762733,-1.676484412212031,-0.7823771203327169,0.6719146171077102,-0.03686967974439526,8.621557062396603,0.511877417595903,1.9246088322690778,-1.9450335192838366,-0.11410742977808358,-0.417158182528054,0.005198898297411016,-0.3570711756891494,0.06172289360120886,8.621557062396603,0.511877417595903,1.9246088322690778,-1.9450335192838366,-0.11410742977808358,-0.417158182528054,7.097282031158214,7.272982071665435,0.10000182609444633,0.10005696095401548,0.008160656288964944,0.014057680536792202
4.307011799351321,-1.7281960314570268,-0.785410836668815,0.660823844179658,-0.03526977880251485,8.062588486995649,0.4831219526497475,1.385124790192897,-1.715816556342337,-0.1004984046089042,-0.36598958407299786,0.0018963650709438863,-0.6235040318465999,0.05938653676756132,8.062588486995649,0.4831219526497475,1.385124790192897,-1.715816556342337,-0.1004984046089042,-0.36598958407299786,6.565554613796035,6.741255629806283,0.10000197291258561,0.39788115198710083,0.007659915787924331,0.013160212763104922
4.333598291939909,-1.7738135756155995,-0.7880827367581146,0.6510934648151996,-0.033662044306933994,7.572397300739373,0.46344421610395425,1.0809311179553802,-1.5014606072879881,-0.08765388639539716,-0.32916397410426135,0.0041935990361463395,-0.8643416880765559,0.05309111859419941,7.572397300739373,0.46344421610395425,1.0809311179553802,-1.5014606072879881,-0.08765388639539716,-0.32916397410426135,6.033826000413526,6.209527520919603,0.10000215002729639,0.9294873562941891,0.007174459357728136,0.012301693333255538
4.360184784528498,-1.813732146923319,-0.790413146159127,0.6423421492572454,-0.032031752378058276,7.02674822451414,0.4422757013273124,0.8089684830958709,-1.3001371225740332,-0.07533253017872502,-0.30042580694796317,0.016486254705185034,-1.0751884437516241,0.03972892386345067,7.02674822451414,0.4422757013273124,0.8089684830958709,-1.3001371225740332,-0.07533253017872502,-0.30042580694796317,5.5020969974120515,5.67779886996452,0.1000023665095868,1.4611099699811443,0.00670249371713765,0.01147695934631553
4.386771277117086,-1.848298232896782,-0.7924159739144033,0.6343548807674018,-0.030288681989239438,6.439816485016098,0.4163402730850616,0.5542740452880717,-1.1133205329811104,-0.06357397052327347,-0.2789181723677304,0.03877464273881398,-1.256043972079159,0.019299736991257855,6.439816485016098,0.4163402730850616,0.5542740452880717,-1.1133205329811104,-0.06357397052327347,-0.2789181723677304,4.970367807633329,5.146069960579001,0.10000263632276854,1.9926853655216354,0.006242497275922983,0.010681645640396883
4.413357769705675,-1.8778975209956077,-0.7941061828105476,0.6269394248449237,-0.028310338642454733,5.946773722989961,0.39116035441166186,0.5147655377272408,-0.9421083997303594,-0.05250494293856639,-0.2641819695706295,0.07105787567043105,-1.4069091514965777,-0.008195812678484375,5.946773722989961,0.39116035441166186,0.5147655377272408,-0.9421083997303594,-0.05250494293856639,-0.2641819695706295,4.438638513743677,4.6143409091386705,0.3443543515372248,2.5239877774908317,0.005793174206685005,0.009912027922404561
4.439944262294263,-1.9029448789826855,-0.795502105086848,0.6199157528688947,-0.025936504546843788,5.062491538145161,0.3322960987281746,-0.20710379662683212,-0.7840045442180736,-0.042105361075050904,-0.2504961594169808,0.10873644532530323,-1.5231947339408252,-0.03950587185744506,5.062491538145161,0.3322960987281746,-0.20710379662683212,-0.7840045442180736,-0.042105361075050904,-0.2504961594169808,3.9069091590883502,4.0826117776859014,0.876081215840501,1.9951002539335239,0.005353435899085232,0.009164901777383307
4.466530754882851,-1.923788809986959,-0.7966215389570098,0.6132559385830846,-0.023045452955897616,4.506680177210228,0.286590622958191,-0.35208322686558335,-0.6494106504594004,-0.03327077330899826,-0.2560023229710955,0.12647299058384429,-1.6194314342981915,-0.05671692572237276,4.506680177210228,0.286590622958191,-0.35208322686558335,-0.6494106504594004,-0.03327077330899826,-0.2560023229710955,3.3751797713838823,3.55088260643871,1.407809472940456,2.14680036490382,0.004922384939201785,0.00843749074326135
4.49311724747144,-1.9410543614323483,-0.7975060921250062,0.6064497347207508,-0.01992869625816019,3.6808236585214833,0.2224006652795562,-1.14345068023369,-0.5295938313288521,-0.02565133383576058,-0.2653629810727013,0.13706411770566979,-1.682822592690618,-0.06887617471948239,3.6808236585214833,0.2224006652795562,-1.14345068023369,-0.5295938313288521,-0.02565133383576058,-0.2653629810727013,2.8434503734685563,3.0191534251882053,1.939538190820577,1.6162974764190658,0.004499284225437434,0.00772737681998624
4.519703740060028,-1.955134403903935,-0.7981880711219181,0.5993946637911749,-0.016683768198043212,3.2060782554212603,0.18008532411519595,-1.2117830871441981,-0.43173364041166074,-0.01973848019660769,-0.29576332410812833,0.12768281308043572,-1.7261952050169924,-0.06691492023177859,3.2060782554212603,0.18008532411519595,-1.2117830871441981,-0.43173364041166074,-0.01973848019660769,-0.29576332410812833,2.3117209875574667,2.487424264839462,2.471267131415138,1.9078610150416817,0.004083598946391143,0.007032445982591269
4.546290232648617,-1.9666126871349834,-0.7987128480793753,0.5915313543667977,-0.013667073623447754,2.8085026743383024,0.14601524356733223,-1.0734265290862461,-0.34649526463546876,-0.014950643061705161,-0.3279803861734628,0.11378583541666083,-1.7340925046451112,-0.06176109090273812,2.8085026743383024,0.14601524356733223,-1.0734265290862461,-0.34649526463546876,-0.014950643061705161,-0.3279803861734628,1.7799916420704112,1.9556951665400422,3.0029961966121625,2.4393736374240573,0.003674938347545444,0.006350847258173116
4.572876725237205,-1.975824780920195,-0.79911033324033,0.5828115062605944,-0.010967273738911881,2.403092210032341,0.11571138935547964,-0.9529558773729274,-0.2718270290991426,-0.011068609870781076,-0.3565190326334069,0.09988478347626663,-1.7020028896475519,-0.056604387631980065,2.403092210032341,0.11571138935547964,-0.9529558773729274,-0.2718270290991426,-0.011068609870781076,-0.3565190326334069,1.2482623852420263,1.4239662015333017,3.534725334233741,2.97103452339475,0.0032730856884683026,0.005680958153705635
4.599463217825793,-1.983051708214717,-0.7994046087546255,0.5733329156417954,-0.008585407045558262,2.0001400416202366,0.08923596727221701,-0.8530827984549648,-0.207937235867423,-0.007992249875266125,-0.3818547870044324,0.08598244275898102,-1.629923575135065,-0.051446780954473824,2.0001400416202366,0.08923596727221701,-0.8530827984549648,-0.207937235867423,-0.007992249875266125,-0.3818547870044324,0.7165333292265281,0.8922375367441832,4.066454510322057,3.5027313134735008,0.0028779466287389074,0.0050213560083636295
4.626049710414382,-1.9885800299949976,-0.7996170946467005,0.563180736177185,-0.0065218316388769015,1.610348301417952,0.0666190282999223,-0.7746845920353476,-0.15476052747474747,-0.005619778492747633,-0.40453526650300603,0.07207948575333578,-1.5178538947240898,-0.04628874896243459,1.610348301417952,0.0666190282999223,-0.7746845920353476,-0.15476052747474747,-0.005619778492747633,-0.40453526650300603,0.18480491114254075,0.360509824207673,4.598183697633427,4.034441655521223,0.002489541781145974,0.004370793915394242
4.65263620300297,-1.9926945696117107,-0.7997665048459475,0.5524255623124802,-0.004777945637339602,1.3419698029303553,0.05159920908952188,-0.005473627355616353,-0.11194701429405299,-0.003848612190592651,-0.42513141266764587,0.058176161146916074,-1.365793623294198,-0.04113047583468062,1.3419698029303553,0.05159920908952188,-0.005473627355616353,-0.11194701429405299,-0.003848612190592651,-0.42513141266764587,0.1000011782615488,0.10000176653081733,5.12991286843332,4.566158298371134,0.0021080165423723748,0.0037281846552682674
4.679222695591559,-1.9956708480775538,-0.799868825945429,0.5411228091604158,-0.0033571842715483815,1.0910528701907134,0.03928922243782158,1.0950078829619483,-0.07626874407433581,-0.002476770200556958,-0.4252769372207693,0.047576251430679305,-1.1872454285238632,-0.03363635530531797,1.0910528701907134,0.03928922243782158,1.0950078829619483,-0.07626874407433581,-0.002476770200556958,-0.4252769372207693,0.10000099716807216,0.10000150232411811,5.661641985961652,5.097878174589442,0.001733658575191131,0.003092592887028475
4.705809188180147,-1.9976985664766267,-0.7999346745780097,0.5298161870208982,-0.0021711747537882953,0.8187995230257021,0.027328509296013916,2.1850279782369335,-0.04726147502725243,-0.0014322075794023378,-0.3961645182559562,0.03697616951901722,-0.9887019079900513,-0.026142110824100586,0.8187995230257021,0.027328509296013916,2.1850279782369335,-0.04726147502725243,-0.0014322075794023378,-0.3961645182559562,0.10000086040174219,0.10000130465749527,6.1933709864810025,5.62959967987747,0.0013669307967473978,0.002463235863834775
4.732395680768735,-1.998955083332164,-0.7999727519542049,0.5192835619924244,-0.0012316579467378987,0.547774966886315,0.01658693499783813,3.2649433410402775,-0.025492467576789968,-0.0007056383695466403,-0.3380722881067023,0.026375947824620445,-0.7701630353470615,-0.018647765897364634,0.547774966886315,0.01658693499783813,3.2649433410402775,-0.025492467576789968,-0.0007056383695466403,-0.3380722881067023,0.10000075348162077,0.1000011519866867,6.72509972049298,6.161321717037015,0.0010085247524669865,0.001839493148827606
4.758982173357324,-1.999632838632459,-0.7999915124034871,0.5102954056102684,-0.0005501285851514942,0.3027113592802094,0.007900824161564644,4.336631760905849,-0.010929052479452753,-0.00026464994515918474,-0.25126889616797454,0.015775601074023322,-0.5316288070126342,-0.01115333133954476,0.3027113592802094,0.007900824161564644,4.336631760905849,-0.010929052479452753,-0.00026464994515918474,-0.25126889616797454,0.10000066760028065,0.10000103119336268,7.256827603923532,6.693043020690165,0.0006595149591433288,0.0012209443404532787
4.785568665945912,-1.999923403805204,-0.7999985485172926,0.5036150469645557,-0.00013688950325758796,0.10836401830247075,0.002053476665341903,5.114366535718913,-0.0028810191694679734,-5.459474214398813e-05,-0.13597306799721476,0.005175131264716223,-0.27309925376625804,-0.003658808851029764,0.10836401830247075,0.002053476665341903,5.114366535718913,-0.0028810191694679734,-5.459474214398813e-05,-0.13597306799721476,0.10000059718031266,0.10000093393491809,7.4999985307680195,7.224760018925935,0.0003217962789081636,0.0006074991565579452
