1.5407439555097887e-32,-2.0,0.7999999999999995,0.49999999999999994,9.70944475170486e-15,6.454391670593749e-19,-4.599757102604439e-17,-4.9840855507991695e-17,1.2682992128895025e-17,-7.741297120275152e-16,-9.976750082611321e-17,2.3599250182523443e-15,5.670243927518343e-17,5.25805214773297e-15,6.454391670593749e-19,-4.599757102604439e-17,-4.9840855507991695e-17,1.2682992128895025e-17,-7.741297120275152e-16,-9.976750082611321e-17,0.1000004509423525,0.10000028494505418,4.102391596295061,5.507607667817403,1.0000000040853025,1.00000000286581
0.02751741611483473,-2.0,0.7999999999999989,0.4999999999999999,1.972994408300169e-14,5.902946836514615e-15,-2.369336429090503e-13,0.8255207584269515,5.325512385021254e-17,-2.465206110848978e-15,-1.9123850430263004e-15,0.02734647803334974,0.1831250672851142,-0.019333955401748423,5.902946836514615e-15,-2.369336429090503e-13,0.8255207584269515,5.325512385021254e-17,-2.465206110848978e-15,-1.9123850430263004e-15,0.10000125486331368,0.10000052606882406,4.515151731884402,5.920367245610415,1.0000000122559078,1.00000000859743
0.05503483222966947,-2.0,0.7999999999999984,0.4999999999999998,0.0007525044153482376,0.05755142238345074,-0.008625625126677835,1.6117198567927231,2.1568896856847102e-16,-8.985007757685865e-15,0.022716198221066474,0.05469295616401709,0.38231529772950035,-0.03866789538558356,0.05755142238345074,-0.008625625126677835,1.6117198567927231,2.1568896856847102e-16,-8.985007757685865e-15,0.022716198221066474,0.10000133237519683,0.10000058558388486,4.927911141616627,6.293955047467047,0.9993843899686058,0.9994829832122198
0.0825522483445042,-2.0,0.7999999999999976,0.5006250910789959,0.0022521912605387813,0.17767846073205715,-0.02600642025825153,1.6104548331825435,0.0015836664377262442,-0.00023735491587035233,0.06706656418097381,0.08127712811464624,0.5968083850772834,-0.05746288440490635,0.17767846073205715,-0.02600642025825153,1.6104548331825435,0.0015836664377262442,-0.00023735491587035233,0.06706656418097381,0.10000142481689102,0.10000065852765218,5.340668528336422,5.881195898047875,0.9987687676943545,0.9989631970481726
0.11006966445933894,-1.9999564215916459,0.7999934686060102,0.5024705896329559,0.004464697118990912,0.3651160856804111,-0.052138900110968486,1.6058843123019255,0.006472918576333586,-0.0009529844037739255,0.11138211995980477,0.09179617877950404,0.8113014349032045,-0.06489983213865692,0.3651160856804111,-0.052138900110968486,1.6058843123019255,0.006472918576333586,-0.0009529844037739255,0.11138211995980477,0.10000153706404721,0.10000075005015328,5.753402485190624,5.4684358347422,0.9981531288553106,0.9984416355418753
0.13758708057417368,-1.9997783035977035,0.7999672449376201,0.5055355377756423,0.0069367374040975064,0.5749248363863592,-0.07627514875173846,0.7704436798353294,0.016519969836221116,-0.0023877122138972447,0.1555719068137022,0.08625054635895982,1.02579397271406,-0.06097904836074003,0.5749248363863592,-0.07627514875173846,0.7704436798353294,0.016519969836221116,-0.0023877122138972447,0.1555719068137022,0.10000167546809507,0.1000008683451941,5.340648929106342,5.055675481642397,0.9975374278477416,0.9979186591038083
0.1651044966890084,-1.9993237167135156,0.7999015412670673,0.5098164746712132,0.009229541707760032,0.8638877022845316,-0.1022095607949982,0.6379023241480599,0.03234041579381785,-0.004486607221319745,0.1767725261447756,0.08070478205513636,1.224221434986515,-0.05705817078799751,0.8638877022845316,-0.1022095607949982,0.6379023241480599,0.03234041579381785,-0.004486607221319745,0.1767725261447756,0.4987272361750234,0.41452115329851574,4.927891732308502,4.642914996892868,0.9969215915804176,0.9973943968457631
0.19262191280384314,-1.9984337920347905,0.7997780814292139,0.5146807978308094,0.011346143204811613,1.2150951929486806,-0.12814971431419309,0.6026150683794391,0.05611237317406979,-0.007299150236630205,0.19432594983897822,0.07679764656039442,1.392703496777709,-0.051978692171300044,1.2150951929486806,-0.12814971431419309,0.6026150683794391,0.05611237317406979,-0.007299150236630205,0.19432594983897822,0.9114866244110486,0.8272813624502215,4.515133616673487,4.230154445506852,0.9963055041176585,0.9968688283054665
0.22013932891867788,-1.9968897245129686,0.7995772276748674,0.520028145854439,0.013343167549411807,1.6129335382327459,-0.15371398723032845,0.5481026081489153,0.08954865321757409,-0.010825499250411045,0.2109083594326451,0.07289044768867053,1.5290552141960243,-0.04689919133655539,1.6129335382327459,-0.15371398723032845,0.5481026081489153,0.08954865321757409,-0.010825499250411045,0.2109083594326451,1.32424688977044,1.2400420398591963,4.1023752127817845,3.817393861508783,0.9956890177213004,0.9963418116618931
0.24765674503351262,-1.9944255769598576,0.7992793379073424,0.5258317989430442,0.015235314309424116,2.0469665291492483,-0.17878113437380694,0.4707338385456583,0.13393241655469731,-0.01505531099969838,0.22599072697470526,0.06898319837180233,1.633276554815098,-0.04181966617563419,2.0469665291492483,-0.17878113437380694,0.4707338385456583,0.13393241655469731,-0.01505531099969838,0.22599072697470526,1.7370074431175164,1.6528028670713644,3.689616845773823,3.404633265671461,0.995071920130674,0.9958130857611809
0.27517416114834736,-1.9907401029222567,0.7988650546498249,0.5320504798153012,0.017040711752764726,2.5065557450847034,-0.2031768927074392,0.36799013634552014,0.1902596463104362,-0.0199749058677446,0.23894410588929985,0.06507590035077235,1.7053675106026003,-0.036740114116930934,2.5065557450847034,-0.2031768927074392,0.36799013634552014,0.1902596463104362,-0.0199749058677446,0.23894410588929985,2.1497681367307515,2.065563763153329,3.2768588468293234,2.991872672041891,0.9944539175663178,0.9952822711880517
0.3026915772631821,-1.9855046490648711,0.7983153968532071,0.5386256042052442,0.01877937842961241,2.981007330889831,-0.2266936108694323,0.23877494236506222,0.2592335837629617,-0.025565808969294324,0.24907024359727456,0.06116854789519842,1.7453280846943342,-0.03166052914442202,2.981007330889831,-0.2266936108694323,0.23877494236506222,0.2592335837629617,-0.025565808969294324,0.24907024359727456,2.562528911125535,2.478324694255112,2.8641018610862665,2.579112090655913,0.9938346229993196,0.9947488711072362
0.3302089933780168,-1.9783712106695257,0.7976118918494861,0.5454793737401336,0.020471722345464183,3.4597654471221415,-0.24911034932791667,0.08362231787968089,0.3412632029284301,-0.0318038313901629,0.2556407130441299,0.05726112241630466,1.7531582947925939,-0.026580896856597643,3.4597654471221415,-0.24911034932791667,0.08362231787968089,0.3412632029284301,-0.0318038313901629,0.2556407130441299,2.975289729883896,2.8910856449449076,2.451346497519189,2.166351548039043,0.9932135459729304,0.9942122713197997
0.35772640949285156,-1.968980529109863,0.7967367325870764,0.552513945616862,0.022137070573590566,3.9326312817411444,-0.27021231741988283,-0.09519813538497784,0.43646700839661745,-0.03865870453113101,0.2579417831617123,0.05335359358204989,1.7288581719759752,-0.021501195126945177,3.9326312817411444,-0.27021231741988283,-0.09519813538497784,0.43646700839661745,-0.03865870453113101,0.2579417831617123,3.3880505720105725,3.3038466048897037,2.038593906609457,1.7535910777149417,0.9925900836781225,0.9936717390660657
0.3852438256076863,-1.956970084819416,0.7956729449280323,0.5596118369975253,0.023792176166483978,4.3899817003727275,-0.28980848885569194,-0.2936800420481734,0.5446828598025045,-0.04609424930892771,0.25532217645696775,0.049445909116130164,1.672427770974299,-0.016421386607755772,4.3899817003727275,-0.28980848885569194,-0.2936800420481734,0.5446828598025045,-0.04609424930892771,0.25532217645696775,3.8008114231522514,3.71660756608057,1.6258465126404797,1.3408307315599273,0.9919635129220211,0.9931264199537562
0.41276124172252104,-1.9419818199156123,0.7944045502892971,0.5666376435704369,0.02544963070989428,4.822960686209769,-0.307746369596782,-0.5061755213844413,0.6654838129881707,-0.0540690300903812,0.24724086053530622,0.04553797045009577,1.5838671951403482,-0.011341401397354548,4.822960686209769,-0.307746369596782,-0.5061755213844413,0.6654838129881707,-0.0540690300903812,0.24724086053530622,4.213572271792872,4.129368521353021,1.2131102858396061,0.9280706075247123,0.9913329825735825,0.9925753322503671
0.44027865783735576,-1.92366942491593,0.792916710289374,0.5734410732103767,0.02711612637693169,5.223620377366919,-0.32392321208809294,-0.7255712106402766,0.798199229096094,-0.06253741500040554,0.23331221808622735,0.04162956465225523,1.4631766662813768,-0.006261088858998801,5.223620377366919,-0.32392321208809294,-0.7255712106402766,0.798199229096094,-0.06253741500040554,0.23331221808622735,4.626333107131221,4.542129463355041,0.8004042075771125,0.5153109447266314,0.9906975060263442,0.9920173576216517
0.46779607395219047,-1.9017050445863524,0.7911958422180613,0.5798612226001306,0.02879056795044498,5.58502059239814,-0.33829489637003307,-0.943483301702074,0.9419397646460297,-0.07145094481668741,0.21334637316209465,0.03772011398661289,1.31035678060187,-0.0011800405342157487,5.58502059239814,-0.33829489637003307,-0.943483301702074,0.9419397646460297,-0.07145094481668741,0.21334637316209465,5.039093917446801,4.954890383546639,0.3878331267619858,0.10255269235781693,0.9900559531840782,0.9914512271642885
0.49531349006702524,-1.8757852961274781,0.7892296968377419,0.5857319635270228,0.03046214114280319,6.59539710986846,-0.39215371832883245,-0.1319196858789528,1.0956251002969704,-0.08075994624962646,0.18738415055176072,0.03380701869506401,1.1254101936046785,0.003903581517579161,6.59539710986846,-0.39215371832883245,-0.1319196858789528,1.0956251002969704,-0.08075994624962646,0.18738415055176072,5.451854688280245,5.367651270876156,0.798779881716085,0.10000269210410792,0.9894070414508275,0.9908755012018692
0.52283090618186,-1.8456365243367487,0.7870073917913787,0.5908882911710804,0.0321085898247971,7.619682480224099,-0.44695312966110484,0.6588637325568507,1.2771133870118054,-0.09155100329786095,0.1837540616617007,0.021846988834300515,0.9323460680357555,0.01467638310413792,7.619682480224099,-0.44695312966110484,0.6588637325568507,1.2771133870118054,-0.09155100329786095,0.1837540616617007,5.864615399754839,5.780412109688259,1.210912141284289,0.10000246284231436,0.9887493251898578,0.9902885406956634
0.5503483222966947,-1.8104936638405187,0.7844881447379003,0.5959447281486168,0.03360323229611792,8.267563856351897,-0.4774710119856871,0.9569200309650653,1.4867873604830548,-0.10384999855057356,0.2018842891534498,0.001866573758843467,0.731237097036274,0.03111959353348583,8.267563856351897,-0.4774710119856871,0.9569200309650653,1.4867873604830548,-0.10384999855057356,0.2018842891534498,6.277376021637911,6.193172875730484,1.0127900059227535,0.10000227766280707,0.9880811830959163,0.9896884671170166
0.5778657384115294,-1.7695811173678293,0.7816304611142587,0.6015000621403004,0.034831042543298066,8.740701361617734,-0.4928536979515307,1.1106892643257313,1.7142893553742524,-0.11698876707015445,0.22821625583412897,-0.014258254203619168,0.5102073128265938,0.044836899907059344,8.740701361617734,-0.4928536979515307,1.1106892643257313,1.7142893553742524,-0.11698876707015445,0.22821625583412897,6.6901365023589845,6.605933527169944,0.6005066784724005,0.10000212625459767,0.9874005980905187,0.9890731120708987
0.6053831545263642,-1.722408303834764,0.7784112325300273,0.6077799838162581,0.03581696414886238,9.155877337570347,-0.5015027057435059,1.3056643381726698,1.954810871877385,-0.1305508273604211,0.25877955449485274,-0.02235977027459076,0.26508899640314165,0.05288172007561981,9.155877337570347,-0.5015027057435059,1.3056643381726698,1.954810871877385,-0.1305508273604211,0.25877955449485274,7.102896739935054,7.018693980698086,0.18811194056866165,0.10000200108239973,0.9867050957931028,0.9884399631908406
0.6329005706411989,-1.6686169596475109,0.7748188110894141,0.6149009284993047,0.03661455675200644,9.709733815322705,-0.517534039208905,1.8043035061248138,2.206756958471688,-0.14435088599707985,0.29470806339464334,-0.022435806699447183,-0.004120011264583003,0.055252520191933864,9.709733815322705,-0.517534039208905,1.8043035061248138,2.206756958471688,-0.14435088599707985,0.29470806339464334,7.515656480481132,7.431454027966385,0.1001255657504014,0.10000189734015295,0.9859917834235249,0.9877860992992494
0.6604179867560336,-1.6078927101569385,0.7708466476928869,0.623010532912132,0.03726367662399086,10.237674678883987,-0.5358906250220391,2.4386677543498623,2.4739437442322054,-0.1585920855075819,0.3443578337701349,-0.020799575519367713,-0.2911064814891237,0.05641273867135529,10.237674678883987,-0.5358906250220391,2.4386677543498623,2.4739437442322054,-0.1585920855075819,0.3443578337701349,7.928414709666983,7.844212834340204,0.10006682668403256,0.10000181175805134,0.9852573195485447,0.987108103536317
0.6879354028708684,-1.5398161707022087,0.7664826032834549,0.6324863707163879,0.037738126039344705,10.381497705485446,-0.5400833224706008,2.81507679980038,2.7556580984193637,-0.1733384108283516,0.41146366913240945,-0.019162214134470945,-0.5941592278662174,0.05757214221324946,10.381497705485446,-0.5400833224706008,2.81507679980038,2.7556580984193637,-0.1733384108283516,0.41146366913240945,8.085752891755979,8.068399789958063,0.10004224885433857,0.1000017416445728,0.9844978305492658,0.9864019434811411
0.7154528189857031,-1.4639875801377888,0.7617127781040065,0.6438087877160411,0.03800504019966218,9.660148208186406,-0.5063482660886759,2.337618748762236,3.041330090676409,-0.18820010834945697,0.48892730882773333,-0.018825299092526414,-0.9046371964641438,0.05781145580165134,9.660148208186406,-0.5063482660886759,2.337618748762236,3.041330090676409,-0.18820010834945697,0.48892730882773333,7.672994733478303,7.655641144496602,0.1000292587940622,0.10000168387250788,0.9837087306720855,0.9856628097422511
0.7429702351005378,-1.380298034490078,0.7565339974096971,0.6572628039229601,0.03799875833670046,8.857386473868367,-0.47456254642896367,1.916201691804197,3.3071524086520494,-0.20213350428644355,0.5532525366552626,-0.0184881228983931,-1.1990502921089965,0.05805059816149473,8.857386473868367,-0.47456254642896367,1.916201691804197,3.3071524086520494,-0.20213350428644355,0.5532525366552626,7.260235063685327,7.242881261730336,0.10002152809948606,0.10000163664720808,0.9828845488670873,0.9848848966107734
0.7704876512153725,-1.2892937455060216,0.7509718056614969,0.6724868841906907,0.03774879683111641,7.990249419273035,-0.44452965990859566,1.527834052647466,3.550884797943394,-0.2151922393490444,0.6059814559685887,-0.018150793034036345,-1.477398358750704,0.05828963773696487,7.990249419273035,-0.44452965990859566,1.527834052647466,3.550884797943394,-0.2151922393490444,0.6059814559685887,6.847474896687328,6.830120979256962,0.10001663493674406,0.10000159962189509,0.9820188453603309,0.9840610882366965
0.7980050673302073,-1.1915825709451724,0.7450502712666457,0.6891619280724517,0.037297618756505904,7.075114228454815,-0.4159699164240587,1.150233698483332,3.7707558160748467,-0.2274245469761347,0.6480235013497029,-0.0178133664186624,-1.7396813235159103,0.05852861208704988,7.075114228454815,-0.4159699164240587,1.150233698483332,3.7707558160748467,-0.2274245469761347,0.6480235013497029,6.434714486107722,6.417360508711021,0.10001116422332366,0.10000160643302568,0.9811043255885049,0.9831824625679828
0.8255224834450421,-1.0878211140868075,0.7387921353727753,0.7069938604112835,0.036694130368113184,6.128450433062146,-0.38855864534884194,0.7626053106110959,3.965444678359226,-0.23887096425762813,0.6796749606601737,-0.017475832039893176,-1.9858991883907744,0.058767511898532986,6.128450433062146,-0.38855864534884194,0.7626053106110959,3.965444678359226,-0.23887096425762813,0.6796749606601737,6.021953940886189,6.004599929855188,0.10000844063019704,0.10000162056258569,0.9801326612023271,0.9822375148988944
0.8530398995598768,-0.9787023227920397,0.7322190236515459,0.7256967591266034,0.03598806488808928,5.1673474230292085,-0.36195741688739436,0.3463401506218613,4.134083799064936,-0.24956309418670833,0.7006598883236417,-0.01713824372860384,-2.216051895044007,0.059006374505253416,5.1673474230292085,-0.36195741688739436,0.3463401506218613,4.134083799064936,-0.24956309418670833,0.7006598883236417,5.609193314605942,5.591839285573036,0.10000684122364514,0.10000164326585677,0.9790942719513037,0.9812108591005412
0.8805573156747115,-0.8649430186395731,0.7253516921419042,0.7449771088285785,0.03522593637942141,4.20982214440458,-0.33584037330138267,-0.11432028094521507,4.2762758483143495,-0.25952322704304914,0.7101902743655777,-0.016800623499608074,-2.430139418580612,0.05924521504152129,4.20982214440458,-0.33584037330138267,-0.11432028094521507,4.2762758483143495,-0.25952322704304914,0.7101902743655777,5.1964326384877015,5.179078602646188,0.10000581488359957,0.10000167623959458,0.9779780584876674,0.9800809569176554
0.9080747317895462,-0.7472709566996892,0.7182102835118955,0.7645197101290047,0.034448697188446974,3.27488654508447,-0.30991565338234656,-0.6316828524209687,4.3921192760313765,-0.26876468634334444,0.7070444756244431,-0.016462982523134582,-2.628161745926514,0.059484041096677716,3.27488654508447,-0.30991565338234656,-0.6316828524209687,4.3921192760313765,-0.26876468634334444,0.7070444756244431,4.78367193330403,4.766317900109869,0.10000512457166105,0.10000172178246039,0.9767710723505892,0.9788159828978221
0.9355921479043809,-0.6264111829551471,0.7108145738008124,0.7839757471764575,0.03369085763321187,2.3823842587061224,-0.28394260993670256,-1.2140752688137548,4.482235691821339,-0.27729276433796707,0.6896621957217692,-0.016125327277937924,-2.8101188693505232,0.05972285699099855,2.3823842587061224,-0.28394260993670256,-1.2140752688137548,4.482235691821339,-0.27729276433796707,0.6896621957217692,4.3709112146747895,4.353557193315822,0.10000465471786224,0.1000045211673606,0.9754581040253506,0.9773663612261156
0.9631095640192157,-0.5030716382985352,0.7031841934188914,0.8029534687948038,0.03298067159931003,1.7080288550588012,-0.2835455802435119,-1.070160547056153,4.547792750813588,-0.28510613128832735,0.656253981355091,-0.01578760864142037,-2.9760107306261867,0.05996162774198157,1.7080288550588012,-0.2835455802435119,-1.070160547056153,4.547792750813588,-0.28510613128832735,0.656253981355091,3.958150495893402,3.940796496333026,0.49797899758375064,0.5127627998305034,0.9740211620982173,0.9756552452072493
0.9906269801340505,-0.37792813277036874,0.6953388093673395,0.8210118826767687,0.032340994757858926,0.9869949555914754,-0.28323324062930194,-0.9596838417122924,4.594793291554386,-0.29290857300741013,0.6268059282720676,-0.015162184832832834,-3.1100599587945124,0.059996990336470206,0.9869949555914754,-0.28323324062930194,-0.9596838417122924,4.594793291554386,-0.29290857300741013,0.6268059282720676,3.5453897898094766,3.5280358238201597,0.9107358955237878,0.9255228967066426,0.9724388047303338,0.9736028419084951
1.0181443962488852,-0.25149129380501556,0.6872787222802919,0.8382599622282763,0.031799358755742996,0.22649003797576558,-0.2824140033895537,-0.9076749656805518,4.621952842450639,-0.3007024199473596,0.6003979086609872,-0.01453669942405643,-3.211978840468662,0.0600323084558365,0.22649003797576558,-0.2824140033895537,-0.9076749656805518,4.621952842450639,-0.3007024199473596,0.6003979086609872,3.1326291104865858,3.1152751929488645,1.3234950158539192,1.3382834148411455,0.9706852666896261,0.9712753566741331
1.04566181236372,-0.12430709417615811,0.6790041686638623,0.8547813613153771,0.031369999040831806,-0.5606131626493663,-0.28093676272381374,-0.9224118989020231,4.628185263071483,-0.30847372359528613,0.5754210389333371,-0.013911187755943511,-3.281767325532574,0.06006760667658915,-0.5606131626493663,-0.28093676272381374,-0.9224118989020231,4.628185263071483,-0.30847372359528613,0.5754210389333371,2.719868475170031,2.702514625981213,1.736254864730302,1.751044118080677,0.9687290847473032,0.9688751706475491
1.0731792284785546,0.0030486055643257574,0.6705157688511979,0.8706154614849361,0.031061751070136936,-1.3602490513966206,-0.2787002749583593,-1.009177141685231,4.612758637395407,-0.3162043773971118,0.5500386468819751,-0.013285660791450743,-3.3194253983059663,0.060102892202016034,-1.3602490513966206,-0.2787002749583593,-1.009177141685231,4.612758637395407,-0.3162043773971118,0.5500386468819751,2.307107907357248,2.289754154560584,2.149015068782009,2.1638049235790926,0.9665315919577878,0.9665316183349407
1.1006966445933895,0.12997980442683327,0.661814641421029,0.8857511038104279,0.030879171862991637,-2.1577529075287103,-0.27565871933315633,-1.1699445805446331,4.575328098228317,-0.32387348883445977,0.522268699540643,-0.012660123998247688,-3.3249530530599345,0.060138168126081706,-2.1577529075287103,-0.27565871933315633,-1.1699445805446331,4.575328098228317,-0.32387348883445977,0.522268699540643,1.894347442550109,1.876993827985373,2.561775478585854,2.5765657923972403,0.9640450418088612,0.9643382979359134
1.128214060708224,0.2558810115676773,0.6529024798602076,0.9001225889394412,0.03082319047938549,-2.938537734937687,-0.27182378807408564,-1.4032426249562246,4.515952313598855,-0.3314589045200326,0.4900748476865006,-0.012034580962398162,-3.298350289381507,0.06017343583281084,-2.938537734937687,-0.27182378807408564,-1.4032426249562246,4.515952313598855,-0.3314589045200326,0.4900748476865006,1.4815871408848011,1.464233731586397,2.9745360191862966,2.9893267028475057,0.9612097449419973,0.9623712650647372
1.1557314768230589,0.38014835053572765,0.6437815872595622,0.9136081824506447,0.03089121111574255,-3.6887947166131623,-0.2672631098886815,-1.7042083240253425,4.435091347977431,-0.33893879280637784,0.4514612364655071,-0.011409034723640273,-3.2396171115693426,0.060208695626684676,-3.6887947166131623,-0.2672631098886815,-1.7042083240253425,4.435091347977431,-0.33893879280637784,0.4514612364655071,1.0688271205502529,1.0514740355654248,3.3872966473634962,3.402087641329718,0.9579508756852142,0.9605968323194919
1.1832488929378935,0.502190604665326,0.6344548674604491,0.9260312291541837,0.031076586504996274,-4.396155077797572,-0.26209508468714665,-2.064828552299803,4.333585248798183,-0.3462931830133295,0.40456582686693665,-0.010783488757498681,-3.14875353064014,0.06024394668902659,-4.396155077797572,-0.26209508468714665,-2.064828552299803,4.333585248798183,-0.3462931830133295,0.40456582686693665,0.6560676744899395,0.6387151658184897,3.8000573355745533,3.814848598457241,0.954173710728819,0.9589867613704157
1.2107663090527283,0.6214396732256152,0.6249257738457404,0.9371638353579232,0.0313673435844092,-5.050255511245986,-0.25648050116265947,-2.4743454608614437,4.212614420217084,-0.3535053625203186,0.3477470803875111,-0.010157948773513193,-3.025759572318384,0.06027918612209782,-5.050255511245986,-0.25648050116265947,-2.4743454608614437,4.212614420217084,-0.3535053625203186,0.3477470803875111,0.24330997025300655,0.2259588288857114,4.212818064769178,4.227609567155688,0.9497572389654878,0.9575173233264208
1.2382837251675631,0.737359937158082,0.615198219686443,0.946732936471665,0.03174399442400453,-5.99546607886228,-0.26625739718988534,-2.4896271589442605,4.07364443782789,-0.36056304319615295,0.27965948672913427,-0.009532430737300708,-2.8706353187687252,0.06031440344756715,-5.99546607886228,-0.26625739718988534,-2.4896271589442605,4.07364443782789,-0.36056304319615295,0.27965948672913427,0.10000345945402103,0.10000539891305647,4.625578820732667,4.640370541597869,0.9445452851787184,0.9561685204237719
1.2658011412823977,0.8494561062576741,0.605276456391183,0.9544284429384516,0.032176229492847784,-7.126364573345731,-0.2826460573273563,-2.390457266197058,3.9086647029334602,-0.36788975878827995,0.21115138022567148,-0.009244611381430361,-2.69420585814645,0.060110861794065495,-7.126364573345731,-0.2826460573273563,-2.390457266197058,3.9086647029334602,-0.36788975878827995,0.21115138022567148,0.10000342051294724,0.10000618093668491,5.038339592018979,5.0531315165125665,0.9383339561490665,0.9549234444247509
1.2933185573972326,0.957012459341661,0.5951530808142195,0.9602387833313429,0.032624535566375956,-8.270823809439651,-0.29801649516911444,-2.387572456986829,3.712565563582689,-0.3756674479609744,0.14537217292699703,-0.008956804039350886,-2.5017111889284562,0.05990730604348664,-8.270823809439651,-0.29801649516911444,-2.387572456986829,3.712565563582689,-0.3756674479609744,0.14537217292699703,0.1000034055768443,0.10000742486689358,5.4511003686292785,5.465892486640603,0.9308535071283975,0.953767748998482
1.3208359735120672,1.0591726708083717,0.5848156833278789,0.9642390499052926,0.033044076160325224,-9.412735439440755,-0.31260924597798023,-2.4665232231516088,3.4849738632058553,-0.38386809186762777,0.07967234812377234,-0.008669017429690095,-2.293151320560461,0.05970373030997964,-9.412735439440755,-0.31260924597798023,-2.4665232231516088,3.4849738632058553,-0.38386809186762777,0.07967234812377234,0.1000034074049991,0.10000955042656547,5.863861141008357,5.878653446183991,0.9217466673648367,0.9526890658379429
1.348353389626902,1.1550701467515305,0.5742526253107495,0.9664314270614603,0.033372862129921875,-10.538739651202883,-0.32669279356653463,-2.6092064313680647,3.2259597053399123,-0.39247029057054883,0.011800002235406433,-0.008381268506964001,-2.0685262708141536,0.059500122781531585,-10.538739651202883,-0.32669279356653463,-2.6092064313680647,3.2259597053399123,-0.39247029057054883,0.011800002235406433,0.10000341973067381,0.10001377165406067,6.276621899113822,6.291414388095415,0.9105405970737924,0.9516765881644764
1.3758708057417368,1.2438402223330585,0.5634528570124093,0.9667561326331279,0.03352682490982462,-11.638368922794978,-0.3405442931481049,-2.7944455438720075,2.935960821031854,-0.40146003211283726,-0.059998616866051284,-0.00809359791538198,-1.8278360812978698,0.05929645481509956,-11.638368922794978,-0.3405442931481049,-2.7944455438720075,2.935960821031854,-0.40146003211283726,-0.059998616866051284,0.10000343674330178,0.10002556990025907,6.689382631343362,6.704175302966731,0.8966097813485054,0.9507208003759404
1.4033882218565714,1.3246302779422439,0.5524057142552851,0.9651051257265101,0.033395694654929746,-12.703928568734257,-0.3544279498258154,-2.9985670283765535,2.615702980485344,-0.41083093113292635,-0.13689453770702265,-0.007806153040403021,-1.5710809005866184,0.059092622241199384,-12.703928568734257,-0.3544279498258154,-2.9985670283765535,2.615702980485344,-0.41083093113292635,-0.13689453770702265,0.10000370981653214,0.10003740730620767,7.102143323026084,7.116936177007174,0.8791312469452305,0.949813252852261
1.4309056379714062,1.3966076652890727,0.541100708570455,0.9613381417685779,0.03284216581753351,-13.730177192321026,-0.36857307748041807,-3.19589898424566,2.2661236917663463,-0.4205838725110115,-0.21940735437508332,-0.00751892966651473,-1.2982607360092573,0.058888628048014834,-13.730177192321026,-0.36857307748041807,-3.19589898424566,2.2661236917663463,-0.4205838725110115,-0.21940735437508332,0.10000403924396578,0.10006438931429353,7.514903946512575,7.529696991123571,0.8570368433656181,0.9489463705625053
1.4584230540862408,1.4589655338830927,0.5295273271393806,0.9553006182995836,0.031708616320956194,-14.996125238875196,-0.390502984712304,-3.2354152927020423,1.8883046926348355,-0.4307260512527659,-0.3073502365855484,-0.007232221260455244,-1.009375885880199,0.05868426452693291,-14.996125238875196,-0.390502984712304,-3.2354152927020423,1.8883046926348355,-0.4307260512527659,-0.3073502365855484,0.10000442964829057,0.40856165278684076,7.92766445645845,7.9424577121117546,0.8289776377998238,0.9481132868287122
1.4859404702010757,1.5109267998619205,0.5176748591555582,0.946843133946466,0.029837084911156726,-16.32006696231631,-0.4152312155014542,-3.1892106476568793,1.475650074326529,-0.44147168437718,-0.39638050549912884,-0.012949070859351207,-0.7104294000290332,0.05423537968900844,-16.32006696231631,-0.4152312155014542,-3.1892106476568793,1.475650074326529,-0.44147168437718,-0.39638050549912884,0.10000487976110102,0.8211580988976707,8.340424764892747,8.35521827371999,0.793337767062798,0.9473076954160481
1.5134578863159105,1.5515328769970504,0.5055266991136341,0.935935766636838,0.027241647103129523,-17.602405012200304,-0.4371090904576111,-3.066773965098264,1.026564000702502,-0.45289777451800284,-0.48413934196856334,-0.02669531843738409,-0.4034471285969864,0.04410970351314161,-17.602405012200304,-0.4371090904576111,-3.066773965098264,1.026564000702502,-0.45289777451800284,-0.48413934196856334,0.10000537505250992,1.233720054429703,8.753184654611182,8.767978510384035,0.7483775805552496,0.9465237152402156
1.540975302430745,1.5797812657728905,0.49306412259473925,0.9226135029063267,0.02412943677926064,-18.16129236929267,-0.43473412028848957,-3.083003863484057,0.5421912973599314,-0.4649258872477027,-0.5685290372963124,-0.04847029008001272,-0.08842841572493046,0.028307709876558902,-18.16129236929267,-0.43473412028848957,-3.083003863484057,0.5421912973599314,-0.4649258872477027,-0.5685290372963124,0.10000587483382693,0.9253034849588537,9.165943260430785,9.180737759702879,0.6927118852804914,0.945755677479214
1.56849271854558,1.5947009693161858,0.48027056349278524,0.9069690528136777,0.020851865306942243,-18.21639024097559,-0.40976721900206886,-3.1129900334913723,0.04243945805093218,-0.47688864693499844,-0.6533653374914458,-0.06424324012506813,0.2486574341034351,0.016749127802024057,-18.21639024097559,-0.40976721900206886,-3.1129900334913723,0.04243945805093218,-0.47688864693499844,-0.6533653374914458,0.10000631166153556,0.512744520631221,9.39999752401304,9.399998102122266,0.6262744658946076,0.9449979749562943
1.5960101346604145,1.595868793543061,0.46714782015463413,0.8889901269469163,0.017442591095429862,-17.784628579081517,-0.3673855452967932,-3.133234074872369,-0.4588285323202075,-0.48816438201049767,-0.7390267796043606,-0.07227539934334128,0.6025937728407245,0.011070375326632768,-17.784628579081517,-0.3673855452967932,-3.133234074872369,-0.4588285323202075,-0.48816438201049767,-0.7390267796043606,0.10000661124991704,0.10018698136880987,9.399997525790939,9.399998065865807,0.5516232229219815,0.9442449298697903
1.6235275507752494,1.5832430178938468,0.4537147977224099,0.8686540195325368,0.013872022937421433,-17.671987869284447,-0.3291810394068289,-2.8390549758555736,-0.9482155573785754,-0.4982738829350057,-0.8252452854278023,-0.07227889896013849,0.9645587595882945,0.01106788623609221,-17.671987869284447,-0.3291810394068289,-2.8390549758555736,-0.9482155573785754,-0.4982738829350057,-0.8252452854278023,0.10000674078739813,0.1000396508458765,9.399997463151996,9.399997985282425,0.4743143040461882,0.9434908427937125
1.6510449668900842,1.5571505758349005,0.4400035879465327,0.8459454016166146,0.010177601207145712,-17.004326530990905,-0.28241324855358385,-2.575227633552502,-1.434503001153987,-0.5073320945734778,-0.9033687425713117,-0.07227952925157635,1.3265266081814522,0.011067426252365339,-17.004326530990905,-0.28241324855358385,-2.575227633552502,-1.434503001153987,-0.5073320945734778,-0.9033687425713117,0.10000671748342359,0.10002280021377058,9.084903374199701,9.196647375969535,0.40127881833342793,0.9427299598698791
1.6785623830049188,1.517676759834167,0.4260431195917435,0.821087028022145,0.006599610561059405,-15.982222141491786,-0.23277199680317914,-2.30995472009783,-1.9024181300597873,-0.5151033774502697,-0.9742323529541967,-0.07010522681886472,1.6784054934312063,0.009529751877255098,-15.982222141491786,-0.23277199680317914,-2.30995472009783,-1.9024181300597873,-0.5151033774502697,-0.9742323529541967,0.10000658603379813,0.10001539579469275,8.67214488656942,8.783888369760307,0.33788034808031797,0.941956432734059
1.7060797991197536,1.4653271285249059,0.41186880561228756,0.7942786709733699,0.0034620834393979416,-14.889047353222974,-0.18644189637632524,-1.9647282529326677,-2.3422075871669414,-0.5215086613461842,-1.037796338193555,-0.06793079294105113,2.0142193850314394,0.007992184703784593,-14.889047353222974,-0.18644189637632524,-1.9647282529326677,-2.3422075871669414,-0.5215086613461842,-1.037796338193555,0.1000063939048504,0.1000114473102311,8.259385067941514,8.37112828995425,0.2863738405883806,0.9411640269261641
1.7335972152345882,1.40087562772151,0.3975182347705341,0.7657211972928462,0.000811195425860429,-13.724061852154655,-0.14325188722418034,-1.5765387504101338,-2.7519156987390563,-0.526639060590011,-1.0918605830820753,-0.06575629104467329,2.333968170113072,0.0064546728063869544,-13.724061852154655,-0.14325188722418034,-1.5765387504101338,-2.7519156987390563,-0.526639060590011,-1.0918605830820753,0.100006177918501,0.10000908348521759,7.8466248133352305,7.958367859240986,0.24623276986476922,0.9403460842221133
1.761114631349423,1.3251500183263611,0.38302648859795296,0.7356760152887908,-0.0013811716911576576,-12.555243119127335,-0.1037021020963312,-1.1357523193016335,-3.1295664195105246,-0.5305809823799945,-1.1352428558982726,-0.06358175077703575,2.637651802988482,0.004917192883478982,-12.555243119127335,-0.1037021020963312,-1.1357523193016335,-3.1295664195105246,-0.5305809823799945,-1.1352428558982726,0.1811714339144517,0.1000075596272282,7.433864347046084,7.5456072591458305,0.2155635877782343,0.9394954236670124
1.7886320474642579,1.2390324369016765,0.36842627092318475,0.7044370652316448,-0.003181526724746921,-11.830631051255965,-0.07001069799215608,-0.29858674768826227,-3.4750542688424666,-0.5334345962753627,-1.1664958250718842,-0.05982765154621134,2.923690723780489,0.004496464829539778,-11.830631051255965,-0.07001069799215608,-0.29858674768826227,-3.4750542688424666,-0.5334345962753627,-1.1664958250718842,0.5939267066134267,0.43223214757172174,7.021103759417988,7.132846563227942,0.19224174888682408,0.9386041401201033
1.8161494635790925,1.1434079225643055,0.3537475291674266,0.6723381142169245,-0.004663354510731718,-11.028175959598173,-0.037163311832806085,0.6213665486467587,-3.8006026663809607,-0.5353611097845032,-1.1747121608543976,-0.0545063717053822,3.179166608155604,0.005183736446729188,-11.028175959598173,-0.037163311832806085,0.6213665486467587,-3.8006026663809607,-0.5353611097845032,-1.1747121608543976,1.0066850575591584,0.8449866344825163,6.608343098450869,6.7200858078586005,0.17442472143153476,0.9376633771722493
1.8436668796939273,1.03882515750635,0.3390157747377866,0.6400130708715375,-0.005882734819218837,-10.074770708755944,-0.005429482491626576,1.5449238271437487,-4.1040695732488395,-0.5363837481004122,-1.1576137589754465,-0.0491850185048982,3.402512226199408,0.005871062526899843,-10.074770708755944,-0.005429482491626576,1.5449238271437487,-4.1040695732488395,-0.5363837481004122,-1.1576137589754465,1.4194444256952103,1.257744656350026,6.195582392480444,6.307325014970524,0.1606782525974705,0.9366630335028736
1.8711842958087619,0.9258917672950295,0.3242558799440727,0.6081585313655523,-0.006890841278253149,-8.969185502569093,0.024936856313448472,2.436972817524635,-4.381301231103224,-0.5365331534294229,-1.1151014471582095,-0.043863640796576495,3.5937274877180405,0.006558408325860898,-8.969185502569093,0.024936856313448472,2.436972817524635,-4.381301231103224,-0.5365331534294229,-1.1151014471582095,1.8322042951140927,1.670503837303858,5.782821660529115,5.894564199415555,0.14994497242051494,0.9355911778903321
1.8987017119235967,0.8053296781943244,0.30949187390175065,0.5774738208338456,-0.007730992896868965,-7.716333870806194,0.053610244387667566,3.262510116782995,-4.6281100407885605,-0.53584695557765,-1.0480422520778434,-0.03854225131723421,3.752812359452853,0.007245764747489664,-7.716333870806194,0.053610244387667566,3.262510116782995,-4.6281100407885605,-0.53584695557765,-1.0480422520778434,2.244964458959582,2.083263583973411,5.37006091695106,5.4818033723595505,0.141455653611239,0.9344335313056884
1.9262191280384313,0.6779760483767009,0.29474675025125296,0.5486344060774911,-0.008438050303722253,-6.327726387929803,0.08021630615781111,3.988138013242147,-4.840443610792527,-0.5343717401748169,-0.9582664036154684,-0.03322085534389875,3.8797668242147987,0.007933128057469062,-6.327726387929803,0.08021630615781111,3.988138013242147,-4.840443610792527,-0.5343717401748169,-0.9582664036154684,2.657724813371071,2.496023659320902,4.957300173896272,5.069042543098142,0.13465167158149272,0.9331728327527483
1.9537365441532661,0.5447795473581298,0.280042220716854,0.5222653907003382,-0.009039227090356249,-4.821432955239559,0.1043587020203565,4.5836804977491195,-5.014566290870011,-0.5321643946990776,-0.8485231503816947,-0.027899455617425583,3.9745908718662974,0.008620496393100247,-4.821432955239559,0.1043587020203565,4.5836804977491195,-5.014566290870011,-0.5321643946990776,-0.8485231503816947,3.0704852985693756,2.9087839448946213,4.544539442882421,4.656281720191384,0.12912586300340692,0.9317880151800757
1.981253960268101,0.4067916400968364,0.2653984316264202,0.4989162260882147,-0.00955529315197031,-3.221533754019737,0.12564826190227538,5.023781112628372,-5.1472396677691155,-0.5292927128703796,-0.7223921067876802,-0.022578053794419597,4.03728449612899,0.009307868739635478,-3.221533754019737,0.12564826190227538,5.023781112628372,-5.1472396677691155,-0.5292927128703796,-0.7223921067876802,3.4832458767236,3.3215443728665495,4.131778736059033,4.2435209123229605,0.12457943833306503,0.9302531249555147
2.008771376382936,0.26515290431605,0.25083366379981603,0.479037861887666,-0.010001709968143263,-1.5570840904158405,0.14373186882326133,5.289336115652706,-5.235887952606461,-0.5258351973635091,-0.5841506314416387,-0.017256651015168607,4.067847693186143,0.009995244542734224,-1.5570840904158405,0.14373186882326133,5.289336115652706,-5.235887952606461,-0.5258351973635091,-0.5841506314416387,3.89600652206998,3.73430490050738,3.719018067526899,3.8307601291171074,0.12079124844443738,0.9285358926408008
2.0362887924977704,0.12107479679352802,0.2363640378661379,0.462963545888543,-0.010389523265882916,0.13933490875353366,0.1583185849338171,5.368624437432003,-5.278734883448223,-0.5218800677201367,-0.43860176857600053,-0.011935248176916106,4.0662804610156495,0.010682623543071467,0.13933490875353366,0.1583185849338171,5.368624437432003,-5.278734883448223,-0.5218800677201367,-0.43860176857600053,4.308767215917947,4.147065498790953,3.306257455071081,3.4179993821080727,0.11759604289386533,0.9265958261282891
2.063806208612605,-0.02418234755421029,0.2220032468806446,0.4508943585139347,-0.010725962861129684,1.8333653119252575,0.16920068793646129,5.258021304862078,-5.27490074678473,-0.5175235493398013,-0.29087109596691446,-0.006613846097412993,4.032582799094578,0.011370005709529715,1.8333653119252575,0.16920068793646129,5.258021304862078,-5.27490074678473,-0.5175235493398013,-0.29087109596691446,4.72152794385686,4.559826146625718,2.893496922854609,3.005238686111238,0.11486910322894936,0.9243816446701694
2.09132362472744,-0.16933398636793806,0.2077623360242349,0.4428903375304351,-0.011014740939828948,3.4907746317554036,0.17626771704423277,4.962222489487944,-5.224451270605979,-0.5128675836029374,-0.14618393578035926,-0.0012924456463067901,3.9667547083494386,0.012057391231523738,3.4907746317554036,0.17626771704423277,4.962222489487944,-5.224451270605979,-0.5128675836029374,-0.14618393578035926,5.134288694028834,4.9725868276039655,2.4807365061546194,2.592478061424045,0.11251534536618528,0.9218278793807339
2.1188410408422746,-0.3130973859528797,0.1936495453144229,0.43886773334026263,-0.011256041629392173,5.079348063848425,0.1795122755429984,4.4939559125545205,-5.128394172500856,-0.5080171514854194,-0.009636394682729298,0.0040289521037825465,3.868796191338333,0.012744780567169229,5.079348063848425,0.1795122755429984,4.4939559125545205,-5.128394172500856,-0.5080171514854194,-0.009636394682729298,5.547049455925109,5.3853475279528435,2.067976260680934,2.179717537746436,0.11046154538089004,0.9188498602415089
2.1463584569571093,-0.4542175423984793,0.17967022596352542,0.4386025646579311,-0.011446177747812994,6.5706085651548625,0.17902712616873237,3.8732102394708314,-4.988623638235859,-0.5030774375015818,0.11402566016475442,0.009350345637586292,3.7387072527540295,0.013432174577353918,6.5706085651548625,0.17902712616873237,3.8732102394708314,-4.988623638235859,-0.5030774375015818,0.11402566016475442,5.959810219396884,5.798108235037619,1.6552162834215336,1.7669571619293127,0.10865075213076944,0.9153373922076965
2.173875873071944,-0.5914915748921161,0.16582683477780943,0.4417402561964533,-0.011576865892260146,7.9412214158030014,0.174993948116421,3.1260590627471614,-4.807817468220796,-0.49815107357495386,0.22060639802451112,0.014671732512511587,3.5764879005318857,0.014119574846990232,7.9412214158030014,0.174993948116421,3.1260590627471614,-4.807817468220796,-0.49815107357495386,0.22060639802451112,6.372570973644258,6.210868936013109,1.2424567681249568,1.3541970153266196,0.10703823813481203,0.9111455405916541
2.201393289186779,-0.723790288769319,0.1521190043981956,0.4478107742484885,-0.011634047064438007,9.173973567617958,0.16766489867277456,2.2831979128392375,-4.589295574062108,-0.49333569228705654,0.30662746605367425,0.019993108138491686,3.3821381484210913,0.014806984535535368,9.173973567617958,0.16766489867277456,2.2831979128392375,-4.589295574062108,-0.49333569228705654,0.30662746605367425,6.78533170590895,6.623629616252125,0.829698199383364,0.9414372599882077,0.10558853941634429,0.9060818583332341
2.2289107053016135,-0.8500758447547553,0.13854368086923238,0.4562483698241247,-0.011596171199411809,10.258262009094006,0.1573387554115798,1.37833528895585,-4.3368515259754705,-0.48872198750242624,0.369455173093793,0.025314461684934116,3.1556580232878777,0.015494411265925793,10.258262009094006,0.1573387554115798,1.37833528895585,-4.3368515259754705,-0.48872198750242624,0.369455173093793,7.198092399398585,7.036390257000741,0.416942516946591,0.5286783002559187,0.10427327195070493,0.8998884279654145
2.256428121416448,-0.9694147928232782,0.1250953145746589,0.4664148215579247,-0.011431902170085875,11.260699631165423,0.14524480159446657,0.5113195949562934,-4.054570661656231,-0.4843924314987756,0.40738339878575147,0.03063575247932007,2.8970475983078727,0.016181883813316714,11.260699631165423,0.14524480159446657,0.5113195949562934,-4.054570661656231,-0.4843924314987756,0.40738339878575147,7.610853029389908,7.449150831100297,0.1000061235307894,0.11592175243675246,0.10306950633761196,0.892216534957844
2.283945537531283,-1.0809861008870736,0.11176608647423031,0.4776249600605877,-0.011097353569238957,12.68547104102163,0.13665136739699338,0.07962304029698983,-3.7447053041612866,-0.480395669854784,0.42145359284783207,0.034092318009980194,2.6081716324618087,0.018187718660158777,12.68547104102163,0.13665136739699338,0.07962304029698983,-3.7447053041612866,-0.480395669854784,0.42145359284783207,8.023613554676956,7.8619112937005555,0.10000690878773487,0.10000500751634994,0.10195854697604047,0.8825909549096036
2.3114629536461178,-1.1840307149691085,0.09854683892707126,0.48922227394807344,-0.010538878698907203,14.047855497013884,0.1251110485859142,-0.3958609097127714,-3.3956339189128086,-0.47663537731545974,0.42364461318001234,0.03723911863510153,2.302920722754252,0.020412559020195245,14.047855497013884,0.1251110485859142,-0.3958609097127714,-3.3956339189128086,-0.47663537731545974,0.42364461318001234,8.436373895003838,8.274671557853162,0.10000799227721995,0.10000541144368492,0.10092500671048675,0.870359862054898
2.3389803697609524,-1.2774697864894793,0.08543106491443032,0.5008798790537559,-0.009672577446171185,15.329432262110686,0.11067784990416701,-0.8890947022093241,-3.0090732336804096,-0.47319264453095783,0.41275154380384876,0.04038590751787826,1.9816046411549237,0.022637409778188518,15.329432262110686,0.11067784990416701,-0.8890947022093241,-3.0090732336804096,-0.47319264453095783,0.41275154380384876,8.849133852302693,8.687431409411976,0.1000095153413678,0.10000590798944135,0.09995606365159357,0.8546276658107037
2.366497785875787,-1.3602717067806744,0.0724100260123927,0.5122377350366466,-0.008397215315659698,16.528009547302347,0.09336706763904817,-1.3620551912801233,-2.587246867319738,-0.47014707608044964,0.3882859549176595,0.0435326784816727,1.6442234135040192,0.02486227611459502,16.528009547302347,0.09336706763904817,-1.3620551912801233,-2.587246867319738,-0.47014707608044964,0.3882859549176595,9.26189263828566,9.100189996716967,0.10001172345835431,0.10000650582911545,0.0990406695351252,0.8341924939415918
2.394015201990622,-1.4314660554205143,0.05947279328471393,0.5229223612296616,-0.006604180609984761,17.291824387945546,0.07164603063913566,-1.9367320357649338,-2.1324387510566587,-0.467577855628804,0.35080571544783334,0.04667942197476959,1.2907771025022567,0.02708716733988921,17.291824387945546,0.07164603063913566,-1.9367320357649338,-2.1324387510566587,-0.467577855628804,0.35080571544783334,9.399997813480764,9.399997629903181,0.1000150446825953,0.10000720281413798,0.09816917939253195,0.8075007059916204
2.4215326181054566,-1.490145259872739,0.04660625886529384,0.5325756280771017,-0.004197889431066947,17.560584906593014,0.04673541739396639,-2.5557198204689477,-1.6566124239889135,-0.46560634199073064,0.29751185411675873,0.046679272939142556,0.9288087841458204,0.027087277759658124,17.560584906593014,0.04673541739396639,-2.5557198204689477,-1.6566124239889135,-0.46560634199073064,0.29751185411675873,9.399997941856288,9.399997764538067,0.10002020464400956,0.10000796747145112,0.09733304670777254,0.7726931910969502
2.449050034220291,-1.535730953284647,0.0337939754070287,0.5407623855659284,-0.0013688075344860959,17.740291382832215,0.02229246567762388,-3.0068526439440277,-1.1733905018943074,-0.46432030406300034,0.22718504834398406,0.04667903824605203,0.5668405759681904,0.027087448567012243,17.740291382832215,0.02229246567762388,-3.0068526439440277,-1.1733905018943074,-0.46432030406300034,0.22718504834398406,9.399998028337263,9.399997849447093,0.10002827812523733,0.10000871906089988,0.09652456204175898,0.7278874557931836
2.4765674503351263,-1.5680196279904675,0.021017080389560388,0.5470139310762784,0.0018036897424467823,17.844278010355588,-0.0019243670375619047,-3.284399994004967,-0.6852235219144963,-0.4637068730087235,0.1444442329445853,0.046678661094484236,0.20487253619715998,0.02708772013576574,17.844278010355588,-0.0019243670375619047,-3.284399994004967,-0.6852235219144963,-0.4637068730087235,0.1444442329445853,9.399998077725332,9.399997889346755,0.10003989544949551,0.10000931774691577,0.09573674456394764,0.6718178225459072
2.504084866449961,-1.5868752087746614,0.008257065409670397,0.5509886631396025,0.00515421988418248,17.880793084854883,-0.026182974250270663,-3.3851478499284426,-0.19419509863474638,-0.46375982661725373,0.05406603162198997,0.04667806969726078,-0.15709526757947823,0.02708814343729421,17.880793084854883,-0.026182974250270663,-3.3851478499284426,-0.19419509863474638,-0.46375982661725373,0.05406603162198997,9.399998092082388,9.399997885013283,0.10005157874238642,0.10000960307031499,0.09496325604269945,0.6048203028305281
2.5316022825647955,-1.5922189561112552,-0.004504406716700276,0.5524764206294224,0.008451101182987369,17.852830215037514,-0.050759546948492607,-3.3079906848619958,0.29783812514446484,-0.4644803144148224,-0.039084490374729074,0.046677256851413315,-0.5190628386336472,0.027088723817314853,17.852830215037514,-0.050759546948492607,-3.3079906848619958,0.29783812514446484,-0.4644803144148224,-0.039084490374729074,9.399998072041981,9.399997834547968,0.10005376601823247,0.10000949447572723,0.09419819430959102,0.5298241929699754
2.5591196986796305,-1.5840232204867928,-0.01728570480560228,0.5514009164441446,0.0114506776067762,17.75808482131333,-0.07591894122907401,-3.053777383789949,0.7891018829991466,-0.46587708599000455,-0.13011184655407373,0.046676399918432025,-0.8810303678631538,0.027089336204153946,17.75808482131333,-0.07591894122907401,-3.053777383789949,0.7891018829991466,-0.46587708599000455,-0.13011184655407373,9.399998017253871,9.399997733384888,0.10004478029839023,0.10000905442916803,0.0934359117036234,0.4523405903829121
2.586637114794465,-1.5623091756153058,-0.03010543843915592,0.5478205746210464,0.01396452331140597,17.481353481154123,-0.10126915384818867,-2.669394182984635,1.277758492429756,-0.46796617908680266,-0.2141439095458931,0.046675710192640996,-1.2429980774896636,0.027089831651628832,17.481353481154123,-0.10126915384818867,-2.669394182984635,1.277758492429756,-0.46796617908680266,-0.2141439095458931,9.283716047233797,9.39999757256831,0.10003357082780014,0.10000843182436142,0.09267084804675967,0.378799105277876
2.6141545309092997,-1.5271485634848523,-0.04298265851675677,0.5419278875536143,0.0159043280850242,16.512192591739637,-0.1227542340580149,-2.3967550737997287,1.758800170421189,-0.4707528445328405,-0.28759874005360053,0.044412302215614374,-1.6027030868383734,0.025490293972289024,16.512192591739637,-0.1227542340580149,-2.3967550737997287,1.758800170421189,-0.4707528445328405,-0.28759874005360053,8.87095696951337,9.029392437932122,0.10002311658314898,0.10000794502543921,0.09189736892610209,0.31418568542508085
2.6416719470241343,-1.4787509273325303,-0.05593656042700906,0.534013913349457,0.017126331354568564,15.431724123450918,-0.14153935592697822,-2.047109789215011,2.2131730449363802,-0.4741307238712727,-0.35355124674468896,0.04132874337976275,-1.9471635007615966,0.023310635357408446,15.431724123450918,-0.14153935592697822,-2.047109789215011,2.2131730449363802,-0.4741307238712727,-0.35355124674468896,8.458196844047144,8.616633922819796,0.10001646144215039,0.10000753913458613,0.0911096005504541,0.2607652514901935
2.6691893631389694,-1.41785012372088,-0.0689834128486027,0.5242850965748646,0.017714526132981738,14.277168880390592,-0.15739543807976328,-1.6418827066060386,2.637814219010713,-0.4780255212249411,-0.4098824186472699,0.038245274820034376,-2.2755588894783125,0.02113086860453035,14.277168880390592,-0.15739543807976328,-1.6418827066060386,2.637814219010713,-0.4780255212249411,-0.4098824186472699,8.045436375744222,8.203874108299706,0.10001261217980996,0.1000071236289102,0.09030129069324136,0.21839004707051557
2.696706779253804,-1.3452642922227345,-0.08213744002966017,0.5130061915027926,0.017844514283671373,13.110909268391962,-0.17101498364044262,-1.1774371111202566,3.0306850160341905,-0.48235663698915865,-0.45506278829669916,0.03516186036051588,-2.5878891666120865,0.018951045612389666,13.110909268391962,-0.17101498364044262,-1.1774371111202566,3.0306850160341905,-0.48235663698915865,-0.45506278829669916,7.632675740806149,7.791113869627144,0.17481283092690528,0.10000673267471254,0.08946584540208358,0.18552213250383515
2.7242241953686386,-1.261867671523527,-0.09541064832544315,0.5004840393988551,0.017674260491658305,12.40110240305741,-0.18975882225756688,-0.3141845733626877,3.391463362016376,-0.48706252745586437,-0.48746281523244384,0.030622766688128168,-2.8826985813856614,0.017800376919544527,12.40110240305741,-0.18975882225756688,-0.3141845733626877,3.391463362016376,-0.48706252745586437,-0.48746281523244384,7.219915010223706,7.378353426826598,0.5875638816376675,0.4344704901085897,0.08859617404629748,0.1602438565295624
2.7517416114834736,-1.1685433629527062,-0.10881335056738928,0.487070322271595,0.0173258054822092,11.609437385843192,-0.20724184223406647,0.6385197336670791,3.7327096571239844,-0.4922841999293868,-0.49610836287452625,0.024560142644723386,-3.1469014682649865,0.017726836279994253,11.609437385843192,-0.20724184223406647,0.6385197336670791,3.7327096571239844,-0.4922841999293868,-0.49610836287452625,6.8071542201434285,6.965592869227119,1.0003204696471795,0.8472253390623902,0.08768451363194625,0.140786572720773
2.7792590275983082,-1.0658288380817633,-0.12235973974360473,0.47341870201232705,0.016876741290284953,10.662070181434222,-0.22153561659383433,1.6033508136848917,4.052171376529351,-0.4979869599385466,-0.4785379496656752,0.01849748023385713,-3.378974117411456,0.017653316368968386,10.662070181434222,-0.22153561659383433,1.6033508136848917,4.052171376529351,-0.4979869599385466,-0.4785379496656752,6.394393391972823,6.552832242957445,1.4130788477515253,1.2599834589499823,0.08672221028117452,0.12571120736236624
2.806776443713143,-0.9543235521451826,-0.13606305413999525,0.4602505741246367,0.016373720382382842,9.55611059306637,-0.2322100152273746,2.5439519204529746,4.3455639983574486,-0.5040830476846156,-0.43441787814744853,0.01243480886878308,-3.578916428256326,0.01757979723277548,9.55611059306637,-0.2322100152273746,2.5439519204529746,4.3455639983574486,-0.5040830476846156,-0.43441787814744853,5.981632539949231,6.1400715760244875,1.8258380862631125,1.672742661073096,0.0856992206540378,0.11392382229123582
2.834293859827978,-0.8347448593487355,-0.14993411711956692,0.44829651660392966,0.015842817292272045,8.29491745112159,-0.2388615436606951,3.423688967097722,4.6085234699862365,-0.5104728672996595,-0.3644148945762104,0.0063721331935727,-3.746728361738896,0.01750627605063296,8.29491745112159,-0.2388615436606951,3.423688967097722,4.6085234699862365,-0.5104728672996595,-0.3644148945762104,5.5688716745631766,5.727310887850571,2.238597817522577,2.085502397140547,0.08460374104769894,0.10460892609926893
2.8618112759428125,-0.7079302013501422,-0.16398101142438445,0.4382687603114323,0.015296317537940743,6.888693396922546,-0.24114650183909975,4.207165894136494,4.836778165126955,-0.5170457197904026,-0.27020382062081294,0.0003094541632585236,-3.88240989720562,0.017432752364128695,6.888693396922546,-0.24114650183909975,4.207165894136494,4.836778165126955,-0.5170457197904026,-0.27020382062081294,5.15611080435093,5.314550193687048,2.651357860274186,2.4982624469619283,0.08342178329557581,0.09716290841564716
2.889328692057647,-0.5748345639251968,-0.17820877364625123,0.43083344934359113,0.014737474046708988,5.354577449413576,-0.23881118385202985,4.861899155839416,5.026337207817587,-0.5236814484261458,-0.1544334860477175,-0.005753228155502692,-3.985961022278295,0.017359226158150515,5.354577449413576,-0.23881118385202985,4.861899155839416,5.026337207817587,-0.5236814484261458,-0.1544334860477175,4.743349936983295,4.901789507059626,3.06411811249977,2.911022699663304,0.0821366512980462,0.09113948740278405
2.9168461081724817,-0.43652275144420366,-0.19261913397421285,0.4265838388459515,0.01416353220992394,3.7162031658578223,-0.23171631794885433,5.360012326433156,5.173681343612211,-0.5302529151450784,-0.02064658386811976,-0.011815913982334001,-4.057381729134244,0.017285697458874226,3.7162031658578223,-0.23171631794885433,5.360012326433156,5.173681343612211,-0.5302529151450784,-0.02064658386811976,4.33058908005865,4.4890288414415584,3.476878511318552,3.3237830911225665,0.08072829594520024,0.08620779350503611
2.9443635242873167,-0.2941564090664691,-0.20721032408636414,0.4260156982063026,0.013567484258400472,2.0027359720102464,-0.21985325871544142,5.679797634128843,5.275941652494387,-0.5366291494866744,0.12684710569898563,-0.017878603675344693,-4.096672012832422,0.017212166228724086,2.0027359720102464,-0.21985325871544142,5.679797634128843,5.275941652494387,-0.5366291494866744,0.12684710569898563,3.917828241824783,4.076268211733039,3.889639015205122,3.7365435804473317,0.07917252472043167,0.0821212301435331
2.9718809404021513,-0.1489761272171922,-0.2219769716921388,0.429506202796784,0.01293894162983737,0.24745244048020584,-0.2033500694302772,5.806994778352605,5.331051771604341,-0.5426789430909497,0.2831404606453637,-0.02394129770978536,-4.103831870486168,0.017138632329886196,0.24745244048020584,-0.2033500694302772,5.806994778352605,5.331051771604341,-0.5426789430909497,0.2831404606453637,3.505067432005444,3.663507635953213,4.302399595102388,4.149304139447508,0.07744004423371592,0.07869474407784266
2.999398356516986,-0.002279357288228542,-0.2369100939859312,0.4372974966713084,0.012264395076928216,-1.5140291858024097,-0.18246652272045852,5.735659544565659,5.337861023377666,-0.548274611568443,0.4429339523379657,-0.030003996705468328,-4.078861300862784,0.017065095498483934,-1.5140291858024097,-0.18246652272045852,5.735659544565659,5.337861023377666,-0.548274611568443,0.4429339523379657,3.0923066629446603,3.2507471376071044,4.715160229545061,4.562064747276816,0.07549532318730252,0.07578836991000537
3.026915772631821,0.1446047856552124,-0.25199719461765946,0.4494858945491806,0.01152702857638542,-3.245720801767388,-0.1575780974538374,5.468533350660739,5.296198852261937,-0.5532956188011688,0.6007644827188032,-0.036066701487360214,-4.021760304250635,0.016991555308563014,-3.245720801767388,-0.1575780974538374,5.468533350660739,5.296198852261937,-0.5532956188011688,0.6007644827188032,2.679545951429004,2.837986749491619,5.127920901749515,4.974825387379855,0.07329528661450918,0.07329534528364665
3.0544331887466556,0.2903424932998143,-0.2672224603947262,0.46601738080716737,0.01070617810626343,-4.91327000699106,-0.12915012724720634,5.016875236979058,5.2068850023671285,-0.55763176087939,0.7512443904667871,-0.04212941318755835,-3.932528882551813,0.016918011110747574,-4.91327000699106,-0.12915012724720634,5.016875236979058,5.2068850023671285,-0.55763176087939,0.7512443904667871,2.2667853219278022,2.4252265204934176,5.5406815977075725,5.387586045520499,0.07092983276217832,0.07113343333043062
3.08195060486149,0.4336225145720429,-0.2825670455976924,0.4866896853035774,0.009776479541183271,-6.485827092396755,-0.09770422318331673,4.399773368472838,5.071684507100218,-0.5611856386721352,0.8892958339589508,-0.04819213341777432,-3.8111670396456216,0.016844461922847033,-6.485827092396755,-0.09770422318331673,4.399773368472838,5.071684507100218,-0.5611856386721352,0.8892958339589508,1.8540248130065773,2.01246652901659,5.953442304770208,5.80034670827387,0.06843305068573488,0.06923893028964007
3.109468020976325,0.5731821675570802,-0.29800942433470284,0.5111608088158149,0.008706731600405889,-7.937616322853039,-0.06377983027158285,3.6430064307483545,4.893211304149868,-0.5638742064376471,1.0103662285501867,-0.054254864580104374,-3.657674782195092,0.016770906225218336,-7.937616322853039,-0.06377983027158285,3.6430064307483545,4.893211304149868,-0.5638742064376471,1.0103662285501867,1.441264491755919,1.5997069129029169,6.366203010387932,6.213107361576869,0.06580963705511242,0.06756186380327228
3.13698543709116,0.7078306991511853,-0.3135257855096698,0.5389634767552067,0.007458518913406148,-9.249086266946616,-0.027894202516400818,2.777569322459199,4.674788612834016,-0.5656292625669637,1.1106123524141087,-0.06031761048296756,-3.4720521213692774,0.01669734154559874,-9.249086266946616,-0.027894202516400818,2.777569322459199,4.674788612834016,-0.5656292625669637,1.1106123524141087,1.0285044924985847,1.1869479480668128,6.778963700694252,6.625867988915422,0.06310010688472523,0.06606272982839155
3.1645028532059944,0.83646880265943,-0.32909044129445203,0.5695246589988614,0.0059847219488415385,-10.407557715240861,0.009495834232615153,1.838006775545731,4.420277657344442,-0.5663968389447989,1.1870438832480188,-0.06638037774177818,-3.254299076911959,0.016623763500034573,-10.407557715240861,0.009495834232615153,1.838006775545731,4.420277657344442,-0.5663968389447989,1.1870438832480188,0.6157451540328919,0.7741903161686122,7.191724358481315,7.038628568454785,0.06039279806053688,0.06471001734012982
3.192020269320829,0.9581034222996839,-0.3446762187978231,0.6021890394807665,0.004228236810075058,-11.407337888087545,0.04802719921814,0.8607104252016516,4.133888560955,-0.5661355381228623,1.2376210805125971,-0.07244317973432457,-3.004415689185542,0.016550163050893775,-11.407337888087545,0.04802719921814,0.8607104252016516,4.133888560955,-0.5661355381228623,1.2376210805125971,0.2029878697335755,0.3614366047853257,7.604484959654431,7.4513890675499574,0.057789361855386245,0.0634783629467695
3.219537685435664,1.071857354003838,-0.3602548059777458,0.6362451737457232,0.002121630970466214,-12.6108926952129,0.09003785615073799,0.16842413926106642,3.819988097525974,-0.5648139536971466,1.2613056074372477,-0.07850605324479058,-2.7224020771286943,0.01647651484750502,-12.6108926952129,0.09003785615073799,0.16842413926106642,3.819988097525974,-0.5648139536971466,1.2613056074372477,0.10000435299930906,0.10000832720714029,8.01724546160451,7.864149436138809,0.05534599478961465,0.06234716417275485
3.2470551015504987,1.1769735560371761,-0.3757970265690952,0.6709530449935486,-0.0004107933895200329,-14.005877114477371,0.138190932949732,-0.34107291419906227,3.4729689156522707,-0.5623363445433589,1.2659402045610777,-0.08148548492668427,-2.41723155397754,0.018582863686673293,-14.005877114477371,0.138190932949732,-0.34107291419906227,3.4729689156522707,-0.5623363445433589,1.2659402045610777,0.10000491398912632,0.10000939031897953,8.43000578318224,8.276909575675845,0.05306775805865621,0.061299528839131756
3.2745725176653333,1.2725406868430662,-0.3912710697583898,0.7057884483789549,-0.003449880749643061,-15.316928462001213,0.1899745375164054,-0.8771702792238819,3.0875633670399556,-0.5585336871380837,1.256554759255563,-0.08446492992285673,-2.095995864384572,0.02068920812193601,-15.316928462001213,0.1899745375164054,-0.8771702792238819,3.0875633670399556,-0.5585336871380837,1.256554759255563,0.10000570597616577,0.10001078259788612,8.842765725991576,8.68966924185594,0.050937319683109494,0.06032147231638639
3.3020899337801684,1.3575024527948247,-0.4066404736415214,0.7403655885604664,-0.007091592198758098,-16.541708950262116,0.24547486525071738,-1.4010815341888625,2.666081072949912,-0.5533060787380213,1.232417299678594,-0.0874443919845193,-1.758695035833922,0.02279554810401914,-16.541708950262116,0.24547486525071738,-1.4010815341888625,2.666081072949912,-0.5533060787380213,1.232417299678594,0.10000685767429439,0.10001258339166175,9.255524503064132,9.102427460848403,0.0489334842488394,0.05940115437768115
3.329607349895003,1.4308661150750726,-0.421866027249023,0.7742785282228435,-0.011407021909059185,-17.331747714877153,0.2989167747592924,-2.0304194342484707,2.210895984515063,-0.5465512447251841,1.1938631560915083,-0.09042387753865509,-1.4053291341251095,0.02490188683384581,-17.331747714877153,0.2989167747592924,-2.0304194342484707,2.210895984515063,-0.5465512447251841,1.1938631560915083,0.10000860779622474,0.10001482530787027,9.399997829755375,9.399997259967213,0.04703724207190853,0.058528317542245606
3.3571247660098376,1.4917042598675907,-0.4369057052782067,0.8071305574731835,-0.016404665128755942,-17.618832608629656,0.3467597741122623,-2.7066619484792565,1.7339710706474525,-0.538325827450428,1.137991259631646,-0.09042400962419475,-1.0433608457239052,0.02490180912846722,-17.618832608629656,0.3467597741122623,-2.7066619484792565,1.7339710706474525,-0.538325827450428,1.137991259631646,0.10001142671619526,0.10001733153930449,9.399997971615704,9.399997383378413,0.04523278874768502,0.05769394616843485
3.384642182124672,1.5394186633496822,-0.45171904107752286,0.8384451364995127,-0.021760570007176242,-17.81467024060174,0.39381119400852405,-3.215788355799546,1.2491463222981711,-0.5287838944542945,1.0635109165131529,-0.09042413598363244,-0.6813926557914561,0.024901735979115137,-17.81467024060174,0.39381119400852405,-3.215788355799546,1.2491463222981711,-0.5287838944542945,1.0635109165131529,0.1000163432149625,0.10001947258101494,9.399998063652305,9.399997442738366,0.04350720108383203,0.05688997923186659
3.412159598239507,1.5737919424886764,-0.4662698075360445,0.8677102089318746,-0.027201680537685395,-17.843533129264234,0.4383358019802984,-3.5830934229633753,0.75893262833897,-0.5179472279580817,0.9750207301893766,-0.09042420896666997,-0.31942460025733527,0.02490170146605484,-17.843533129264234,0.4383358019802984,-3.5830934229633753,0.75893262833897,-0.5179472279580817,0.9750207301893766,0.1000259688559542,0.10002019186795279,9.332762952693884,9.371110541692177,0.04184984400314613,0.056109171747764815
3.439677014354342,1.594675807425805,-0.4805223769332922,0.8945402600850858,-0.03233751588950437,-17.115042423882436,0.4637999778869671,-4.00572531728454,0.26792470226216736,-0.5058853592969598,0.876423257491366,-0.08967782598841717,0.04067265324862938,0.024374167668212866,-17.115042423882436,0.4637999778869671,-4.00572531728454,0.26792470226216736,-0.5058853592969598,0.876423257491366,0.10004887497306182,0.10001887094197037,8.920003688220772,8.958351953434939,0.040251871654961,0.05534498655913797
3.4671944304691764,1.602048402945396,-0.4944430348714693,0.9186571635541949,-0.036674810484453424,-16.696003679354046,0.4962262040900604,-4.127131290552673,-0.20303704193885494,-0.49312278231139256,0.7661960470939189,-0.08893095837555369,0.3847043394048826,0.023846957899327063,-16.696003679354046,0.4962262040900604,-4.127131290552673,-0.20303704193885494,-0.49312278231139256,0.7661960470939189,0.4907810410252572,0.10001620714815425,8.50724343060719,8.545592055784992,0.03870589887178427,0.054591379719306866
3.4947118465840115,1.5964613481756396,-0.508012499668037,0.93974089900762,-0.03990794439526973,-16.244460123978307,0.5273498480911079,-4.088314109542587,-0.6624679226384528,-0.4794679193663611,0.6526280580112266,-0.08058011423602666,0.7050669676222695,0.02869574962952321,-16.244460123978307,0.5273498480911079,-4.088314109542587,-0.6624679226384528,-0.4794679193663611,0.6526280580112266,0.9034083160157123,0.10001336568924425,8.094482846098801,8.132831730621163,0.03720575339017758,0.053842640083170835
3.522229262698846,1.578231942685667,-0.521206217918955,0.9576995368481317,-0.042167675552739335,-15.742696975534148,0.5530876413438229,-3.9192919143377494,-1.1094734914308044,-0.4649566141583428,0.5401282174507936,-0.0641991981358617,1.001334432742356,0.03922179509939822,-15.742696975534148,0.5530876413438229,-3.9192919143377494,-1.1094734914308044,-0.4649566141583428,0.5401282174507936,1.3160093716278536,0.10001097174424207,7.681722101100236,7.7200711990894515,0.03574625180847912,0.05309342255358731
3.5497466788136807,1.547702098953587,-0.5340006225460949,0.9725624697630894,-0.04371194012194124,-14.829943887872599,0.5565098504723448,-3.7898695753818945,-1.5426718348763286,-0.449737071383512,0.43227943096845506,-0.039788729924001995,1.2735072291641032,0.0554247280381852,-14.829943887872599,0.5565098504723448,-3.7898695753818945,-1.5426718348763286,-0.449737071383512,0.43227943096845506,1.3386779797341408,0.10000912924793719,7.26896126206809,7.307310550457898,0.034323122911250545,0.05233848592209353
3.5772640949285157,1.5052517561446592,-0.5463762246816221,0.9844576827429325,-0.04478798900189374,-13.479691578974634,0.5316130125758305,-3.7793334673599865,-1.9507535717985687,-0.43442335825605966,0.3279920128417194,-0.014937075388186553,1.529173696654418,0.0719395744686765,-13.479691578974634,0.5316130125758305,-3.7793334673599865,-1.9507535717985687,-0.43442335825605966,0.3279920128417194,0.9260359021312282,0.10000774852519402,6.856200362175875,6.894549830391515,0.03293292982054115,0.05157254766587337
3.6047815110433503,1.4515720583719778,-0.558330433000758,0.9934831754426405,-0.045408157478749336,-12.106386959878758,0.49503294161621925,-3.7698661084641167,-2.3216798540768466,-0.41979474177694936,0.22399452118365346,0.0018843098310625727,1.7768052701006156,0.08277701554401319,-12.106386959878758,0.49503294161621925,-3.7698661084641167,-2.3216798540768466,-0.41979474177694936,0.22399452118365346,0.5133348960635444,0.10000671388943388,6.443439420367388,6.481789066322149,0.03157301833428488,0.05079014765537209
3.632298927158185,1.3876854277419164,-0.5698820995930539,0.9996469258894946,-0.045468656622626,-10.717523132604123,0.45193624582172026,-3.7909797493753894,-2.654816341699039,-0.40617271433194496,0.12025754677983357,0.010674272169440922,2.016403087884161,0.08793623575165285,-10.717523132604123,0.45193624582172026,-3.7909797493753894,-2.654816341699039,-0.40617271433194496,0.12025754677983357,0.10061783907812429,0.1000068634627302,6.030678448508279,6.069028277188857,0.03024144731265235,0.0499856239585631
3.6598163432730195,1.3146317417589206,-0.5810589231878179,1.0029561028451848,-0.044988520892788285,-9.670703483099192,0.4214162658266546,-3.64904172567776,-2.9497348854592738,-0.3937365965982922,0.015939579533358936,0.01143247631652783,2.2479674382488994,0.08741699788990717,-9.670703483099192,0.4214162658266546,-3.64904172567776,-2.9497348854592738,-0.3937365965982922,0.015939579533358936,0.10001852152294273,0.10000695359813806,5.617917456291528,5.6562674721068245,0.02893691194363438,0.04915311332898833
3.6873337593878546,1.2334626594872935,-0.5918935369560518,1.0033947188879,-0.04407943456053253,-8.604024742891214,0.39111842121831436,-3.548034051971344,-3.2158476573268953,-0.3821403098539802,-0.08447262005251077,0.012179019217942596,2.4634782259418704,0.08688951037800735,-8.604024742891214,0.39111842121831436,-3.548034051971344,-3.2158476573268953,-0.3821403098539802,-0.08447262005251077,0.1000121151414871,0.10000699088924554,5.205156450645636,5.243506658947646,0.02765870020408847,0.048286436894162586
3.714851175502689,1.1449708413387127,-0.6024090508765557,1.001070250651605,-0.042922378979335485,-7.527187101203548,0.3608134993223402,-3.508754893559771,-3.4526081864393667,-0.3713777415071384,-0.18210534945020962,0.012925440466965385,2.6629239131121927,0.08636193156112944,-7.527187101203548,0.3608134993223402,-3.508754893559771,-3.4526081864393667,-0.3713777415071384,-0.18210534945020962,0.10000916007706412,0.10000698965271315,4.79239543697535,4.830745845036571,0.02640664501313541,0.04737898721310613
3.7423685916175238,1.049963985190976,-0.6126284067253951,0.9960591819740463,-0.04164730603546676,-6.555073380874981,0.33553729791463266,-3.4498629729468844,-3.659736926077401,-0.36144908630643585,-0.27865721790125675,0.013671808119910488,2.8463044331738367,0.08583430935496725,-6.555073380874981,0.33553729791463266,-3.4498629729468844,-3.659736926077401,-0.36144908630643585,-0.27865721790125675,0.12603327293162367,0.21598157882529564,4.379634419896951,4.41798503774024,0.0251811263989774,0.046423475281505304
3.769886007732359,0.9492574813252778,-0.6225745516376161,0.9883912553556555,-0.040342716409666024,-6.036957052012185,0.3349879034395868,-2.9561255279135317,-3.8401156079622134,-0.35221596685767154,-0.37358853286699784,0.012667681491448065,3.0108563358913196,0.08406908191918949,-6.036957052012185,0.3349879034395868,-2.9561255279135317,-3.8401156079622134,-0.35221596685767154,-0.37358853286699784,0.538786992206186,0.6287358446358507,3.9668734037531883,4.00522424507132,0.023983027192567147,0.04541177682278422
3.7974034238471934,0.84358742221191,-0.6322666249599274,0.978111064241024,-0.039087155223634804,-5.448624934065812,0.3342747950752807,-2.4797002333748885,-4.006237067229819,-0.34299796532528826,-0.45493346910628085,0.011663548575992638,3.1432780590779146,0.08230384388905745,-5.448624934065812,0.3342747950752807,-2.4797002333748885,-4.006237067229819,-0.34299796532528826,-0.45493346910628085,0.9515447414957481,1.041493602891897,3.554112393062163,3.5924634764491246,0.02281367703522157,0.04433475486927368
3.824920839962028,0.7333461297782721,-0.641705042698325,0.9655924706670613,-0.037936217703494306,-4.794557110775762,0.33317989831899325,-2.0360889911858244,-4.156169146794171,-0.3337995866925006,-0.5231684122681114,0.010659420196869787,3.2435694569154276,0.08053860240500381,-4.794557110775762,0.33317989831899325,-2.0360889911858244,-4.156169146794171,-0.3337995866925006,-0.5231684122681114,1.364303788782277,1.4542525204779435,3.1413513930148644,3.179702743778715,0.02167480036416175,0.04318200104132285
3.8524382560768626,0.6189790939222992,-0.6508903448243023,0.9511962277685424,-0.03692110408599402,-4.082055788487245,0.33152153952330965,-1.639360652451422,-4.288102969897727,-0.32463133678935846,-0.5791963202854068,0.00965529954514669,3.3117304824893603,0.07877335902670068,-4.082055788487245,0.33152153952330965,-1.639360652451422,-4.288102969897727,-0.32463133678935846,-0.5791963202854068,1.7770634572422204,1.867012011705609,2.728590410167292,2.766942063168258,0.020568526910642287,0.04194133814058241
3.8799556721916977,0.500981580156365,-0.6598233604026501,0.935258241611068,-0.036057112040652955,-3.3210604893991094,0.3291661161593994,-1.3014978430950206,-4.400430597633499,-0.31550872063526486,-0.6243072895212005,0.008651188224228973,3.347761113895628,0.07700811392849251,-3.3210604893991094,0.3291661161593994,-1.3014978430950206,-4.400430597633499,-0.31550872063526486,-0.6243072895212005,2.1898234792486098,2.279771840269436,2.315829453597187,2.3541814579924583,0.01949727533184601,0.04059845850206557
3.9074730883065323,0.3798931003168331,-0.6685053451562297,0.9180789181417885,-0.03534940744529559,-2.523767741138431,0.3260365928833054,-1.0318066716582173,-4.491817601062831,-0.3064509196460026,-0.6601211472422072,0.007647087506212815,3.3516613396685666,0.0752428666570724,-2.523767741138431,0.3260365928833054,-1.0318066716582173,-4.491817601062831,-0.3064509196460026,-0.6601211472422072,2.60258372247821,2.6925318861763046,1.9030685371301508,1.9414209649484133,0.018463592662194432,0.03913648284053789
3.934990504421367,0.25628988627644855,-0.6769380826309025,0.8999140898469228,-0.03479669082170311,-1.704084949358196,0.3221173149398895,-0.8364440852931563,-4.561265168172934,-0.2974792350509697,-0.6885138007762901,0.00664299886833693,3.3234311542359696,0.07347761627480484,-1.704084949358196,0.3221173149398895,-0.8364440852931563,-4.561265168172934,-0.2974792350509697,-0.6885138007762901,3.0153441118288824,3.1052920790544984,1.4903076842754372,1.5286606476188629,0.01746995618930181,0.03753542187046468
3.962507920536202,0.1307756546337324,-0.6851239425273228,0.8809679690901553,-0.03439333543605029,-0.876965229546106,0.3174548744134495,-0.7181065961478097,-4.6081571828194505,-0.28861539885797544,-0.7115305807280953,0.00563892447564047,3.2630705565515203,0.07171236122761036,-0.876965229546106,0.3174548744134495,-0.7181065961478097,-4.6081571828194505,-0.28861539885797544,-0.7115305807280953,3.428104600182178,3.518052373007219,1.0775469413213736,1.1159006325819991,0.01651855886829832,0.03577151978151691
3.9900253366510365,0.003971075911525102,-0.6930658925548466,0.8613884860218303,-0.034130435940727184,-0.0576816910750132,0.3121550278006907,-0.6759088212585534,-4.632288999959112,-0.27987986098105794,-0.7312910187491033,0.004634868031884602,3.1705795507431476,0.06994709883991641,-0.0576816910750132,0.3121550278006907,-0.6759088212585534,-4.632288999959112,-0.27987986098105794,-0.7312910187491033,3.840865155363286,3.930812735248084,0.6647864230994696,0.703141235734385,0.015611112582959146,0.033816455673945006
4.017542752765872,-0.12349754806452135,-0.7007674631516244,0.8412652467578697,-0.03399607277287894,0.738894540808547,0.3063759664117574,-0.7054612979012771,-4.633876251054631,-0.2712901611887285,-0.7498902830393634,0.003630837165596845,3.0459581505852333,0.06818182367816947,0.738894540808547,0.3063759664117574,-0.7054612979012771,-4.633876251054631,-0.2712901611887285,-0.7498902830393634,4.25362575348973,4.343573140152074,0.252026587473407,0.2903837201683793,0.014748708832265763,0.031636377176557345
4.045060168880706,-0.2510098490894419,-0.7082326674049152,0.8206302037990044,-0.033975000220747655,1.5781811533773593,0.3161927927255607,-0.32283997007544596,-4.613543782510223,-0.26285948623339156,-0.7693027551266253,0.0026268552095217116,2.889206404306603,0.06641651925388486,1.5781811533773593,0.3161927927255607,-0.32283997007544596,-4.613543782510223,-0.26285948623339156,-0.7693027551266253,4.666386375095612,4.756333565601771,0.10000133081986987,0.10000386573968226,0.013931770562492875,0.02930266965990365
4.072577584995541,-0.37796265311678423,-0.715465881267331,0.7994609797678961,-0.034047913792826554,2.526716539476588,0.33633857279825274,0.32254322471367913,-4.570116315008148,-0.2541586775834506,-0.7781864769216928,0.0008764701210668943,2.7097260087458803,0.06517892724190404,2.526716539476588,0.33633857279825274,0.32254322471367913,-4.570116315008148,-0.2541586775834506,-0.7781864769216928,5.0791470024859215,5.169093990214152,0.10000127951707012,0.10000410244113755,0.01316001862753868,0.02690318897040768
4.100095001110375,-0.5037204454500586,-0.7224596713575909,0.7780472986675045,-0.03420956927302262,3.533691456565763,0.3558398459407659,0.8897308792825324,-4.500587604587136,-0.24490350912029146,-0.7693109207922265,-0.0008739054164278162,2.514180407246104,0.06394133405731908,3.533691456565763,0.3558398459407659,0.8897308792825324,-4.500587604587136,-0.24490350912029146,-0.7693109207922265,5.491907617427746,5.581854390551905,0.10000124254405944,0.10000445124282008,0.012432526403192529,0.024548367666780126
4.12761241722521,-0.62756498732675,-0.7291987831260371,0.7568778499383781,-0.03443417597490147,4.577621284142006,0.37506983934479426,1.3836367096009832,-4.40334954635538,-0.23511171600930075,-0.7448278259567919,-0.0026242692701373385,2.3025696029823464,0.0627037385176475,4.577621284142006,0.37506983934479426,1.3836367096009832,-4.40334954635538,-0.23511171600930075,-0.7448278259567919,5.904668198349051,5.994614737246418,0.10000121730779031,0.10000494976017278,0.011747791131729895,0.022430741092150337
4.155129833340045,-0.7487337890928798,-0.7356684500489379,0.7363821127176172,-0.03469310046042783,5.637662393013808,0.39444653117831413,1.8137645778960025,-4.277385236663521,-0.22479076316792584,-0.7067537188669415,-0.0043746183730247355,2.07489360080258,0.061466138994460816,5.637662393013808,0.39444653117831413,1.8137645778960025,-4.277385236663521,-0.22479076316792584,-0.7067537188669415,6.3174287158067495,6.4073749880483835,0.10000120200067926,0.10000566465459794,0.011103708597531962,0.020650368187319183
4.18264724945488,-0.8664363785336007,-0.7418541110178009,0.7169340765448486,-0.03495405986070778,6.694019588609998,0.4144150329313527,2.1937492098920646,-4.122251334680006,-0.21393661383443907,-0.6568436042426301,-0.006124948076381529,1.8311524082120612,0.06022853309348274,6.694019588609998,0.4144150329313527,2.1937492098920646,-4.122251334680006,-0.21393661383443907,-0.6568436042426301,6.730189123281288,6.82013507257189,0.10000119538392926,0.10000671979634983,0.010497621875164793,0.0191462414110769
4.210164665569715,-0.9798700838399232,-0.7477410938428818,0.6988594377645362,-0.03518089854219755,7.728125758934801,0.4354279023812128,2.5407881290230323,-3.9380492121793704,-0.20253298292902414,-0.5964772943824407,-0.007875250832334906,1.5713460373775998,0.058990917027468386,7.728125758934801,0.4354279023812128,2.5407881290230323,-3.9380492121793704,-0.20253298292902414,-0.5964772943824407,7.142949334055864,7.232894850706025,0.10000121120190635,0.10000767030872942,0.009926532150895768,0.017840664861446875
4.237682081684549,-1.0882350226921602,-0.7533142782111184,0.6824459238519636,-0.03533420447002604,8.72257879967846,0.4579233373147287,2.875000030592851,-3.725391159882989,-0.1905511321511907,-0.526561370176482,-0.009625526979008312,1.2954744964900975,0.057753294053840144,8.72257879967846,0.4579233373147287,2.875000030592851,-3.725391159882989,-0.1905511321511907,-0.526561370176482,7.555709125070065,7.645653996613172,0.10000123603256898,0.10000897303368221,0.009387306786559248,0.016680626477407805
4.265199497799384,-1.1907481614291873,-0.7585577530056755,0.6679563155188196,-0.03537304533490568,9.66082891428739,0.482300556847922,3.2187282320925203,-3.485368329457802,-0.17795026512960754,-0.4474487980044962,-0.011375765702748087,1.003537813051647,0.05651566237387705,9.66082891428739,0.482300556847922,3.2187282320925203,-3.485368329457802,-0.17795026512960754,-0.4474487980044962,7.9684676142425515,8.05841120992999,0.1000012702950194,0.10001081173165785,0.00887682373043312,0.01563160964021436
4.2927169139142185,-1.286656492064344,-0.763454484498992,0.6556436807540471,-0.03525802413042794,10.007757861551713,0.48380775801498505,2.935017706586362,-3.2195272802091295,-0.16467860001440685,-0.3588777138814404,-0.013125944481894802,0.6955360606204831,0.05527802342133804,10.007757861551713,0.48380775801498505,2.935017706586362,-3.2195272802091295,-0.16467860001440685,-0.3588777138814404,7.964140035111914,8.047716223283857,0.10000131426666109,0.10001350076857891,0.008392061336438493,0.01467023126695042
4.320234330029053,-1.3752495639269209,-0.7679860140607969,0.6457682933668307,-0.034955622016106476,9.727976838465782,0.4629598189569094,2.1018504119543975,-2.9441396427563022,-0.15136546061752326,-0.2781136103448951,-0.01475215764043432,0.38782671087597037,0.054127955377206376,9.727976838465782,0.4629598189569094,2.1018504119543975,-2.9441396427563022,-0.15136546061752326,-0.2781136103448951,7.5513813397418295,7.634958773114338,0.10000136787241841,0.10001758824133158,0.007930149688050833,0.013779875727916682
4.347751746143888,-1.4562646795768268,-0.7721512004260228,0.638115325423771,-0.03445086847326494,9.325808854816287,0.44328058676947707,1.363676120276812,-2.676450856136765,-0.1386260026348375,-0.22027611794800875,-0.01637831652960004,0.09618255578358506,0.05297781469992532,9.325808854816287,0.44328058676947707,1.363676120276812,-2.676450856136765,-0.1386260026348375,-0.22027611794800875,7.13862133774728,7.2221993886029425,0.10000143152330337,0.10002419511187816,0.007488396133602837,0.012948237572944025
4.375269162258723,-1.529913691496048,-0.7759658298248617,0.6320538958260351,-0.033762002700113626,8.824878615170254,0.424212580989433,0.7067041534607447,-2.419828693271375,-0.12642806627307374,-0.18275127470048794,-0.018004360099842652,-0.17939629236052498,0.05182757550062474,8.824878615170254,0.424212580989433,0.7067041534607447,-2.419828693271375,-0.12642806627307374,-0.18275127470048794,6.7258609077944564,6.8094393688205255,0.10000150628930204,0.100036041018817,0.007064370828582211,0.012165879921763809
4.402786578373558,-1.5965011245754133,-0.7794448035330918,0.6270250529545851,-0.03292185591377612,8.245479313908982,0.40522813959083875,0.115334135957281,-2.1769908362548285,-0.11475483216083952,-0.16330460243962625,-0.01963018257775595,-0.43890971069361134,0.05067716870221758,8.245479313908982,0.40522813959083875,0.115334135957281,-2.1769908362548285,-0.11475483216083952,-0.16330460243962625,6.313100269074253,6.39667903834669,0.10000159358696771,0.10007566950890488,0.006655964483017284,0.011425367868642641
4.430303994488392,-1.6564062872948195,-0.7826025600008496,0.6225313322557862,-0.031974086081674125,7.864843567675616,0.3990168822482088,-0.1066778934143937,-1.9500965509077326,-0.10360400082227812,-0.1601309050282445,-0.021255241555455676,-0.6823571481945251,0.049526213627015855,7.864843567675616,0.3990168822482088,-0.1066778934143937,-1.9500965509077326,-0.10360400082227812,-0.1601309050282445,5.900339509080386,5.983918527083296,0.10000169579644179,0.5125174013763105,0.006261358036716538,0.010720725774898156
4.457821410603227,-1.7100679055502517,-0.7854534744026379,0.6181249435092787,-0.030968392272994003,7.427278347360666,0.3924618055902236,-0.28620566510474127,-1.7336763777779214,-0.09262408723661021,-0.16306640501158215,-0.014853906543086241,-0.9017129690728841,0.042700591156415266,7.427278347360666,0.3924618055902236,-0.28620566510474127,-1.7336763777779214,-0.09262408723661021,-0.16306640501158215,5.487578671590414,5.571157900268176,0.10000181613114366,0.9251826830558995,0.005878992711728391,0.010047068401874628
4.485338826718062,-1.7577741998460261,-0.7880022499533844,0.6136377773882247,-0.029861867557643435,6.942897403927631,0.3826858555606192,-0.43643960641591034,-1.5292968688928956,-0.08182455242300472,-0.17094204539269214,-0.00042182671912195,-1.0969728187854484,0.030197226306789556,6.942897403927631,0.3826858555606192,-0.43643960641591034,-1.5292968688928956,-0.08182455242300472,-0.17094204539269214,5.07481778179039,5.158397195643234,0.10000195929114249,1.3378544484380925,0.005507542302173653,0.009400342294785346
4.512856242832896,-1.7998564981504659,-0.7902538502108183,0.608933893993633,-0.02859037829391235,6.5727108419467495,0.3759893522408621,-0.3518876586210183,-1.3382462719864132,-0.07129402649428168,-0.18295173565143324,0.0220411241458128,-1.2681365681784709,0.012016030535657963,6.5727108419467495,0.3759893522408621,-0.3518876586210183,-1.3382462719864132,-0.07129402649428168,-0.18295173565143324,4.6620568557056705,4.74563643742833,0.3656084289319768,1.750490399752444,0.005145858206169271,0.008777141584706029
4.540373658947731,-1.8366815776808425,-0.7922156776043634,0.603899534954781,-0.027060603058898312,6.238611588497728,0.3660877489716635,-0.12822738086082114,-1.1573822527460786,-0.06094777103392277,-0.1926347747793825,0.047365366954888306,-1.4100360300022934,-0.00818810325932471,6.238611588497728,0.3660877489716635,-0.12822738086082114,-1.1573822527460786,-0.06094777103392277,-0.1926347747793825,4.249295904439537,4.332875642626446,0.778367532241926,2.162959340906806,0.004792953505194881,0.008174569861152245
4.567891075062566,-1.868529746733581,-0.7938928027811755,0.5985987236989891,-0.0252256313077917,5.755152957977741,0.34126081962386723,-0.06803220869273556,-0.9857117816865563,-0.050873982110926405,-0.19616326097584488,0.07268395996320856,-1.5198107613540124,-0.028388246950665302,5.755152957977741,0.34126081962386723,-0.06803220869273556,-0.9857117816865563,-0.050873982110926405,-0.19616326097584488,3.8365349363517804,3.920114824305961,1.191127655635356,2.3723012478986094,0.004447989119676417,0.00759013789516429
4.595408491177401,-1.8956539879995453,-0.7952927233163405,0.5932008176202739,-0.023063642741642215,5.272481707499899,0.3103436869852397,0.032755021307410204,-0.827344842937354,-0.04148336613364657,-0.19803533157164271,0.094043891141786,-1.601413733904837,-0.04578962084958606,5.272481707499899,0.3103436869852397,0.032755021307410204,-0.827344842937354,-0.04148336613364657,-0.19803533157164271,3.4237739583167737,3.5073539935593905,1.6038881145083121,2.635266068339394,0.0041102459535233525,0.007021686742054995
4.6229259072922355,-1.9184203803131148,-0.796434238364084,0.5877513969959779,-0.020606264873530216,4.4776025811161295,0.2567331563725997,-0.48636459855611847,-0.6822597698342286,-0.03294350976026199,-0.19713399802048337,0.11248869292294918,-1.653801401777952,-0.06113000231753209,4.4776025811161295,0.2567331563725997,-0.48636459855611847,-0.6822597698342286,-0.03294350976026199,-0.19713399802048337,3.011012977064907,3.094593159880828,2.0166487389744905,2.2240011564075206,0.003779110110693881,0.006467328837398504
4.65044332340707,-1.9371944062980546,-0.7973407586304403,0.5823267787420673,-0.017868393376253528,3.794790629564976,0.20701836737497067,-0.8897867334900575,-0.5590477164128014,-0.025878876665882556,-0.2105174950624838,0.11489738605124734,-1.6900947376584867,-0.06513285902873858,3.794790629564976,0.20701836737497067,-0.8897867334900575,-0.5590477164128014,-0.025878876665882556,-0.2105174950624838,2.5982519995168443,2.681832333482919,2.4294094595884355,1.9865619645706378,0.003454079584599135,0.005925403636490405
4.677960739521905,-1.952577954938634,-0.7980528784482398,0.57653388123098,-0.01511573709683697,3.376252163367482,0.17307460029517638,-0.7226970530321404,-0.45462488359038583,-0.02018226610741189,-0.2350021268613886,0.10465273709468585,-1.7069109713803885,-0.060189807045210965,3.376252163367482,0.17307460029517638,-0.7226970530321404,-0.45462488359038583,-0.02018226610741189,-0.2350021268613886,2.1854910338538454,2.2690715268289354,2.8421702405946747,2.3990450601076927,0.0031347563741886872,0.005394444924662959
4.705478155636739,-1.965088057036549,-0.7986082422628578,0.5700672299182639,-0.01258761276383476,2.946100937764021,0.1422098404799959,-0.5738397460439251,-0.3617191479023915,-0.015419700312180932,-0.25488888239463814,0.09440268109277651,-1.691602166016178,-0.055242936656139656,2.946100937764021,0.1422098404799959,-0.5738397460439251,-0.3617191479023915,-0.015419700312180932,-0.25488888239463814,1.772730091299702,1.8563107573588165,3.2549310604661157,2.811717370683263,0.002820870653614062,0.004873156249568289
4.732995571751574,-1.9750416333460825,-0.7990325525727141,0.5630533464783652,-0.01028794159104236,2.513321211971402,0.114486252447045,-0.44647055326106055,-0.28065006248163377,-0.011506452956068705,-0.27067946946975924,0.08415089927053505,-1.64416463972758,-0.05029485087491866,2.513321211971402,0.114486252447045,-0.44647055326106055,-0.28065006248163377,-0.011506452956068705,-0.27067946946975924,1.359969189802769,1.4435500532678862,3.667691904414913,3.2244360364941356,0.002512263758850089,0.004360390621940153
4.760512987866409,-1.982764397898044,-0.799349180426712,0.555604946883223,-0.008218917339263427,2.087391570436526,0.08994285334722281,-0.34216969957613824,-0.21148995686157568,-0.008356087108055426,-0.2829651854668636,0.07389829279095603,-1.5645974920124797,-0.0453461874930631,2.087391570436526,0.08994285334722281,-0.34216969957613824,-0.21148995686157568,-0.008356087108055426,-0.2829651854668636,0.9472083635717967,1.03078946857087,4.0804527608133485,3.637172330953281,0.0022088610173849497,0.0038551320390779226
4.788030403981244,-1.9885840550451124,-0.7995791183527561,0.5478184761287199,-0.0063825503101441056,1.6780495128687305,0.06859085514699916,-0.26095570649952876,-0.15405033442327523,-0.005881092185944398,-0.29238081147198747,0.06364520361866524,-1.4529003833511493,-0.040397189493850724,1.6780495128687305,0.06859085514699916,-0.26095570649952876,-0.15405033442327523,-0.005881092185944398,-0.29238081147198747,0.5344476962009679,0.6180291355351155,4.493213619030436,4.049916894426674,0.0019106752417385286,0.0033564815053337992
4.815547820096079,-1.9928231222000672,-0.7997409508136464,0.539772911675452,-0.0047817223330676875,1.2950979987161144,0.05041274086211071,-0.20142111140056207,-0.10787474771637046,-0.003993649083192114,-0.299561638235275,0.05339179083302222,-1.309073160776501,-0.03544797190003566,1.2950979987161144,0.05041274086211071,-0.20142111140056207,-0.10787474771637046,-0.003993649083192114,-0.299561638235275,0.12168751909141667,0.20526957887564026,4.90597446757614,4.462665813117307,0.0016178133738480077,0.002863648425068919
4.843065236210913,-1.9957915565212614,-0.7998508457172853,0.5315297494240904,-0.0034207876022648073,1.0165656442756614,0.03791214187358911,0.5342549687969085,-0.0722369971762093,-0.0026064207154001145,-0.305104226771996,0.04313813380977727,-1.1331157643708534,-0.030498598703418943,1.0165656442756614,0.03791214187358911,0.5342549687969085,-0.0722369971762093,-0.0026064207154001145,-0.305104226771996,0.10000091391816977,0.10000145696340454,5.318735291662399,4.875417132294317,0.00133048905243337,0.0023759474934274944
4.870582652325748,-1.9977793320314452,-0.7999225676806813,0.5231340694576103,-0.0023057364588517032,0.7486930707447988,0.027053604606926948,1.3846269648946676,-0.04426373733463078,-0.0015631765316599401,-0.290402910484193,0.034510845828309475,-0.9386227051597029,-0.02439912104372287,0.7486930707447988,0.027053604606926948,1.3846269648946676,-0.04426373733463078,-0.0015631765316599401,-0.290402910484193,0.10000080123645334,0.10000128579996019,5.731496068485025,5.288169669099234,0.0010490469783635396,0.0018928023517324542
4.898100068440582,-1.99899735571048,-0.7999655822597639,0.5151429317288577,-0.0013970094646116604,0.4931434836073743,0.01730469904365948,2.2250694709347885,-0.0236616385646527,-0.0008187312362849408,-0.2523015541273653,0.025883398628503605,-0.7280645814718124,-0.01829952920739571,0.4931434836073743,0.01730469904365948,2.2250694709347885,-0.0236616385646527,-0.0008187312362849408,-0.2523015541273653,0.10000071100430134,0.10000115063030625,6.144256755307576,5.700922457589281,0.0007740129452136045,0.0014137595014385594
4.925617484555418,-1.9996484628648223,-0.7999881116278789,0.5082002448775155,-0.0007042524802371666,0.2692160589251127,0.00919673682103167,3.057873917704235,-0.010091604121909365,-0.00034255063195859267,-0.19107339161123715,0.01725579859620965,-0.5014413912980269,-0.01219982808193552,0.2692160589251127,0.00919673682103167,3.057873917704235,-0.010091604121909365,-0.00034255063195859267,-0.19107339161123715,0.10000063706179452,0.10000104178588556,6.557017248478973,6.113674178651818,0.0005062012859650624,0.0009385208797494489
4.9531349006702525,-1.9999261577347112,-0.7999975377361589,0.5029423988520763,-0.0002362378273053083,0.09751910544480531,0.0032517659936624143,3.8858518599580063,-0.002683473803671153,-8.94801979556485e-05,-0.10692860259106939,0.00862802853183705,-0.25875316000912274,-0.006100005783385237,0.09751910544480531,0.0032517659936624143,3.8858518599580063,-0.002683473803671153,-8.94801979556485e-05,-0.10692860259106939,0.10000057530835067,0.10000095283739188,6.969777138251966,6.526420759714038,0.00024703931580584014,0.00046704448951797965
